Node	Site	State 	p_A	p_C	p_G	p_T
45	1	T	0.00037	0.00102	0.00009	0.99852
45	2	T	0.00096	0.00260	0.00024	0.99620
45	3	A	0.99668	0.00050	0.00152	0.00130
45	4	A	0.99994	0.00001	0.00003	0.00002
45	5	A	0.98504	0.01105	0.00088	0.00303
45	6	A	0.99977	0.00002	0.00012	0.00009
45	7	G	0.21156	0.16236	0.45473	0.17135
45	8	G	0.21156	0.16236	0.45473	0.17135
45	9	G	0.21156	0.16236	0.45473	0.17135
45	10	A	0.40500	0.18269	0.21156	0.20076
45	11	C	0.18269	0.41624	0.16236	0.23871
45	12	G	0.21156	0.16236	0.45473	0.17135
45	13	C	0.18269	0.41624	0.16236	0.23871
45	14	G	0.21156	0.16236	0.45473	0.17135
45	15	G	0.21156	0.16236	0.45473	0.17135
45	16	T	0.20076	0.23871	0.17135	0.38918
45	17	G	0.21156	0.16236	0.45473	0.17135
45	18	T	0.20076	0.23871	0.17135	0.38918
45	19	G	0.21156	0.16236	0.45473	0.17135
45	20	G	0.21156	0.16236	0.45473	0.17135
45	21	C	0.18269	0.41624	0.16236	0.23871
45	22	A	0.40500	0.18269	0.21156	0.20076
45	23	G	0.21156	0.16236	0.45473	0.17135
45	24	C	0.18269	0.41624	0.16236	0.23871
45	25	T	0.20076	0.23871	0.17135	0.38918
45	26	T	0.20076	0.23871	0.17135	0.38918
45	27	T	0.20076	0.23871	0.17135	0.38918
45	28	G	0.21156	0.16236	0.45473	0.17135
45	29	G	0.21156	0.16236	0.45473	0.17135
45	30	C	0.18269	0.41624	0.16236	0.23871
45	31	T	0.20076	0.23871	0.17135	0.38918
45	32	A	0.62975	0.09455	0.15851	0.11719
45	33	C	0.08436	0.67925	0.06286	0.17353
45	34	C	0.00133	0.98374	0.00055	0.01437
45	35	A	0.99789	0.00031	0.00096	0.00083
45	36	G	0.00773	0.00125	0.98910	0.00191
45	37	C	0.00289	0.97893	0.00130	0.01689
45	38	C	0.05450	0.59416	0.22116	0.13018
45	39	T	0.08534	0.14279	0.21281	0.55907
45	40	G	0.26473	0.11090	0.46697	0.15740
45	41	T	0.30068	0.07894	0.14895	0.47143
45	42	G	0.00191	0.00027	0.99739	0.00043
45	43	G	0.00105	0.00014	0.99858	0.00022
45	44	G	0.01759	0.00057	0.98082	0.00103
45	45	T	0.03256	0.03330	0.14940	0.78474
45	46	T	0.00013	0.00037	0.00003	0.99947
45	47	G	0.00249	0.00034	0.99664	0.00054
45	48	T	0.00167	0.00173	0.00623	0.99036
45	49	T	0.25029	0.06979	0.17069	0.50923
45	50	C	0.00017	0.98502	0.00004	0.01477
45	51	C	0.00001	0.99988	0.00000	0.00012
45	52	C	0.01448	0.97462	0.00065	0.01025
45	53	A	0.78176	0.05590	0.14307	0.01927
45	54	C	0.00335	0.99489	0.00009	0.00167
45	55	C	0.00004	0.99926	0.00001	0.00069
45	56	C	0.00001	0.99988	0.00000	0.00011
45	57	A	0.96520	0.00817	0.00898	0.01765
45	58	C	0.23718	0.44579	0.04501	0.27202
45	59	C	0.18266	0.53351	0.04037	0.24347
45	60	A	0.76160	0.03920	0.16714	0.03206
45	61	G	0.00745	0.01151	0.97704	0.00400
45	62	A	0.61599	0.00220	0.37601	0.00579
45	63	C	0.00001	0.99988	0.00000	0.00011
45	64	C	0.00002	0.99967	0.00000	0.00031
45	65	C	0.00002	0.99953	0.00001	0.00044
45	66	A	0.99993	0.00001	0.00004	0.00003
45	67	C	0.00056	0.97207	0.00013	0.02723
45	68	T	0.00892	0.01156	0.02509	0.95443
45	69	G	0.00433	0.00089	0.98501	0.00977
45	70	G	0.00016	0.00001	0.99981	0.00002
45	71	G	0.00003	0.00000	0.99996	0.00000
45	72	T	0.00373	0.19253	0.00078	0.80295
45	73	G	0.00003	0.00000	0.99996	0.00000
45	74	G	0.09281	0.04196	0.81484	0.05039
45	75	C	0.03391	0.85294	0.02165	0.09151
45	76	T	0.00023	0.00098	0.00003	0.99876
45	77	A	0.99472	0.00050	0.00127	0.00352
45	78	G	0.00006	0.00000	0.99993	0.00001
45	79	T	0.00025	0.00110	0.00004	0.99861
45	80	A	0.99915	0.00009	0.00043	0.00033
45	81	C	0.00111	0.98924	0.00574	0.00392
45	82	T	0.00023	0.00100	0.00003	0.99873
45	83	C	0.00001	0.99972	0.00000	0.00026
45	84	T	0.00004	0.00020	0.00001	0.99975
45	85	G	0.00009	0.00001	0.99989	0.00001
45	86	G	0.00083	0.00006	0.99900	0.00011
45	87	T	0.00002	0.00009	0.00000	0.99988
45	88	A	0.94648	0.00513	0.00544	0.04295
45	89	C	0.00559	0.57274	0.00142	0.42026
45	90	T	0.02576	0.29411	0.00709	0.67304
45	91	A	0.92022	0.01713	0.03284	0.02981
45	92	T	0.00258	0.37868	0.00050	0.61825
45	93	T	0.11740	0.16856	0.07763	0.63640
45	94	T	0.11740	0.16856	0.07763	0.63640
45	95	A	0.66376	0.09033	0.12851	0.11740
45	96	C	0.09033	0.67408	0.06702	0.16856
45	97	C	0.09033	0.67408	0.06702	0.16856
45	98	T	0.11740	0.16856	0.07763	0.63640
45	99	C	0.09033	0.67408	0.06702	0.16856
45	100	G	0.12851	0.06702	0.72684	0.07763
45	101	G	0.12851	0.06702	0.72684	0.07763
45	102	T	0.11740	0.16856	0.07763	0.63640
45	103	A	0.66376	0.09033	0.12851	0.11740
45	104	T	0.11740	0.16856	0.07763	0.63640
45	105	T	0.11740	0.16856	0.07763	0.63640
45	106	A	0.66376	0.09033	0.12851	0.11740
45	107	C	0.09033	0.67408	0.06702	0.16856
45	108	G	0.12851	0.06702	0.72684	0.07763
45	109	G	0.12851	0.06702	0.72684	0.07763
45	110	T	0.11740	0.16856	0.07763	0.63640
45	111	A	0.66376	0.09033	0.12851	0.11740
45	112	C	0.09033	0.67408	0.06702	0.16856
45	113	C	0.13866	0.56663	0.08819	0.20652
45	114	G	0.07580	0.03555	0.84668	0.04197
45	115	A	0.79126	0.05419	0.08176	0.07279
45	116	T	0.15865	0.19596	0.13575	0.50964
45	117	G	0.17009	0.11545	0.59744	0.11703
45	118	T	0.17035	0.18307	0.09345	0.55313
45	119	A	0.79126	0.05419	0.08176	0.07279
45	120	T	0.17035	0.18307	0.09345	0.55313
45	121	A	0.79126	0.05419	0.08176	0.07279
45	122	Y	0.10757	0.37692	0.06535	0.45015
45	123	G	0.00354	0.00050	0.99517	0.00079
45	124	G	0.00007	0.00000	0.99992	0.00001
45	125	T	0.04185	0.01141	0.00193	0.94481
45	126	A	0.99974	0.00003	0.00013	0.00010
45	127	C	0.00004	0.99932	0.00001	0.00063
45	128	C	0.00001	0.99982	0.00000	0.00017
45	129	T	0.00100	0.00544	0.00019	0.99337
45	130	T	0.00002	0.00008	0.00000	0.99990
45	131	T	0.20076	0.23871	0.17135	0.38918
45	132	C	0.18269	0.41624	0.16236	0.23871
45	133	C	0.18269	0.41624	0.16236	0.23871
45	134	C	0.18269	0.41624	0.16236	0.23871
45	135	T	0.20076	0.23871	0.17135	0.38918
45	136	G	0.21156	0.16236	0.45473	0.17135
45	137	T	0.20076	0.23871	0.17135	0.38918
45	138	A	0.40500	0.18269	0.21156	0.20076
45	139	G	0.21156	0.16236	0.45473	0.17135
45	140	G	0.21156	0.16236	0.45473	0.17135
45	141	C	0.18269	0.41624	0.16236	0.23871
45	142	T	0.00001	0.00003	0.00000	0.99996
45	143	G	0.00622	0.01083	0.97962	0.00334
45	144	T	0.00030	0.00128	0.00005	0.99838
45	145	A	0.99992	0.00001	0.00004	0.00003
45	146	C	0.00001	0.99978	0.00000	0.00020
45	147	G	0.00031	0.00002	0.99963	0.00004
45	148	C	0.00002	0.99967	0.00000	0.00031
45	149	C	0.00000	0.99992	0.00000	0.00007
45	150	T	0.00004	0.00019	0.00001	0.99976
45	151	G	0.10488	0.02575	0.85791	0.01145
45	152	T	0.00000	0.00002	0.00000	0.99998
45	153	T	0.05525	0.09363	0.03103	0.82009
45	154	T	0.00002	0.00008	0.00000	0.99990
45	155	T	0.00001	0.00003	0.00000	0.99997
45	156	T	0.00127	0.03489	0.00022	0.96362
45	157	A	0.76472	0.01487	0.13764	0.08277
45	158	C	0.00347	0.60660	0.00082	0.38911
45	159	T	0.24188	0.18434	0.01718	0.55660
45	160	T	0.00824	0.42709	0.00218	0.56249
45	161	C	0.00016	0.99608	0.00005	0.00371
45	162	M	0.31923	0.42413	0.07388	0.18275
45	163	M	0.31923	0.42413	0.07388	0.18275
45	164	Y	0.05777	0.42855	0.02773	0.48595
45	165	C	0.07836	0.71033	0.05661	0.15471
45	166	A	0.70131	0.07836	0.11520	0.10514
45	167	C	0.00001	0.99975	0.00000	0.00024
45	168	C	0.00001	0.99985	0.00000	0.00014
45	169	C	0.00408	0.95051	0.00138	0.04403
45	170	T	0.00039	0.21009	0.00006	0.78946
45	171	C	0.04743	0.59297	0.01913	0.34047
45	172	A	0.96656	0.00683	0.01426	0.01235
45	173	T	0.35084	0.07637	0.04102	0.53177
45	174	T	0.25185	0.11541	0.05053	0.58221
45	175	T	0.09329	0.18523	0.05053	0.67095
45	176	M	0.43204	0.44433	0.03066	0.09298
45	177	T	0.35752	0.07239	0.06321	0.50688
45	178	C	0.28724	0.51772	0.04858	0.14646
45	179	Y	0.01492	0.52809	0.00600	0.45099
45	180	T	0.04638	0.10403	0.02083	0.82875
45	181	W	0.47023	0.04281	0.02471	0.46225
45	182	C	0.22193	0.55064	0.05238	0.17505
45	183	G	0.01707	0.00428	0.97279	0.00586
45	184	A	0.69100	0.07613	0.12371	0.10915
45	185	T	0.00214	0.00574	0.00070	0.99142
45	186	T	0.02640	0.06800	0.01146	0.89413
45	187	G	0.12291	0.04388	0.77781	0.05539
45	188	C	0.00302	0.98167	0.00153	0.01377
45	189	T	0.05786	0.34769	0.02825	0.56620
45	190	C	0.20412	0.46553	0.09908	0.23127
45	191	C	0.03883	0.82519	0.02252	0.11346
45	192	A	0.49450	0.13516	0.11938	0.25097
45	193	C	0.22974	0.56120	0.04905	0.16001
45	194	C	0.01836	0.91124	0.01047	0.05993
45	195	T	0.02548	0.05336	0.01137	0.90979
45	196	G	0.02520	0.00617	0.96023	0.00839
45	197	T	0.29483	0.12131	0.06689	0.51697
45	198	G	0.02520	0.00617	0.96023	0.00839
45	199	A	0.62592	0.03107	0.29374	0.04927
45	200	G	0.15192	0.06505	0.70575	0.07728
45	201	G	0.15157	0.08316	0.66084	0.10443
45	202	A	0.83253	0.04087	0.06624	0.06036
45	203	G	0.15157	0.08316	0.66084	0.10443
45	204	T	0.05763	0.09254	0.03193	0.81791
45	205	A	0.66065	0.08786	0.11700	0.13450
45	206	G	0.20347	0.12691	0.52638	0.14323
45	207	T	0.17097	0.21737	0.11281	0.49886
45	208	C	0.06498	0.75286	0.04621	0.13595
45	209	C	0.06498	0.75286	0.04621	0.13595
45	210	G	0.10762	0.05245	0.77821	0.06172
45	211	A	0.74834	0.06425	0.09778	0.08963
45	212	C	0.06498	0.75286	0.04621	0.13595
45	213	T	0.08498	0.12915	0.05057	0.73530
45	214	C	0.12148	0.57390	0.09289	0.21173
45	215	C	0.06498	0.75286	0.04621	0.13595
45	216	G	0.10762	0.05245	0.77821	0.06172
45	217	C	0.06498	0.75286	0.04621	0.13595
45	218	T	0.14762	0.20713	0.10128	0.54397
45	219	C	0.06498	0.75286	0.04621	0.13595
45	220	C	0.06498	0.75286	0.04621	0.13595
45	221	D	0.34070	0.19499	0.24771	0.21660
45	222	G	0.22319	0.14676	0.46897	0.16109
45	223	Y	0.19378	0.29527	0.15226	0.35868
45	224	A	0.74834	0.06425	0.09778	0.08963
45	225	C	0.12584	0.56170	0.09690	0.21557
45	226	-	0.22804	0.28179	0.18941	0.30075
45	227	G	0.18336	0.10868	0.58587	0.12208
45	228	C	0.12914	0.55231	0.09992	0.21862
45	229	T	0.19726	0.25625	0.15231	0.39418
45	230	G	0.18520	0.11044	0.58050	0.12387
45	231	C	0.12883	0.55316	0.09958	0.21844
45	232	A	0.40013	0.17798	0.21913	0.20277
45	233	C	0.06498	0.75286	0.04621	0.13595
45	234	C	0.12883	0.55316	0.09958	0.21844
45	235	A	0.55571	0.12291	0.16792	0.15346
45	236	G	0.18336	0.10868	0.58587	0.12208
45	237	T	0.14762	0.20713	0.10128	0.54397
45	238	G	0.17803	0.10363	0.60147	0.11688
45	239	A	0.54607	0.12668	0.17065	0.15661
45	240	A	0.40387	0.17317	0.22405	0.19891
45	241	C	0.06498	0.75286	0.04621	0.13595
45	242	T	0.15310	0.21272	0.10683	0.52735
45	243	G	0.10762	0.05245	0.77821	0.06172
45	244	G	0.18336	0.10868	0.58587	0.12208
45	245	T	0.08498	0.12915	0.05057	0.73530
45	246	A	0.54218	0.12761	0.17239	0.15782
45	247	C	0.17474	0.42469	0.14199	0.25858
45	248	G	0.22682	0.15222	0.45489	0.16608
45	249	C	0.17252	0.43053	0.13984	0.25712
45	250	T	0.17106	0.22365	0.13083	0.47446
45	251	A	0.64141	0.09648	0.13746	0.12466
45	252	G	0.15192	0.06505	0.70575	0.07728
45	253	T	0.12672	0.18351	0.08485	0.60492
45	254	A	0.66501	0.07652	0.15350	0.10498
45	255	C	0.07401	0.69759	0.05125	0.17715
45	256	C	0.10515	0.61250	0.09480	0.18755
45	257	T	0.11821	0.17435	0.07703	0.63041
45	258	T	0.05763	0.09254	0.03193	0.81791
45	259	T	0.11853	0.17610	0.07756	0.62780
45	260	K	0.21659	0.20287	0.34841	0.23213
45	261	C	0.17931	0.41001	0.14884	0.26184
45	262	A	0.83253	0.04087	0.06624	0.06036
45	263	C	0.07401	0.69759	0.05125	0.17715
45	264	G	0.07364	0.03212	0.85546	0.03879
45	265	G	0.15157	0.08316	0.66084	0.10443
45	266	A	0.64034	0.09686	0.13779	0.12501
45	267	G	0.19859	0.11345	0.55997	0.12798
45	268	T	0.01639	0.04165	0.00635	0.93561
45	269	C	0.23248	0.40944	0.11502	0.24306
45	270	C	0.15739	0.39345	0.25424	0.19492
45	271	T	0.25361	0.22834	0.13158	0.38647
45	272	T	0.14978	0.26075	0.08883	0.50065
45	273	R	0.46570	0.07749	0.34983	0.10697
45	274	A	0.52509	0.04675	0.35657	0.07159
45	275	A	0.39479	0.20041	0.15476	0.25004
45	276	A	0.83559	0.03650	0.07205	0.05586
45	277	T	0.04551	0.09720	0.02156	0.83574
45	278	C	0.03530	0.65837	0.01517	0.29116
45	279	C	0.00031	0.99731	0.00013	0.00225
45	280	C	0.00014	0.99872	0.00006	0.00108
45	281	C	0.00307	0.97543	0.00134	0.02016
45	282	C	0.14099	0.70664	0.02553	0.12685
45	283	C	0.02952	0.62283	0.00448	0.34318
45	284	C	0.00117	0.97700	0.00029	0.02154
45	285	C	0.03209	0.62022	0.00659	0.34109
45	286	T	0.15704	0.20182	0.02139	0.61975
45	287	T	0.06132	0.18647	0.00947	0.74273
45	288	G	0.00012	0.00001	0.99986	0.00001
45	289	T	0.28380	0.16247	0.00934	0.54439
45	290	A	0.99998	0.00000	0.00001	0.00001
45	291	A	0.99998	0.00000	0.00001	0.00001
45	292	C	0.00007	0.99876	0.00002	0.00115
45	293	-	0.20078	0.22361	0.27310	0.30252
45	294	T	0.00008	0.00037	0.00001	0.99953
45	295	A	0.59769	0.11242	0.15109	0.13881
45	296	T	0.13881	0.19031	0.09881	0.57208
45	297	C	0.11242	0.60962	0.08765	0.19031
45	298	T	0.00000	0.00001	0.00000	0.99998
45	299	A	0.99998	0.00000	0.00001	0.00001
45	300	G	0.00018	0.00001	0.99979	0.00002
45	301	A	0.99999	0.00000	0.00000	0.00000
45	302	A	0.99969	0.00003	0.00016	0.00012
45	303	G	0.00013	0.00001	0.99985	0.00001
45	304	Y	0.12938	0.48520	0.02178	0.36364
45	305	T	0.04229	0.08219	0.02096	0.85455
45	306	A	0.78185	0.04336	0.04577	0.12902
45	307	A	0.97184	0.00514	0.01276	0.01026
45	308	T	0.01415	0.03604	0.00489	0.94492
45	309	A	0.99046	0.00155	0.00431	0.00368
45	310	A	0.87448	0.02314	0.04381	0.05857
45	311	T	0.00574	0.02960	0.00133	0.96333
45	312	R	0.49347	0.02916	0.39994	0.07743
45	313	A	0.67703	0.05186	0.14129	0.12982
45	314	A	0.99896	0.00012	0.00052	0.00040
45	315	C	0.00002	0.99964	0.00001	0.00034
45	316	A	0.99871	0.00019	0.00059	0.00051
45	317	Y	0.20811	0.42084	0.03911	0.33194
45	318	A	0.87069	0.03039	0.05152	0.04740
45	319	A	0.54234	0.09027	0.03245	0.33493
45	320	A	0.88183	0.02676	0.04701	0.04439
45	321	C	0.05002	0.86123	0.00899	0.07976
45	322	A	0.68493	0.08352	0.12104	0.11050
45	323	H	0.26472	0.36682	0.03797	0.33048
45	324	G	0.00010	0.00001	0.99988	0.00001
45	325	T	0.03954	0.37088	0.00513	0.58445
45	326	A	0.56506	0.03700	0.01501	0.38292
45	327	C	0.00000	0.99993	0.00000	0.00007
45	328	A	0.99981	0.00002	0.00009	0.00007
45	329	A	0.98707	0.00366	0.00400	0.00527
45	330	T	0.00005	0.00022	0.00001	0.99972
45	331	A	0.99986	0.00001	0.00007	0.00005
45	332	G	0.00001	0.00000	0.99999	0.00000
45	333	C	0.05765	0.66926	0.05493	0.21816
45	334	A	0.64546	0.01264	0.31811	0.02379
45	335	G	0.35683	0.03199	0.56051	0.05067
45	336	G	0.01642	0.00332	0.97541	0.00485
45	337	C	0.01835	0.92993	0.00572	0.04600
45	338	G	0.15663	0.00927	0.81485	0.01925
45	339	G	0.13518	0.20123	0.46382	0.19977
45	340	G	0.13025	0.04718	0.68068	0.14189
45	341	G	0.00034	0.00002	0.99960	0.00004
45	342	C	0.08551	0.76304	0.03077	0.12069
45	343	G	0.20013	0.00771	0.77659	0.01557
45	344	C	0.00210	0.97322	0.00070	0.02397
45	345	C	0.24802	0.50737	0.02205	0.22256
45	346	A	0.88323	0.03589	0.03824	0.04264
45	347	C	0.00164	0.95179	0.00039	0.04618
45	348	A	0.99998	0.00000	0.00001	0.00001
45	349	T	0.17748	0.23216	0.03526	0.55510
45	350	C	0.00015	0.99864	0.00006	0.00115
45	351	C	0.00015	0.99864	0.00006	0.00115
45	352	A	0.99528	0.00070	0.00217	0.00185
45	353	G	0.16845	0.00825	0.80860	0.01470
45	354	T	0.02680	0.08605	0.00940	0.87776
45	355	A	0.44845	0.11435	0.22169	0.21550
45	356	G	0.02587	0.00408	0.96495	0.00511
45	357	T	0.02479	0.38023	0.00772	0.58726
45	358	G	0.00981	0.00065	0.98839	0.00115
45	359	T	0.00028	0.00277	0.00004	0.99691
45	360	C	0.05000	0.71350	0.00948	0.22702
45	361	A	0.72723	0.04804	0.09249	0.13225
45	362	A	0.99697	0.00035	0.00163	0.00106
45	363	T	0.02442	0.30847	0.00668	0.66043
45	364	G	0.00009	0.00001	0.99989	0.00001
45	365	W	0.44903	0.04569	0.02814	0.47715
45	366	A	0.65653	0.00501	0.31369	0.02476
45	367	C	0.00002	0.99953	0.00001	0.00044
45	368	A	0.99983	0.00002	0.00009	0.00007
45	369	A	0.99952	0.00005	0.00024	0.00019
45	370	G	0.00022	0.00001	0.99975	0.00003
45	371	C	0.00008	0.99861	0.00002	0.00128
45	372	A	0.99959	0.00004	0.00021	0.00016
45	373	C	0.00001	0.99980	0.00000	0.00019
45	374	T	0.00003	0.00016	0.00000	0.99981
45	375	T	0.00002	0.00007	0.00000	0.99991
45	376	C	0.00000	0.99993	0.00000	0.00007
45	377	T	0.00002	0.00007	0.00000	0.99991
45	378	G	0.00004	0.00000	0.99995	0.00000
45	379	T	0.00005	0.00024	0.00001	0.99970
45	380	C	0.07403	0.69218	0.05054	0.18325
45	381	T	0.00020	0.00088	0.00003	0.99889
45	382	T	0.00010	0.00064	0.00001	0.99924
45	383	C	0.00003	0.99946	0.00001	0.00050
45	384	C	0.00002	0.99967	0.00000	0.00031
45	385	C	0.00001	0.99978	0.00000	0.00020
45	386	C	0.00335	0.99489	0.00009	0.00167
45	387	G	0.00007	0.00000	0.99992	0.00001
45	388	G	0.00009	0.00001	0.99989	0.00001
45	389	A	0.93209	0.00506	0.00532	0.05752
45	390	M	0.34439	0.36840	0.19825	0.08897
45	391	C	0.03301	0.58249	0.01019	0.37431
45	392	G	0.00950	0.00062	0.98863	0.00125
45	393	A	0.99380	0.00098	0.00270	0.00252
45	394	G	0.00357	0.00054	0.99506	0.00083
45	395	G	0.08266	0.04117	0.64040	0.23577
45	396	G	0.10299	0.03303	0.73088	0.13311
45	397	A	0.77789	0.04360	0.05327	0.12524
45	398	Y	0.08146	0.40810	0.03653	0.47391
45	399	G	0.18373	0.01144	0.77617	0.02866
45	400	D	0.30612	0.06470	0.35401	0.27517
45	401	Y	0.16357	0.35873	0.03799	0.43971
45	402	C	0.04369	0.68690	0.05720	0.21220
45	403	G	0.14226	0.25097	0.45589	0.15088
45	404	R	0.52362	0.01008	0.44758	0.01873
45	405	T	0.00005	0.00023	0.00001	0.99970
45	406	A	0.99958	0.00004	0.00021	0.00017
45	407	G	0.03676	0.00682	0.94843	0.00798
45	408	G	0.00870	0.00048	0.98995	0.00087
45	409	C	0.00001	0.99978	0.00000	0.00021
45	410	T	0.00005	0.00022	0.00001	0.99972
45	411	G	0.00079	0.00007	0.99903	0.00012
45	412	T	0.00212	0.01187	0.00046	0.98554
45	413	A	0.96035	0.00376	0.02545	0.01044
45	414	C	0.00052	0.99367	0.00017	0.00564
45	415	C	0.01438	0.93420	0.00303	0.04839
45	416	C	0.00097	0.99548	0.00010	0.00344
45	417	A	0.99653	0.00041	0.00188	0.00118
45	418	C	0.00132	0.98573	0.00045	0.01251
45	419	G	0.00708	0.00155	0.98309	0.00828
45	420	G	0.00006	0.00000	0.99993	0.00001
45	421	C	0.00112	0.97970	0.00036	0.01882
45	422	T	0.05710	0.19976	0.03249	0.71066
45	423	G	0.02810	0.00085	0.96935	0.00170
45	424	A	0.99993	0.00001	0.00003	0.00003
45	425	A	0.99913	0.00010	0.00044	0.00034
45	426	A	0.95364	0.00173	0.04053	0.00410
45	427	G	0.05040	0.00685	0.92753	0.01522
45	428	H	0.23603	0.34338	0.14190	0.27869
45	429	G	0.07848	0.00857	0.89847	0.01447
45	430	A	0.90346	0.02213	0.03884	0.03556
45	431	A	0.87145	0.04307	0.03310	0.05238
45	432	T	0.18444	0.20158	0.00818	0.60580
45	433	C	0.10110	0.66359	0.02575	0.20956
45	434	C	0.12973	0.46110	0.17167	0.23749
45	435	G	0.17098	0.01204	0.78063	0.03635
45	436	A	0.86157	0.05259	0.01233	0.07351
45	437	C	0.00029	0.99541	0.00009	0.00421
45	438	C	0.00001	0.99988	0.00000	0.00011
45	439	G	0.00026	0.00002	0.99969	0.00003
45	440	T	0.00001	0.00003	0.00000	0.99997
45	441	T	0.00019	0.00081	0.00003	0.99897
45	442	A	0.99998	0.00000	0.00001	0.00001
45	443	Y	0.07726	0.45317	0.01226	0.45730
45	444	C	0.00000	0.99996	0.00000	0.00004
45	445	A	0.41837	0.17753	0.20761	0.19648
45	446	C	0.17753	0.42991	0.15649	0.23606
45	447	A	0.41837	0.17753	0.20761	0.19648
45	448	C	0.00001	0.99988	0.00000	0.00012
45	449	G	0.00034	0.00002	0.99959	0.00004
45	450	C	0.00008	0.99888	0.00011	0.00093
45	451	C	0.00020	0.99618	0.00006	0.00356
45	452	T	0.07839	0.37440	0.01308	0.53414
45	453	A	0.87761	0.02039	0.02251	0.07949
45	454	C	0.09087	0.57911	0.12910	0.20092
45	455	H	0.21955	0.27073	0.17859	0.33113
45	456	C	0.00859	0.94292	0.02069	0.02780
45	457	T	0.03199	0.01568	0.00252	0.94981
45	458	A	0.99978	0.00002	0.00011	0.00009
45	459	C	0.00001	0.99988	0.00000	0.00012
45	460	T	0.00003	0.00016	0.00000	0.99981
45	461	T	0.30034	0.06807	0.17123	0.46036
45	462	C	0.00005	0.99909	0.00001	0.00085
45	463	G	0.00018	0.00001	0.99979	0.00002
45	464	A	0.91456	0.01417	0.02133	0.04993
45	465	G	0.04829	0.00270	0.94409	0.00492
45	466	A	0.99940	0.00006	0.00030	0.00023
45	467	A	0.99652	0.00272	0.00017	0.00060
45	468	G	0.22818	0.02672	0.62758	0.11752
45	469	G	0.01703	0.15295	0.81711	0.01291
45	470	T	0.00032	0.15603	0.00005	0.84360
45	471	T	0.00018	0.00079	0.00003	0.99901
45	472	A	0.99991	0.00001	0.00004	0.00004
45	473	G	0.00083	0.00007	0.99898	0.00012
45	474	T	0.00004	0.00016	0.00000	0.99980
45	475	A	0.99997	0.00000	0.00002	0.00001
45	476	A	0.50940	0.26648	0.04101	0.18310
45	477	C	0.00002	0.99957	0.00001	0.00040
45	478	A	0.75725	0.02294	0.01575	0.20405
45	479	C	0.04634	0.60763	0.00947	0.33656
45	480	C	0.01666	0.90118	0.00395	0.07821
45	481	T	0.04317	0.14991	0.00503	0.80189
45	482	T	0.00096	0.00402	0.00018	0.99484
45	483	G	0.06706	0.04509	0.85136	0.03649
45	484	G	0.03802	0.00899	0.93162	0.02137
45	485	A	0.99268	0.00029	0.00031	0.00672
45	486	W	0.34600	0.20281	0.04858	0.40261
45	487	T	0.23961	0.10646	0.13726	0.51667
45	488	T	0.07763	0.24937	0.08312	0.58988
45	489	T	0.17722	0.23282	0.09294	0.49703
45	490	T	0.21101	0.11295	0.04787	0.62817
45	491	C	0.02103	0.67031	0.00637	0.30229
45	492	W	0.30988	0.11184	0.21471	0.36357
45	493	A	0.74103	0.01053	0.22269	0.02575
45	494	G	0.16727	0.01911	0.75078	0.06283
45	495	G	0.03397	0.00129	0.96226	0.00248
45	496	T	0.06172	0.09824	0.03652	0.80351
45	497	R	0.36835	0.08517	0.37452	0.17196
45	498	C	0.04387	0.70228	0.00967	0.24418
45	499	G	0.00004	0.00000	0.99996	0.00000
45	500	T	0.00001	0.00003	0.00000	0.99996
45	501	T	0.00003	0.00013	0.00000	0.99984
45	502	G	0.26544	0.00615	0.71507	0.01334
45	503	C	0.00001	0.99981	0.00000	0.00017
45	504	G	0.00009	0.00001	0.99990	0.00001
45	505	C	0.01263	0.97102	0.00103	0.01532
45	506	T	0.00017	0.00075	0.00002	0.99906
45	507	C	0.00001	0.99979	0.00000	0.00020
45	508	A	0.98952	0.00148	0.00516	0.00384
45	509	G	0.00170	0.00015	0.99789	0.00026
45	510	C	0.00114	0.99021	0.00434	0.00430
45	511	A	0.52421	0.20317	0.00866	0.26396
45	512	C	0.03184	0.76971	0.13732	0.06114
45	513	T	0.18148	0.09607	0.26332	0.45912
45	514	W	0.34137	0.17778	0.03574	0.44511
45	515	T	0.07804	0.09387	0.02338	0.80471
45	516	A	0.73705	0.02794	0.14234	0.09268
45	517	C	0.10167	0.66255	0.00349	0.23229
45	518	C	0.01140	0.73064	0.05716	0.20080
45	519	C	0.00007	0.99882	0.00002	0.00109
45	520	C	0.02208	0.83924	0.00991	0.12876
45	521	S	0.13061	0.36851	0.34926	0.15161
45	522	A	0.62723	0.01993	0.31797	0.03487
45	523	V	0.25225	0.31270	0.30180	0.13325
45	524	T	0.31638	0.18510	0.03402	0.46449
45	525	G	0.07815	0.07898	0.71983	0.12304
45	526	K	0.08045	0.13709	0.40621	0.37624
45	527	G	0.03644	0.00373	0.95736	0.00246
45	528	T	0.00066	0.15172	0.00011	0.84751
45	529	A	0.99051	0.00046	0.00049	0.00854
45	530	G	0.01179	0.00012	0.98780	0.00029
45	531	Y	0.07054	0.49840	0.05696	0.37411
45	532	T	0.00015	0.00066	0.00002	0.99917
45	533	C	0.00157	0.90824	0.00040	0.08979
45	534	T	0.14275	0.13811	0.12919	0.58995
45	535	G	0.00024	0.00001	0.99971	0.00003
45	536	G	0.00045	0.00003	0.99947	0.00006
45	537	T	0.02201	0.27405	0.00598	0.69796
45	538	C	0.01683	0.63737	0.00485	0.34095
45	539	G	0.00016	0.00001	0.99982	0.00002
45	540	A	0.99996	0.00000	0.00002	0.00002
45	541	T	0.00000	0.00002	0.00000	0.99998
45	542	G	0.00012	0.00001	0.99986	0.00001
45	543	A	0.99220	0.00038	0.00622	0.00120
45	544	G	0.00040	0.00000	0.99959	0.00001
45	545	T	0.20076	0.23871	0.17135	0.38918
45	546	G	0.03675	0.03392	0.75553	0.17379
45	547	C	0.00000	0.99996	0.00000	0.00004
45	548	T	0.00010	0.00041	0.00001	0.99948
45	549	S	0.15785	0.41481	0.34581	0.08153
45	550	G	0.00036	0.00003	0.99957	0.00005
45	551	G	0.03104	0.00608	0.93834	0.02453
45	552	C	0.02607	0.91851	0.00466	0.05076
45	553	A	0.96418	0.00540	0.01294	0.01748
45	554	T	0.02454	0.21852	0.00642	0.75052
45	555	H	0.23905	0.35865	0.15920	0.24309
45	556	T	0.00903	0.04017	0.00200	0.94879
45	557	C	0.00000	0.99993	0.00000	0.00007
45	558	C	0.00000	0.99997	0.00000	0.00003
45	559	C	0.00008	0.99866	0.00002	0.00124
45	560	C	0.00000	0.99997	0.00000	0.00003
45	561	A	0.99978	0.00002	0.00011	0.00009
45	562	C	0.00013	0.99796	0.00004	0.00187
45	563	G	0.14567	0.04923	0.57672	0.22837
45	564	G	0.00017	0.00001	0.99980	0.00002
45	565	G	0.00001	0.00000	0.99999	0.00000
45	566	C	0.00116	0.95776	0.00030	0.04077
45	567	G	0.00005	0.00000	0.99994	0.00001
45	568	A	0.99998	0.00000	0.00001	0.00001
45	569	C	0.00003	0.99946	0.00001	0.00050
45	570	C	0.22303	0.58128	0.02090	0.17479
45	571	G	0.00160	0.00014	0.99801	0.00025
45	572	T	0.00100	0.00405	0.00020	0.99474
45	573	G	0.00002	0.00000	0.99998	0.00000
45	574	T	0.10151	0.15456	0.04948	0.69445
45	575	G	0.02025	0.00486	0.95981	0.01508
45	576	C	0.03189	0.91486	0.00320	0.05005
45	577	C	0.00005	0.99917	0.00002	0.00076
45	578	Y	0.02093	0.44905	0.01918	0.51085
45	579	A	0.95730	0.00345	0.00352	0.03573
45	580	G	0.00002	0.00000	0.99998	0.00000
45	581	G	0.20761	0.15649	0.47008	0.16581
45	582	G	0.20761	0.15649	0.47008	0.16581
45	583	G	0.20761	0.15649	0.47008	0.16581
45	584	C	0.17753	0.42991	0.15649	0.23606
45	585	C	0.17753	0.42991	0.15649	0.23606
45	586	A	0.41837	0.17753	0.20761	0.19648
45	587	A	0.41837	0.17753	0.20761	0.19648
45	588	A	0.41837	0.17753	0.20761	0.19648
45	589	A	0.41837	0.17753	0.20761	0.19648
45	590	C	0.01640	0.76362	0.18371	0.03627
45	591	C	0.00005	0.99721	0.00001	0.00273
45	592	T	0.00065	0.00932	0.00010	0.98993
45	593	G	0.00007	0.00000	0.99992	0.00001
45	594	C	0.00001	0.99988	0.00000	0.00012
45	595	G	0.00002	0.00000	0.99998	0.00000
45	596	T	0.01048	0.02816	0.00318	0.95817
45	597	T	0.00012	0.00053	0.00002	0.99933
45	598	G	0.00077	0.00006	0.99907	0.00010
45	599	G	0.00031	0.00002	0.99963	0.00004
45	600	C	0.00005	0.99914	0.00001	0.00080
45	601	G	0.00431	0.00043	0.99453	0.00073
45	602	G	0.00041	0.00003	0.99951	0.00005
45	603	C	0.00004	0.99926	0.00001	0.00068
45	604	C	0.00000	0.99996	0.00000	0.00004
45	605	W	0.34111	0.19382	0.06945	0.39562
45	606	G	0.04500	0.01496	0.92074	0.01930
45	607	C	0.02189	0.89953	0.01319	0.06539
45	608	C	0.02954	0.84596	0.01730	0.10720
45	609	C	0.05931	0.63956	0.03268	0.26845
45	610	A	0.81699	0.03498	0.09279	0.05523
45	611	C	0.00664	0.96884	0.00407	0.02045
45	612	A	0.69996	0.03463	0.22404	0.04137
45	613	C	0.00290	0.97724	0.01014	0.00972
45	614	C	0.02482	0.86638	0.03776	0.07104
45	615	C	0.08171	0.60891	0.08190	0.22747
45	616	A	0.52023	0.19070	0.03495	0.25412
45	617	G	0.10282	0.05976	0.57340	0.26402
45	618	G	0.18729	0.08467	0.63070	0.09734
45	619	K	0.14444	0.13316	0.33229	0.39010
45	620	G	0.00200	0.00041	0.99359	0.00400
45	621	G	0.04517	0.00162	0.95007	0.00314
45	622	G	0.08187	0.06181	0.77270	0.08362
45	623	C	0.05597	0.50272	0.21209	0.22922
45	624	A	0.90687	0.03952	0.01716	0.03646
45	625	A	0.92713	0.01229	0.03643	0.02415
45	626	C	0.11600	0.70770	0.05600	0.12031
45	627	C	0.05645	0.75783	0.02896	0.15676
45	628	C	0.00760	0.94531	0.00364	0.04345
45	629	C	0.02484	0.84458	0.01203	0.11854
45	630	A	0.38299	0.22549	0.22157	0.16995
45	631	T	0.03338	0.00757	0.00124	0.95782
45	632	G	0.23879	0.03910	0.61802	0.10409
45	633	G	0.02179	0.02126	0.94527	0.01168
45	634	G	0.00717	0.01133	0.97765	0.00385
45	635	A	0.99750	0.00030	0.00125	0.00095
45	636	C	0.00062	0.99269	0.00021	0.00648
45	637	G	0.00002	0.00000	0.99998	0.00000
45	638	C	0.00009	0.99847	0.00003	0.00142
45	639	C	0.00077	0.96279	0.00021	0.03623
45	640	Y	0.02367	0.49594	0.00488	0.47551
45	641	W	0.42693	0.04811	0.02016	0.50481
45	642	-	0.24590	0.22959	0.23478	0.28973
45	643	T	0.02965	0.03017	0.00344	0.93674
45	644	T	0.03263	0.03961	0.04042	0.88734
45	645	A	0.93845	0.00403	0.04814	0.00939
45	646	A	0.64258	0.08651	0.04153	0.22938
45	647	G	0.10963	0.01679	0.82626	0.04731
45	648	G	0.00366	0.00028	0.99557	0.00049
45	649	A	0.99991	0.00001	0.00005	0.00004
45	650	C	0.00004	0.99922	0.00001	0.00072
45	651	A	0.99812	0.00022	0.00094	0.00072
45	652	W	0.40909	0.06349	0.15468	0.37274
45	653	G	0.00148	0.00013	0.99817	0.00022
45	654	G	0.00151	0.00013	0.99812	0.00023
45	655	T	0.00016	0.00069	0.00002	0.99912
45	656	G	0.00003	0.00000	0.99996	0.00000
45	657	T	0.00845	0.02909	0.00477	0.95769
45	658	G	0.00070	0.00005	0.99916	0.00009
45	659	A	0.64028	0.06390	0.20642	0.08940
45	660	-	0.25309	0.24769	0.27618	0.22304
45	661	T	0.11738	0.17932	0.07758	0.62572
45	662	R	0.36257	0.18137	0.25419	0.20187
45	663	G	0.08913	0.03495	0.83339	0.04253
45	664	C	0.14543	0.48754	0.11419	0.25285
45	665	G	0.20761	0.15649	0.47008	0.16581
45	666	C	0.06604	0.75027	0.04761	0.13607
45	667	A	0.99988	0.00001	0.00006	0.00005
45	668	A	0.99998	0.00000	0.00001	0.00001
45	669	G	0.00011	0.00001	0.99987	0.00001
45	670	A	0.96412	0.00050	0.03381	0.00158
45	671	C	0.00778	0.84639	0.12562	0.02020
45	672	C	0.02130	0.71480	0.06155	0.20236
45	673	C	0.00000	0.99995	0.00000	0.00005
45	674	T	0.00572	0.00665	0.00989	0.97774
45	675	A	0.98067	0.01075	0.00220	0.00637
45	676	T	0.04699	0.04021	0.00575	0.90705
45	677	T	0.00004	0.00019	0.00001	0.99976
45	678	G	0.00005	0.00000	0.99995	0.00000
45	679	W	0.42052	0.22131	0.03445	0.32373
45	680	G	0.00001	0.00000	0.99999	0.00000
45	681	C	0.00000	0.99997	0.00000	0.00003
45	682	T	0.00001	0.00003	0.00000	0.99997
45	683	Y	0.17820	0.27182	0.16710	0.38288
45	684	C	0.10771	0.51396	0.07828	0.30004
45	685	A	0.95664	0.00152	0.03776	0.00408
45	686	G	0.08065	0.07340	0.79885	0.04710
45	687	T	0.13629	0.26775	0.08939	0.50657
45	688	T	0.05460	0.02055	0.00375	0.92111
45	689	G	0.08100	0.00363	0.90854	0.00683
45	690	G	0.01509	0.00314	0.96956	0.01220
45	691	G	0.02961	0.00952	0.82140	0.13947
45	692	A	0.98906	0.00129	0.00289	0.00676
45	693	G	0.00586	0.00060	0.99248	0.00106
45	694	T	0.00007	0.00030	0.00001	0.99962
45	695	C	0.00001	0.99978	0.00000	0.00020
45	696	C	0.00002	0.99954	0.00001	0.00042
45	697	T	0.00002	0.00008	0.00000	0.99990
45	698	C	0.00001	0.99988	0.00000	0.00011
45	699	C	0.00002	0.99953	0.00001	0.00044
45	700	G	0.00010	0.00001	0.99988	0.00001
45	701	G	0.00007	0.00000	0.99992	0.00001
45	702	C	0.00018	0.99740	0.00005	0.00237
45	703	C	0.00002	0.99971	0.00000	0.00027
45	704	T	0.05976	0.33076	0.02545	0.58403
45	705	C	0.00001	0.99978	0.00000	0.00020
45	706	C	0.00001	0.99973	0.00000	0.00026
45	707	T	0.00000	0.00002	0.00000	0.99998
45	708	G	0.00004	0.00000	0.99995	0.00000
45	709	A	0.99999	0.00000	0.00001	0.00000
45	710	A	0.99999	0.00000	0.00001	0.00000
45	711	T	0.00001	0.00005	0.00000	0.99993
45	712	G	0.00012	0.00001	0.99986	0.00001
45	713	C	0.00001	0.99972	0.00000	0.00026
45	714	G	0.00016	0.00001	0.99981	0.00002
45	715	G	0.00004	0.00000	0.99995	0.00000
45	716	T	0.19648	0.23606	0.16581	0.40164
45	717	C	0.17753	0.42991	0.15649	0.23606
45	718	C	0.00000	0.99990	0.00000	0.00009
45	719	T	0.00001	0.00006	0.00000	0.99993
45	720	A	0.99995	0.00000	0.00003	0.00002
45	721	A	0.99985	0.00001	0.00008	0.00006
45	722	C	0.00032	0.94375	0.00007	0.05586
45	723	C	0.00001	0.99987	0.00000	0.00012
45	724	C	0.00126	0.85213	0.00027	0.14633
45	725	T	0.02042	0.03640	0.03118	0.91200
45	726	A	0.99999	0.00000	0.00001	0.00001
45	727	A	0.99996	0.00000	0.00002	0.00002
45	728	C	0.00002	0.99955	0.00001	0.00042
45	729	C	0.00005	0.99881	0.00001	0.00112
45	730	C	0.00542	0.95185	0.00160	0.04112
45	731	C	0.00107	0.95997	0.00027	0.03870
45	732	A	0.58554	0.00538	0.39797	0.01111
45	733	G	0.00088	0.00007	0.99893	0.00012
45	734	A	0.99977	0.00002	0.00012	0.00009
45	735	G	0.00007	0.00000	0.99992	0.00001
45	736	C	0.00003	0.99946	0.00001	0.00050
45	737	M	0.39021	0.46297	0.02423	0.12259
45	738	T	0.02760	0.30411	0.00673	0.66156
45	739	A	0.77580	0.06163	0.04564	0.11693
45	740	T	0.06654	0.22953	0.00437	0.69955
45	741	G	0.04352	0.00468	0.93507	0.01673
45	742	G	0.01182	0.02646	0.95471	0.00701
45	743	T	0.03734	0.41390	0.00974	0.53903
45	744	C	0.08950	0.74175	0.07070	0.09805
45	745	G	0.16135	0.00389	0.82490	0.00986
45	746	C	0.00145	0.93730	0.00036	0.06089
45	747	A	0.97399	0.00053	0.02384	0.00164
45	748	A	0.99998	0.00000	0.00001	0.00001
45	749	T	0.29635	0.14843	0.02790	0.52732
45	750	C	0.00000	0.99996	0.00000	0.00004
45	751	C	0.00000	0.99996	0.00000	0.00004
45	752	A	0.97777	0.01438	0.00187	0.00597
45	753	G	0.00048	0.00003	0.99942	0.00006
45	754	C	0.00368	0.83384	0.00096	0.16151
45	755	G	0.06167	0.07294	0.78788	0.07752
45	756	A	0.53789	0.01560	0.41223	0.03429
45	757	C	0.05735	0.54628	0.16344	0.23293
45	758	T	0.04613	0.03224	0.00236	0.91927
45	759	A	0.88253	0.00276	0.10790	0.00681
45	760	G	0.01206	0.00277	0.97396	0.01120
45	761	T	0.11029	0.08468	0.04159	0.76344
45	762	G	0.35145	0.01494	0.60161	0.03200
45	763	G	0.07546	0.03922	0.59110	0.29422
45	764	G	0.00006	0.00000	0.99993	0.00001
45	765	T	0.00002	0.00008	0.00000	0.99990
45	766	C	0.00003	0.99950	0.00001	0.00046
45	767	G	0.00137	0.00002	0.99857	0.00005
45	768	T	0.00001	0.00003	0.00000	0.99997
45	769	A	0.99999	0.00000	0.00001	0.00000
45	770	A	0.99983	0.00002	0.00009	0.00007
45	771	T	0.00181	0.04392	0.00037	0.95390
45	772	G	0.00080	0.00006	0.99904	0.00010
45	773	A	0.63927	0.29452	0.01411	0.05210
45	774	G	0.00005	0.00000	0.99994	0.00001
45	775	Y	0.01693	0.45731	0.00471	0.52105
45	776	A	0.99996	0.00000	0.00002	0.00002
45	777	A	0.99996	0.00000	0.00002	0.00002
45	778	K	0.07245	0.05589	0.37479	0.49687
45	779	T	0.00003	0.00016	0.00000	0.99981
45	780	C	0.00085	0.95174	0.00020	0.04721
45	781	T	0.04624	0.18531	0.06937	0.69909
45	782	G	0.00007	0.00000	0.99992	0.00001
45	783	G	0.00360	0.00050	0.99483	0.00107
45	784	G	0.00126	0.00007	0.99854	0.00013
45	785	R	0.47080	0.08740	0.38119	0.06061
45	786	C	0.03153	0.89537	0.00175	0.07136
45	787	G	0.00004	0.00000	0.99995	0.00000
45	788	G	0.00001	0.00000	0.99999	0.00000
45	789	G	0.03213	0.00013	0.96741	0.00033
45	790	A	0.99996	0.00000	0.00002	0.00002
45	791	C	0.00000	0.99993	0.00000	0.00007
45	792	C	0.00006	0.99891	0.00002	0.00101
45	793	G	0.00015	0.00001	0.99982	0.00002
45	794	A	0.99999	0.00000	0.00001	0.00000
45	795	C	0.00000	0.99997	0.00000	0.00003
45	796	T	0.00001	0.00005	0.00000	0.99994
45	797	A	0.99998	0.00000	0.00001	0.00001
45	798	C	0.00000	0.99996	0.00000	0.00004
45	799	T	0.00001	0.00003	0.00000	0.99997
45	800	T	0.00000	0.00002	0.00000	0.99998
45	801	T	0.00001	0.00005	0.00000	0.99993
45	802	G	0.00018	0.00001	0.99979	0.00002
45	803	G	0.00004	0.00000	0.99995	0.00000
45	804	G	0.00119	0.00002	0.99875	0.00004
45	805	T	0.00150	0.00386	0.00103	0.99361
45	806	G	0.00325	0.00007	0.99653	0.00015
45	807	G	0.05396	0.04783	0.86096	0.03725
45	808	T	0.00003	0.00013	0.00000	0.99984
45	809	C	0.00004	0.99924	0.00001	0.00071
45	810	C	0.00002	0.99955	0.00001	0.00042
45	811	G	0.00001	0.00000	0.99999	0.00000
45	812	T	0.00003	0.00015	0.00000	0.99981
45	813	G	0.00007	0.00000	0.99992	0.00001
45	814	T	0.00000	0.00001	0.00000	0.99998
45	815	T	0.00002	0.00010	0.00000	0.99988
45	816	T	0.00000	0.00001	0.00000	0.99998
45	817	C	0.00001	0.99987	0.00000	0.00012
45	818	C	0.00170	0.84983	0.00040	0.14807
45	819	T	0.00228	0.01556	0.00005	0.98211
45	820	T	0.24074	0.03299	0.24977	0.47649
45	821	T	0.00004	0.00018	0.00001	0.99978
45	822	T	0.00691	0.01627	0.00385	0.97297
45	823	T	0.00505	0.00710	0.00055	0.98731
45	824	T	0.00041	0.00172	0.00006	0.99781
45	825	T	0.00022	0.00079	0.00003	0.99896
45	826	C	0.00227	0.96906	0.00074	0.02792
45	827	T	0.00965	0.19311	0.00248	0.79476
45	828	T	0.00159	0.00436	0.00040	0.99366
45	829	A	0.71365	0.08342	0.02489	0.17803
45	830	T	0.15467	0.01602	0.00371	0.82559
45	831	A	0.55489	0.07331	0.06714	0.30465
45	832	T	0.07621	0.36742	0.02124	0.53513
45	833	G	0.15761	0.10611	0.47795	0.25832
45	834	A	0.49006	0.10728	0.07937	0.32328
45	835	T	0.00032	0.00128	0.00005	0.99834
45	836	G	0.05054	0.00166	0.94459	0.00321
45	837	G	0.04128	0.03272	0.87802	0.04798
45	838	C	0.02468	0.83364	0.00491	0.13676
45	839	T	0.05941	0.01554	0.02752	0.89753
45	840	G	0.07974	0.03004	0.80432	0.08590
45	841	C	0.00008	0.99868	0.00002	0.00122
45	842	T	0.00002	0.00010	0.00000	0.99988
45	843	T	0.00001	0.00003	0.00000	0.99996
45	844	A	0.99998	0.00000	0.00001	0.00001
45	845	T	0.00006	0.00025	0.00001	0.99969
45	846	G	0.00007	0.00000	0.99992	0.00001
45	847	G	0.00010	0.00001	0.99988	0.00001
45	848	T	0.00002	0.00010	0.00000	0.99988
45	849	G	0.00635	0.00739	0.98315	0.00311
45	850	A	0.99996	0.00000	0.00002	0.00002
45	851	C	0.00000	0.99997	0.00000	0.00003
45	852	A	0.99995	0.00000	0.00003	0.00002
45	853	A	0.99097	0.00008	0.00866	0.00029
45	854	T	0.00983	0.23101	0.00305	0.75610
45	855	T	0.01870	0.34377	0.00659	0.63094
45	856	G	0.17786	0.10344	0.60200	0.11669
45	857	Y	0.19901	0.34405	0.16288	0.29407
45	858	T	0.14696	0.20640	0.10075	0.54590
45	859	G	0.10762	0.05245	0.77821	0.06172
45	860	A	0.55791	0.12228	0.16692	0.15289
45	861	G	0.18336	0.10868	0.58587	0.12208
45	862	A	0.74834	0.06425	0.09778	0.08963
45	863	T	0.14537	0.20522	0.09909	0.55031
45	864	T	0.08498	0.12915	0.05057	0.73530
45	865	T	0.14762	0.20713	0.10128	0.54397
45	866	G	0.18336	0.10868	0.58587	0.12208
45	867	Y	0.19222	0.26741	0.14810	0.39227
45	868	G	0.10762	0.05245	0.77821	0.06172
45	869	A	0.55240	0.12414	0.16890	0.15456
45	870	W	0.35787	0.19731	0.21170	0.23312
45	871	H	0.21333	0.28029	0.17225	0.33413
45	872	T	0.08498	0.12915	0.05057	0.73530
45	873	-	0.25139	0.25098	0.19017	0.30746
45	874	G	0.07468	0.02838	0.86146	0.03547
45	875	T	0.21773	0.13038	0.05279	0.59910
45	876	A	0.44030	0.12679	0.28285	0.15006
45	877	A	0.85750	0.03205	0.05846	0.05199
45	878	G	0.25656	0.11944	0.47494	0.14906
45	879	G	0.31677	0.07149	0.51442	0.09732
45	880	T	0.01651	0.02775	0.00783	0.94791
45	881	T	0.01670	0.02805	0.00792	0.94732
45	882	G	0.10587	0.04084	0.80243	0.05086
45	883	T	0.02828	0.05075	0.01362	0.90735
45	884	T	0.05093	0.09624	0.02557	0.82727
45	885	A	0.76878	0.05424	0.09384	0.08314
45	886	Y	0.05265	0.42099	0.02929	0.49707
45	887	C	0.00152	0.98719	0.00065	0.01064
45	888	A	0.99374	0.00097	0.00293	0.00237
45	889	T	0.00341	0.00923	0.00089	0.98646
45	890	A	0.99999	0.00000	0.00001	0.00001
45	891	T	0.00155	0.00584	0.00030	0.99231
45	892	A	0.99973	0.00003	0.00014	0.00011
45	893	G	0.28408	0.01436	0.60948	0.09208
45	894	C	0.21705	0.36882	0.18401	0.23012
45	895	T	0.01686	0.13516	0.06471	0.78326
45	896	A	0.93223	0.01960	0.02024	0.02792
45	897	C	0.13554	0.68427	0.02050	0.15969
45	898	T	0.04021	0.04683	0.00321	0.90975
45	899	T	0.00002	0.00011	0.00000	0.99986
45	900	G	0.10946	0.05248	0.77594	0.06211
45	901	A	0.71719	0.07343	0.10946	0.09991
45	902	G	0.03682	0.00155	0.95869	0.00294
45	903	G	0.04332	0.01590	0.84668	0.09411
45	904	A	0.99512	0.00060	0.00254	0.00174
45	905	T	0.00385	0.06048	0.00082	0.93484
45	906	T	0.00004	0.00017	0.00000	0.99979
45	907	G	0.00228	0.00019	0.99719	0.00034
45	908	G	0.08783	0.01317	0.86450	0.03449
45	909	C	0.00479	0.93714	0.00190	0.05617
45	910	C	0.00130	0.96671	0.00047	0.03152
45	911	A	0.93621	0.00539	0.04674	0.01165
45	912	T	0.08516	0.12309	0.06076	0.73099
45	913	C	0.00239	0.95351	0.00088	0.04321
45	914	C	0.00915	0.90706	0.00381	0.07999
45	915	G	0.00314	0.00045	0.99571	0.00070
45	916	G	0.00644	0.00109	0.99082	0.00165
45	917	T	0.02590	0.04308	0.00677	0.92425
45	918	G	0.00667	0.00116	0.99043	0.00174
45	919	A	0.57463	0.07587	0.04983	0.29966
45	920	W	0.38501	0.15007	0.09059	0.37433
45	921	W	0.40790	0.14116	0.09877	0.35217
45	922	D	0.29330	0.13518	0.27434	0.29718
45	923	A	0.41598	0.20245	0.09902	0.28255
45	924	T	0.11581	0.27341	0.07735	0.53343
45	925	A	0.55690	0.09509	0.08595	0.26206
45	926	G	0.11880	0.06270	0.68688	0.13163
45	927	A	0.67997	0.06718	0.15949	0.09335
45	928	C	0.13978	0.51717	0.22845	0.11460
45	929	A	0.65649	0.09497	0.09208	0.15646
45	930	T	0.01123	0.02820	0.00326	0.95731
45	931	A	0.83605	0.02599	0.03749	0.10047
45	932	T	0.00369	0.00975	0.00102	0.98553
45	933	T	0.00877	0.02428	0.00269	0.96426
45	934	G	0.29604	0.01503	0.66207	0.02685
45	935	Y	0.06901	0.48644	0.03691	0.40764
45	936	A	0.85433	0.02960	0.04209	0.07398
45	937	A	0.64385	0.08679	0.09260	0.17676
45	938	A	0.73999	0.05112	0.05352	0.15537
45	939	W	0.41129	0.14281	0.11179	0.33411
45	940	W	0.41129	0.14281	0.11179	0.33411
45	941	R	0.41530	0.07534	0.40922	0.10014
45	942	W	0.41129	0.14281	0.11179	0.33411
45	943	Y	0.09484	0.46663	0.05837	0.38017
45	944	C	0.03667	0.84842	0.02393	0.09097
45	945	R	0.41530	0.07534	0.40922	0.10014
45	946	K	0.17712	0.15188	0.33917	0.33184
45	947	Y	0.09789	0.41053	0.05934	0.43223
45	948	T	0.05363	0.09027	0.02898	0.82711
45	949	C	0.03667	0.84842	0.02393	0.09097
45	950	Y	0.09484	0.46663	0.05837	0.38017
45	951	Y	0.09789	0.41053	0.05934	0.43223
45	952	M	0.30827	0.37921	0.10816	0.20435
45	953	S	0.16218	0.28589	0.38538	0.16655
45	954	H	0.20018	0.31290	0.16410	0.32282
45	955	C	0.05942	0.75169	0.05712	0.13178
45	956	C	0.13776	0.59228	0.06341	0.20655
45	957	T	0.04937	0.10561	0.02498	0.82003
45	958	A	0.57884	0.10321	0.14851	0.16944
45	959	W	0.32310	0.21334	0.08896	0.37461
45	960	C	0.13132	0.44237	0.15811	0.26820
45	961	A	0.75919	0.04882	0.08894	0.10304
45	962	-	0.26046	0.20563	0.27357	0.26033
45	963	T	0.09987	0.20066	0.04934	0.65012
45	964	T	0.06789	0.09240	0.02895	0.81076
45	965	T	0.11777	0.14752	0.05170	0.68301
45	966	Y	0.10219	0.41124	0.06194	0.42463
45	967	A	0.61858	0.13166	0.09366	0.15610
45	968	Y	0.12365	0.35626	0.06481	0.45527
45	969	A	0.82269	0.04222	0.06978	0.06531
45	970	A	0.57924	0.10728	0.14312	0.17037
45	971	C	0.15770	0.55052	0.07796	0.21382
45	972	T	0.10208	0.21523	0.05386	0.62883
45	973	C	0.06313	0.70328	0.04043	0.19316
45	974	T	0.06808	0.15181	0.03584	0.74427
45	975	T	0.05586	0.08658	0.02756	0.83000
45	976	A	0.55263	0.11459	0.13325	0.19953
45	977	-	0.30996	0.21249	0.23989	0.23766
