18
Ophiostoma_mitovirus_4__                                                                                0.0000000 4.9754499 3.4549851 4.0249487 3.2644377 2.9452813 3.1510541 3.2779226 3.4430283 3.3808794 3.0956630 2.8418549 3.1353578 2.7881280 2.8109956 2.6628915 2.8126094 2.5919044 
Cryphonectria_parasitica_mitovirus_1-NB631__                                                            4.9754499 0.0000000 3.7046961 3.1994707 3.3976797 3.3245703 3.2163485 2.9356869 2.9393490 3.5224310 3.0611290 2.8042376 2.7385705 2.8997821 2.2181913 2.6436228 2.7840901 2.5256444 
Human_rhinovirus_C____3D___5667__7047__                                                                 3.4549851 3.7046961 0.0000000 1.3906787 1.2372831 1.1517130 1.5136053 1.3117937 1.3466691 1.2715877 1.4173672 1.2394864 1.3294683 1.1560248 1.1354503 1.2950350 1.2299717 1.1891615 
Enterovirus_SEV-gx____3D___5856__7287__                                                                 4.0249487 3.1994707 1.3906787 0.0000000 1.4335445 1.1088942 1.2487537 1.3563182 1.3389112 1.1155381 1.3193315 1.2268746 1.2938993 0.9786280 1.1516509 1.0714983 1.1023895 1.2394826 
Human_rhinovirus_89____RNA-directed_RNA_polymerase___5730__7110__                                       3.2644377 3.3976797 1.2372831 1.4335445 0.0000000 1.2705232 1.3208964 1.5079962 1.4335777 1.2139844 1.4542911 1.1746384 1.2709373 1.1762967 1.2345430 1.3558882 1.2153879 1.1162976 
Human_rhinovirus_14____3D___5785__7165__                                                                2.9452813 3.3245703 1.1517130 1.1088942 1.2705232 0.0000000 1.2957686 1.3879397 1.4171205 1.3081056 1.2566881 1.1989840 1.2782601 0.9935580 1.1109515 1.1116110 1.0718496 1.0007252 
Simian_enterovirus_A____3D___5867__7244__                                                               3.1510541 3.2163485 1.5136053 1.2487537 1.3208964 1.2957686 0.0000000 1.4797188 1.4791684 1.1033074 1.1247160 1.0879649 1.2249569 1.0082520 0.9919741 0.9622206 0.9539195 0.8988150 
Human_enterovirus_A____3D___5943__7329__                                                                3.2779226 2.9356869 1.3117937 1.3563182 1.5079962 1.3879397 1.4797188 0.0000000 0.1796031 1.2535444 1.2325264 1.1801364 1.2027675 1.0378813 0.8669459 1.0744987 0.9770480 1.0620226 
Human_enterovirus_strain_V13-0285__partial_genome__3D-pol___5922__7308__                                3.4430283 2.9393490 1.3466691 1.3389112 1.4335777 1.4171205 1.4791684 0.1796031 0.0000000 1.1990797 1.2479910 1.2927521 1.2724276 0.9938200 0.8605929 1.0515950 1.0202862 1.0518729 
Enterovirus_goat/JL14____3D___5903__7337__                                                              3.3808794 3.5224310 1.2715877 1.1155381 1.2139844 1.3081056 1.1033074 1.2535444 1.1990797 0.0000000 0.7822299 0.8181754 0.8880230 1.1054713 0.8903911 0.9656370 0.9143938 0.8946008 
Bovine_enterovirus____3D___5960__7343__                                                                 3.0956630 3.0611290 1.4173672 1.3193315 1.4542911 1.2566881 1.1247160 1.2325264 1.2479910 0.7822299 0.0000000 0.6224090 0.5535274 1.1039669 1.0358894 0.9404511 0.9377281 0.9375328 
Possum_enterovirus_W1____RNA-directed_RNA_polymerase___5933__7316__                                     2.8418549 2.8042376 1.2394864 1.2268746 1.1746384 1.1989840 1.0879649 1.1801364 1.2927521 0.8181754 0.6224090 0.0000000 0.2775804 0.9631442 0.9186178 0.9129016 0.8297550 0.8702261 
Enterovirus_F_strain_BEV-261_polyprotein_gene__complete_cds__RNA-directed_RNA-polymerase___5940__7323__ 3.1353578 2.7385705 1.3294683 1.2938993 1.2709373 1.2782601 1.2249569 1.2027675 1.2724276 0.8880230 0.5535274 0.2775804 0.0000000 0.9698720 0.8694163 0.9637385 0.8767472 0.8421168 
Human_enterovirus_D____3D-POL___5937__7308__                                                            2.7881280 2.8997821 1.1560248 0.9786280 1.1762967 0.9935580 1.0082520 1.0378813 0.9938200 1.1054713 1.1039669 0.9631442 0.9698720 0.0000000 0.6909381 0.7587493 0.6992769 0.7206327 
Poliovirus____RNA-directed_RNA_polymerase___5986__7369__                                                2.8109956 2.2181913 1.1354503 1.1516509 1.2345430 1.1109515 0.9919741 0.8669459 0.8605929 0.8903911 1.0358894 0.9186178 0.8694163 0.6909381 0.0000000 0.7457773 0.6456923 0.6554341 
Human_enterovirus_B____3D___5901__7287__                                                                2.6628915 2.6436228 1.2950350 1.0714983 1.3558882 1.1116110 0.9622206 1.0744987 1.0515950 0.9656370 0.9404511 0.9129016 0.9637385 0.7587493 0.7457773 0.0000000 0.6209420 0.5838239 
Enterovirus_J_strain_1631____3D___5856__7242__                                                          2.8126094 2.7840901 1.2299717 1.1023895 1.2153879 1.0718496 0.9539195 0.9770480 1.0202862 0.9143938 0.9377281 0.8297550 0.8767472 0.6992769 0.6456923 0.6209420 0.0000000 0.4464136 
Enterovirus_J_strain_N203____3D___5885__7271__                                                          2.5919044 2.5256444 1.1891615 1.2394826 1.1162976 1.0007252 0.8988150 1.0620226 1.0518729 0.8946008 0.9375328 0.8702261 0.8421168 0.7206327 0.6554341 0.5838239 0.4464136 0.0000000 
