Node	Site	State 	p_A	p_C	p_G	p_T
78	1	G	0.15024	0.07391	0.71172	0.06413
78	2	C	0.10733	0.62678	0.07391	0.19198
78	3	A	0.63243	0.10733	0.15024	0.11001
78	4	C	0.10733	0.62678	0.07391	0.19198
78	5	A	0.63243	0.10733	0.15024	0.11001
78	6	A	0.78482	0.06072	0.09207	0.06239
78	7	G	0.22362	0.12997	0.52499	0.12143
78	8	G	0.08580	0.03652	0.84661	0.03107
78	9	T	0.18100	0.25134	0.12895	0.43870
78	10	T	0.10831	0.25093	0.06227	0.57850
78	11	T	0.06265	0.12598	0.03436	0.77700
78	12	T	0.17482	0.23019	0.09003	0.50496
78	13	T	0.06265	0.12598	0.03436	0.77700
78	14	G	0.08580	0.03652	0.84661	0.03107
78	15	T	0.17482	0.23019	0.09003	0.50496
78	16	G	0.22362	0.12997	0.52499	0.12143
78	17	C	0.06141	0.77173	0.03999	0.12687
78	18	T	0.17482	0.23019	0.09003	0.50496
78	19	G	0.22362	0.12997	0.52499	0.12143
78	20	C	0.17109	0.49267	0.10346	0.23278
78	21	C	0.06141	0.77173	0.03999	0.12687
78	22	C	0.23761	0.42220	0.11195	0.22825
78	23	T	0.03131	0.07092	0.01555	0.88223
78	24	G	0.04524	0.01675	0.92464	0.01337
78	25	A	0.89306	0.02926	0.04737	0.03031
78	26	A	0.61546	0.11652	0.14142	0.12660
78	27	G	0.23943	0.12344	0.53089	0.10623
78	28	A	0.60859	0.12395	0.14611	0.12135
78	29	G	0.04524	0.01675	0.92464	0.01337
78	30	G	0.13861	0.05285	0.76289	0.04565
78	31	T	0.12030	0.19872	0.06459	0.61638
78	32	C	0.23761	0.42220	0.11195	0.22825
78	33	T	0.07582	0.18542	0.04129	0.69746
78	34	T	0.24464	0.22455	0.09747	0.43334
78	35	A	0.60859	0.12395	0.14611	0.12135
78	36	T	0.12164	0.19946	0.06525	0.61365
78	37	T	0.14924	0.25965	0.08211	0.50899
78	38	T	0.12164	0.19946	0.06525	0.61365
78	39	C	0.09231	0.52908	0.05775	0.32087
78	40	G	0.23636	0.16484	0.45566	0.14314
78	41	T	0.21357	0.25020	0.13521	0.40102
78	42	G	0.24726	0.12289	0.51698	0.11286
78	43	A	0.65925	0.08303	0.17403	0.08369
78	44	A	0.48830	0.14514	0.21634	0.15022
78	45	A	0.61546	0.11652	0.14142	0.12660
78	46	G	0.27697	0.07881	0.57401	0.07022
78	47	A	0.42344	0.17101	0.15581	0.24975
78	48	A	0.65925	0.08303	0.17403	0.08369
78	49	C	0.12003	0.60048	0.07533	0.20416
78	50	A	0.42344	0.17101	0.15581	0.24975
78	51	G	0.23662	0.15526	0.44463	0.16349
78	52	G	0.00040	0.00001	0.99958	0.00000
78	53	G	0.00034	0.00001	0.99964	0.00000
78	54	T	0.07347	0.26818	0.01193	0.64642
78	55	G	0.19344	0.05168	0.70951	0.04537
78	56	A	0.44915	0.26455	0.00239	0.28391
78	57	A	0.67943	0.08037	0.18005	0.06015
78	58	A	0.99922	0.00007	0.00062	0.00009
78	59	G	0.07983	0.03323	0.85855	0.02838
78	60	G	0.20624	0.07759	0.64824	0.06793
78	61	T	0.10183	0.24623	0.05702	0.59491
78	62	A	0.51640	0.14839	0.16068	0.17454
78	63	T	0.05862	0.12073	0.03172	0.78893
78	64	G	0.20624	0.07759	0.64824	0.06793
78	65	A	0.51640	0.14839	0.16068	0.17454
78	66	T	0.10183	0.24623	0.05702	0.59491
78	67	G	0.21916	0.12344	0.54315	0.11425
78	68	T	0.05862	0.12073	0.03172	0.78893
78	69	T	0.17023	0.22529	0.08363	0.52085
78	70	A	0.51240	0.16851	0.16550	0.15358
78	71	G	0.20624	0.07759	0.64824	0.06793
78	72	A	0.51640	0.14839	0.16068	0.17454
78	73	C	0.16622	0.50861	0.09727	0.22790
78	74	C	0.09977	0.58720	0.06365	0.24938
78	75	T	0.05862	0.12073	0.03172	0.78893
78	76	G	0.21916	0.12344	0.54315	0.11425
78	77	C	0.09977	0.58720	0.06365	0.24938
78	78	A	0.51640	0.14839	0.16068	0.17454
78	79	A	0.79630	0.05715	0.08785	0.05870
78	80	C	0.16622	0.50861	0.09727	0.22790
78	81	G	0.20624	0.07759	0.64824	0.06793
78	82	G	0.20624	0.07759	0.64824	0.06793
78	83	T	0.00000	0.00005	0.00000	0.99995
78	84	W	0.34526	0.19796	0.11638	0.34040
78	85	W	0.34526	0.19796	0.11638	0.34040
78	86	A	0.41973	0.18214	0.11050	0.28763
78	87	A	0.43468	0.17780	0.11264	0.27488
78	88	G	0.03709	0.01145	0.94307	0.00840
78	89	V	0.20906	0.31937	0.28014	0.19143
78	90	C	0.01572	0.69618	0.00423	0.28386
78	91	A	0.98527	0.00274	0.00913	0.00286
78	92	C	0.11403	0.48981	0.06509	0.33107
78	93	T	0.19692	0.10885	0.02349	0.67075
78	94	T	0.12224	0.25158	0.02643	0.59975
78	95	A	0.76508	0.10674	0.05753	0.07064
78	96	T	0.02858	0.03139	0.00107	0.93896
78	97	G	0.37757	0.00173	0.61950	0.00120
78	98	A	0.99950	0.00007	0.00034	0.00009
78	99	G	0.35865	0.03306	0.58242	0.02587
78	100	T	0.00163	0.23547	0.00020	0.76270
78	101	-	0.24756	0.21913	0.30356	0.22975
78	102	Y	0.11776	0.36834	0.05544	0.45846
78	103	A	0.93230	0.04362	0.00868	0.01541
78	104	A	0.60898	0.08774	0.21518	0.08810
78	105	T	0.04845	0.10686	0.02432	0.82037
78	106	G	0.06637	0.02533	0.88686	0.02143
78	107	T	0.00066	0.03849	0.00005	0.96081
78	108	G	0.24725	0.17670	0.38499	0.19106
78	109	G	0.05464	0.00060	0.94445	0.00031
78	110	A	0.97892	0.00319	0.00144	0.01644
78	111	G	0.06152	0.00247	0.93448	0.00152
78	112	A	0.82033	0.02109	0.08529	0.07329
78	113	C	0.01765	0.88723	0.00466	0.09046
78	114	H	0.25264	0.28036	0.12771	0.33928
78	115	A	0.67574	0.03292	0.26406	0.02728
78	116	H	0.35155	0.27058	0.08491	0.29296
78	117	H	0.25373	0.34897	0.11875	0.27856
78	118	A	0.99797	0.00041	0.00124	0.00039
78	119	A	0.99708	0.00106	0.00050	0.00137
78	120	G	0.31250	0.00765	0.67403	0.00582
78	121	A	0.57369	0.00680	0.41441	0.00511
78	122	A	0.96679	0.00051	0.03231	0.00040
78	123	A	0.47124	0.15101	0.24661	0.13114
78	124	R	0.34158	0.14435	0.36817	0.14589
78	125	C	0.00172	0.92492	0.00020	0.07316
78	126	A	0.79535	0.05557	0.06730	0.08178
78	127	G	0.00140	0.00012	0.99843	0.00004
78	128	G	0.00764	0.00079	0.99121	0.00036
78	129	R	0.43063	0.09240	0.38846	0.08852
78	130	T	0.28215	0.06715	0.01181	0.63888
78	131	A	0.97320	0.00555	0.01511	0.00614
78	132	T	0.02998	0.31567	0.00769	0.64666
78	133	C	0.00015	0.99868	0.00004	0.00113
78	134	C	0.00197	0.98343	0.00052	0.01409
78	135	A	0.82376	0.05216	0.07047	0.05361
78	136	A	0.65878	0.07805	0.07663	0.18654
78	137	T	0.17119	0.22537	0.08387	0.51956
78	138	G	0.20941	0.12963	0.55866	0.10230
78	139	G	0.21964	0.12404	0.54132	0.11500
78	140	A	0.55643	0.10346	0.23662	0.10349
78	141	C	0.09976	0.58614	0.06357	0.25053
78	142	A	0.51506	0.14888	0.16052	0.17554
78	143	A	0.51506	0.14888	0.16052	0.17554
78	144	A	0.51506	0.14888	0.16052	0.17554
78	145	A	0.79707	0.05690	0.08757	0.05845
78	146	T	0.05838	0.12047	0.03156	0.78959
78	147	C	0.05736	0.78420	0.03686	0.12158
78	148	T	0.17669	0.24765	0.12304	0.45261
78	149	C	0.00100	0.70791	0.00007	0.29102
78	150	C	0.04212	0.62983	0.01180	0.31625
78	151	G	0.11569	0.00013	0.88413	0.00006
78	152	T	0.00009	0.00117	0.00000	0.99874
78	153	C	0.19872	0.50417	0.04662	0.25049
78	154	A	0.99422	0.00481	0.00033	0.00065
78	155	A	0.99989	0.00001	0.00007	0.00002
78	156	T	0.00128	0.02050	0.00013	0.97809
78	157	G	0.35957	0.00325	0.63482	0.00236
78	158	C	0.00096	0.94615	0.00010	0.05279
78	159	T	0.11490	0.19655	0.06905	0.61951
78	160	A	0.61766	0.11227	0.15518	0.11490
78	161	T	0.11490	0.19655	0.06905	0.61951
78	162	A	0.61766	0.11227	0.15518	0.11490
78	163	A	0.44883	0.17598	0.18843	0.18676
78	164	C	0.00087	0.95058	0.00013	0.04843
78	165	C	0.00001	0.99980	0.00000	0.00018
78	166	A	0.76485	0.09538	0.06846	0.07131
78	167	T	0.37499	0.08477	0.01462	0.52562
78	168	C	0.00035	0.99456	0.00006	0.00504
78	169	C	0.02757	0.63504	0.00593	0.33146
78	170	A	0.97525	0.01708	0.00282	0.00486
78	171	A	0.99950	0.00007	0.00034	0.00009
78	172	A	0.72299	0.00863	0.26090	0.00748
78	173	A	0.99987	0.00002	0.00008	0.00003
78	174	C	0.00004	0.99917	0.00001	0.00078
78	175	C	0.03645	0.85778	0.00496	0.10081
78	176	A	0.99422	0.00481	0.00033	0.00065
78	177	A	0.98061	0.00022	0.01901	0.00017
78	178	A	0.92977	0.00808	0.05404	0.00811
78	179	C	0.00241	0.94984	0.00047	0.04728
78	180	T	0.00006	0.00081	0.00000	0.99913
78	181	A	0.76572	0.04481	0.14114	0.04833
78	182	C	0.04271	0.83592	0.04982	0.07154
78	183	A	0.99990	0.00001	0.00007	0.00002
78	184	A	0.55092	0.25278	0.05457	0.14173
78	185	C	0.00004	0.99916	0.00001	0.00079
78	186	C	0.00001	0.99981	0.00000	0.00018
78	187	T	0.03347	0.39149	0.00620	0.56884
78	188	C	0.17114	0.44792	0.14247	0.23848
78	189	A	0.44896	0.17114	0.20701	0.17289
78	190	A	0.44896	0.17114	0.20701	0.17289
78	191	T	0.17289	0.23848	0.13478	0.45385
78	192	T	0.17289	0.23848	0.13478	0.45385
78	193	C	0.17114	0.44792	0.14247	0.23848
78	194	T	0.17289	0.23848	0.13478	0.45385
78	195	A	0.44896	0.17114	0.20701	0.17289
78	196	T	0.17289	0.23848	0.13478	0.45385
78	197	T	0.17289	0.23848	0.13478	0.45385
78	198	A	0.44896	0.17114	0.20701	0.17289
78	199	A	0.44896	0.17114	0.20701	0.17289
78	200	A	0.44896	0.17114	0.20701	0.17289
78	201	T	0.17289	0.23848	0.13478	0.45385
78	202	A	0.44896	0.17114	0.20701	0.17289
78	203	A	0.44896	0.17114	0.20701	0.17289
78	204	A	0.44896	0.17114	0.20701	0.17289
78	205	A	0.44896	0.17114	0.20701	0.17289
78	206	T	0.17289	0.23848	0.13478	0.45385
78	207	A	0.44896	0.17114	0.20701	0.17289
78	208	A	0.44896	0.17114	0.20701	0.17289
78	209	C	0.17114	0.44792	0.14247	0.23848
78	210	G	0.20701	0.14247	0.51575	0.13478
78	211	G	0.20701	0.14247	0.51575	0.13478
78	212	A	0.44896	0.17114	0.20701	0.17289
78	213	T	0.17289	0.23848	0.13478	0.45385
78	214	C	0.17114	0.44792	0.14247	0.23848
78	215	T	0.17289	0.23848	0.13478	0.45385
78	216	A	0.44896	0.17114	0.20701	0.17289
78	217	G	0.20701	0.14247	0.51575	0.13478
78	218	T	0.17289	0.23848	0.13478	0.45385
78	219	C	0.17114	0.44792	0.14247	0.23848
78	220	T	0.17289	0.23848	0.13478	0.45385
78	221	T	0.17289	0.23848	0.13478	0.45385
78	222	A	0.44896	0.17114	0.20701	0.17289
78	223	G	0.20701	0.14247	0.51575	0.13478
78	224	G	0.20701	0.14247	0.51575	0.13478
78	225	A	0.44896	0.17114	0.20701	0.17289
78	226	C	0.17114	0.44792	0.14247	0.23848
78	227	T	0.17289	0.23848	0.13478	0.45385
78	228	A	0.44896	0.17114	0.20701	0.17289
78	229	A	0.44896	0.17114	0.20701	0.17289
78	230	A	0.44896	0.17114	0.20701	0.17289
78	231	A	0.99938	0.00010	0.00037	0.00016
78	232	G	0.00367	0.00024	0.99597	0.00012
78	233	T	0.00249	0.01707	0.00025	0.98020
78	234	G	0.00017	0.00000	0.99983	0.00000
78	235	T	0.00002	0.00026	0.00000	0.99972
78	236	Y	0.15905	0.41930	0.04742	0.37423
78	237	T	0.00001	0.00020	0.00000	0.99979
78	238	T	0.00002	0.00027	0.00000	0.99971
78	239	Y	0.00221	0.52849	0.00024	0.46906
78	240	C	0.00169	0.96649	0.00015	0.03166
78	241	A	0.99989	0.00002	0.00008	0.00002
78	242	T	0.00304	0.11505	0.00032	0.88158
78	243	G	0.00572	0.00038	0.99370	0.00021
78	244	A	0.99998	0.00000	0.00001	0.00000
78	245	T	0.03431	0.15161	0.00622	0.80786
78	246	G	0.00073	0.00003	0.99924	0.00001
78	247	T	0.00001	0.00008	0.00000	0.99991
78	248	T	0.10966	0.20290	0.05103	0.63642
78	249	T	0.00001	0.00008	0.00000	0.99991
78	250	T	0.00002	0.00027	0.00000	0.99971
78	251	T	0.00365	0.26129	0.00042	0.73465
78	252	C	0.00297	0.98378	0.00220	0.01104
78	253	C	0.00219	0.99052	0.00024	0.00706
78	254	W	0.36191	0.21661	0.09002	0.33145
78	255	G	0.00017	0.00000	0.99983	0.00000
78	256	G	0.00004	0.00000	0.99996	0.00000
78	257	A	0.40943	0.18864	0.16216	0.23978
78	258	G	0.13934	0.00787	0.84717	0.00563
78	259	T	0.14037	0.35396	0.02158	0.48409
78	260	A	0.37425	0.19886	0.19729	0.22960
78	261	A	0.99989	0.00002	0.00008	0.00002
78	262	A	0.99998	0.00000	0.00001	0.00000
78	263	R	0.51526	0.00398	0.47767	0.00308
78	264	G	0.00024	0.00001	0.99975	0.00000
78	265	C	0.17180	0.44615	0.14324	0.23882
78	266	T	0.17354	0.23882	0.13559	0.45205
78	267	T	0.17354	0.23882	0.13559	0.45205
78	268	C	0.17180	0.44615	0.14324	0.23882
78	269	A	0.44714	0.17180	0.20752	0.17354
78	270	T	0.17354	0.23882	0.13559	0.45205
78	271	A	0.44714	0.17180	0.20752	0.17354
78	272	T	0.17354	0.23882	0.13559	0.45205
78	273	A	0.44714	0.17180	0.20752	0.17354
78	274	A	0.44714	0.17180	0.20752	0.17354
78	275	C	0.17180	0.44615	0.14324	0.23882
78	276	A	0.44714	0.17180	0.20752	0.17354
78	277	A	0.44714	0.17180	0.20752	0.17354
78	278	G	0.20752	0.14324	0.51365	0.13559
78	279	A	0.44714	0.17180	0.20752	0.17354
78	280	T	0.17354	0.23882	0.13559	0.45205
78	281	A	0.44714	0.17180	0.20752	0.17354
78	282	T	0.17354	0.23882	0.13559	0.45205
78	283	A	0.44714	0.17180	0.20752	0.17354
78	284	T	0.17354	0.23882	0.13559	0.45205
78	285	G	0.20752	0.14324	0.51365	0.13559
78	286	T	0.17354	0.23882	0.13559	0.45205
78	287	G	0.20752	0.14324	0.51365	0.13559
78	288	T	0.17354	0.23882	0.13559	0.45205
78	289	G	0.20752	0.14324	0.51365	0.13559
78	290	G	0.20752	0.14324	0.51365	0.13559
78	291	T	0.17354	0.23882	0.13559	0.45205
78	292	A	0.44714	0.17180	0.20752	0.17354
78	293	A	0.99998	0.00000	0.00001	0.00000
78	294	A	0.96185	0.00074	0.03680	0.00061
78	295	C	0.00000	0.99992	0.00000	0.00008
78	296	C	0.00000	0.99995	0.00000	0.00004
78	297	A	0.76077	0.06802	0.02422	0.14698
78	298	G	0.00077	0.00003	0.99920	0.00001
78	299	C	0.00001	0.99981	0.00000	0.00018
78	300	A	0.71419	0.09491	0.06534	0.12555
78	301	G	0.00317	0.00010	0.99669	0.00004
78	302	T	0.00067	0.04507	0.00003	0.95423
78	303	T	0.02313	0.13939	0.00404	0.83344
78	304	C	0.00368	0.73456	0.00050	0.26126
78	305	T	0.00009	0.00121	0.00000	0.99870
78	306	H	0.32600	0.27818	0.14088	0.25493
78	307	A	0.74418	0.16131	0.01920	0.07531
78	308	A	0.72388	0.01166	0.25545	0.00900
78	309	T	0.03638	0.34770	0.00914	0.60678
78	310	A	0.86312	0.08581	0.02699	0.02408
78	311	R	0.47048	0.08070	0.39283	0.05599
78	312	Y	0.12848	0.47093	0.03938	0.36121
78	313	A	0.99651	0.00059	0.00204	0.00086
78	314	A	0.96770	0.00499	0.02255	0.00476
78	315	R	0.34379	0.19199	0.25202	0.21220
78	316	G	0.00067	0.00002	0.99930	0.00001
78	317	A	0.99998	0.00000	0.00001	0.00000
78	318	T	0.00160	0.01865	0.00019	0.97956
78	319	T	0.17289	0.23848	0.13478	0.45385
78	320	C	0.00297	0.97791	0.00047	0.01865
78	321	C	0.00297	0.97791	0.00047	0.01865
78	322	A	0.41148	0.22462	0.20714	0.15675
78	323	A	0.87000	0.07525	0.01987	0.03488
78	324	G	0.00054	0.00002	0.99943	0.00001
78	325	A	0.59149	0.06988	0.27358	0.06505
78	326	C	0.00315	0.80841	0.00042	0.18802
78	327	T	0.00048	0.00461	0.00004	0.99487
78	328	R	0.34699	0.17534	0.30073	0.17694
78	329	G	0.06287	0.00358	0.93113	0.00242
78	330	A	0.99622	0.00039	0.00294	0.00044
78	331	A	0.91314	0.00579	0.07559	0.00547
78	332	G	0.05305	0.00142	0.94470	0.00082
78	333	T	0.00478	0.12902	0.00061	0.86558
78	334	T	0.18300	0.29501	0.03645	0.48553
78	335	G	0.00867	0.00046	0.99060	0.00027
78	336	A	0.99958	0.00006	0.00029	0.00007
78	337	C	0.02583	0.70700	0.00556	0.26160
78	338	T	0.00025	0.02596	0.00001	0.97378
78	339	T	0.00000	0.00005	0.00000	0.99995
78	340	T	0.00975	0.15050	0.00179	0.83795
78	341	G	0.05614	0.00055	0.94304	0.00027
78	342	A	0.97793	0.01818	0.00123	0.00266
78	343	-	0.24869	0.27799	0.18383	0.28949
78	344	G	0.36085	0.03510	0.54769	0.05636
78	345	C	0.14875	0.83233	0.00129	0.01763
78	346	A	0.66006	0.02937	0.28285	0.02771
78	347	G	0.00153	0.00007	0.99837	0.00003
78	348	C	0.00000	0.99992	0.00000	0.00008
78	349	A	0.50813	0.17723	0.08490	0.22975
78	350	G	0.20752	0.14324	0.51365	0.13559
78	351	G	0.20752	0.14324	0.51365	0.13559
78	352	C	0.15439	0.69252	0.05345	0.09964
78	353	T	0.00001	0.00008	0.00000	0.99991
78	354	T	0.14694	0.31336	0.02141	0.51829
78	355	T	0.00549	0.00143	0.00003	0.99306
78	356	T	0.00001	0.00020	0.00000	0.99979
78	357	Y	0.04693	0.40224	0.03309	0.51774
78	358	T	0.00003	0.00048	0.00000	0.99949
78	359	C	0.00003	0.99945	0.00000	0.00051
78	360	C	0.10569	0.64095	0.02053	0.23283
78	361	A	0.99998	0.00000	0.00001	0.00000
78	362	A	0.99998	0.00000	0.00001	0.00000
78	363	A	0.82561	0.01020	0.15501	0.00918
78	364	T	0.00006	0.00081	0.00000	0.99913
78	365	A	0.99965	0.00005	0.00024	0.00006
78	366	T	0.00748	0.33543	0.00108	0.65601
78	367	A	0.99376	0.00058	0.00502	0.00064
78	368	A	0.98869	0.00172	0.00154	0.00805
78	369	R	0.47377	0.03238	0.46557	0.02828
78	370	G	0.00006	0.00000	0.99993	0.00000
78	371	T	0.17289	0.23848	0.13478	0.45385
78	372	G	0.20701	0.14247	0.51575	0.13478
78	373	T	0.17289	0.23848	0.13478	0.45385
78	374	G	0.00004	0.00000	0.99996	0.00000
78	375	T	0.13360	0.30280	0.04860	0.51500
78	376	A	0.99965	0.00005	0.00024	0.00006
78	377	A	0.99990	0.00001	0.00007	0.00002
78	378	T	0.00159	0.03786	0.00018	0.96037
78	379	A	0.76167	0.05206	0.15572	0.03055
78	380	T	0.00203	0.07026	0.00016	0.92755
78	381	T	0.22426	0.27886	0.03445	0.46242
78	382	G	0.38306	0.00653	0.60530	0.00511
78	383	A	0.92212	0.04106	0.01035	0.02648
78	384	T	0.04193	0.32117	0.00788	0.62902
78	385	A	0.87459	0.01091	0.07447	0.04002
78	386	Y	0.14328	0.40098	0.07268	0.38305
78	387	-	0.29660	0.24037	0.23843	0.22460
78	388	C	0.10830	0.50054	0.31416	0.07701
78	389	A	0.96442	0.02262	0.00493	0.00802
78	390	A	0.46127	0.17327	0.14835	0.21711
78	391	R	0.47675	0.02266	0.48273	0.01785
78	392	T	0.00024	0.00455	0.00001	0.99520
78	393	G	0.04598	0.00502	0.94577	0.00323
78	394	A	0.91302	0.00560	0.07654	0.00483
78	395	C	0.04442	0.94777	0.00050	0.00730
78	396	T	0.01919	0.16441	0.00294	0.81346
78	397	G	0.00839	0.00684	0.98402	0.00075
78	398	A	0.99422	0.00481	0.00033	0.00065
78	399	G	0.27258	0.00713	0.71438	0.00591
78	400	T	0.12429	0.19559	0.01000	0.67012
78	401	A	0.99998	0.00000	0.00001	0.00000
78	402	C	0.00520	0.86162	0.00110	0.13207
78	403	Y	0.15158	0.36288	0.11418	0.37136
78	404	C	0.09894	0.65512	0.07592	0.17002
78	405	T	0.09951	0.16873	0.07061	0.66115
78	406	H	0.29143	0.23130	0.17470	0.30257
78	407	-	0.24466	0.22771	0.27700	0.25063
78	408	H	0.29143	0.23130	0.17470	0.30257
78	409	A	0.99958	0.00006	0.00029	0.00007
78	410	T	0.00001	0.00020	0.00000	0.99979
78	411	G	0.04294	0.00081	0.95583	0.00042
78	412	R	0.43848	0.10954	0.36404	0.08794
78	413	A	0.98855	0.00241	0.00585	0.00318
78	414	A	0.53328	0.09200	0.27504	0.09968
78	415	A	0.64219	0.00401	0.35085	0.00295
78	416	T	0.06794	0.37235	0.00211	0.55760
78	417	A	0.49252	0.10132	0.28716	0.11900
78	418	G	0.00040	0.00001	0.99958	0.00000
78	419	C	0.00001	0.99980	0.00000	0.00018
78	420	H	0.28684	0.30944	0.04108	0.36264
78	421	G	0.02546	0.00177	0.97152	0.00125
78	422	G	0.20701	0.14247	0.51575	0.13478
78	423	T	0.17289	0.23848	0.13478	0.45385
78	424	A	0.44896	0.17114	0.20701	0.17289
78	425	A	0.44896	0.17114	0.20701	0.17289
78	426	G	0.20701	0.14247	0.51575	0.13478
78	427	T	0.17289	0.23848	0.13478	0.45385
78	428	T	0.00067	0.00686	0.00005	0.99242
78	429	T	0.26124	0.26212	0.04920	0.42744
78	430	G	0.00022	0.00001	0.99977	0.00000
78	431	A	0.97772	0.01554	0.00244	0.00429
78	432	C	0.07207	0.66721	0.01307	0.24765
78	433	C	0.00024	0.99455	0.00004	0.00517
78	434	A	0.99987	0.00003	0.00008	0.00002
78	435	T	0.00243	0.25383	0.00026	0.74348
78	436	R	0.32965	0.14503	0.38474	0.14059
78	437	T	0.00000	0.00005	0.00000	0.99995
78	438	A	0.99989	0.00002	0.00008	0.00002
78	439	T	0.00009	0.01377	0.00000	0.98614
78	440	G	0.00072	0.00003	0.99925	0.00001
78	441	C	0.00019	0.99541	0.00003	0.00437
78	442	W	0.35926	0.19860	0.18557	0.25657
78	443	G	0.04226	0.00177	0.95480	0.00117
78	444	C	0.04047	0.74581	0.18427	0.02945
78	445	W	0.41544	0.19737	0.08327	0.30392
78	446	C	0.00045	0.99505	0.00006	0.00444
78	447	G	0.20752	0.14324	0.51365	0.13559
78	448	T	0.17354	0.23882	0.13559	0.45205
78	449	A	0.44714	0.17180	0.20752	0.17354
78	450	T	0.17354	0.23882	0.13559	0.45205
78	451	A	0.44714	0.17180	0.20752	0.17354
78	452	G	0.20752	0.14324	0.51365	0.13559
78	453	T	0.17354	0.23882	0.13559	0.45205
78	454	T	0.17354	0.23882	0.13559	0.45205
78	455	C	0.17180	0.44615	0.14324	0.23882
78	456	C	0.17180	0.44615	0.14324	0.23882
78	457	T	0.17354	0.23882	0.13559	0.45205
78	458	A	0.44714	0.17180	0.20752	0.17354
78	459	A	0.44714	0.17180	0.20752	0.17354
78	460	T	0.17354	0.23882	0.13559	0.45205
78	461	A	0.44714	0.17180	0.20752	0.17354
78	462	A	0.44714	0.17180	0.20752	0.17354
78	463	A	0.44714	0.17180	0.20752	0.17354
78	464	T	0.17354	0.23882	0.13559	0.45205
78	465	C	0.17180	0.44615	0.14324	0.23882
78	466	A	0.44714	0.17180	0.20752	0.17354
78	467	G	0.20752	0.14324	0.51365	0.13559
78	468	A	0.44714	0.17180	0.20752	0.17354
78	469	A	0.44714	0.17180	0.20752	0.17354
78	470	T	0.17354	0.23882	0.13559	0.45205
78	471	C	0.17180	0.44615	0.14324	0.23882
78	472	T	0.17354	0.23882	0.13559	0.45205
78	473	A	0.44714	0.17180	0.20752	0.17354
78	474	A	0.44714	0.17180	0.20752	0.17354
78	475	A	0.44714	0.17180	0.20752	0.17354
78	476	G	0.20752	0.14324	0.51365	0.13559
78	477	C	0.17180	0.44615	0.14324	0.23882
78	478	T	0.17354	0.23882	0.13559	0.45205
78	479	A	0.44714	0.17180	0.20752	0.17354
78	480	A	0.99959	0.00006	0.00028	0.00007
78	481	A	0.58053	0.03544	0.35284	0.03118
78	482	C	0.01043	0.69235	0.00198	0.29525
78	483	T	0.00000	0.00005	0.00000	0.99995
78	484	A	0.47721	0.19932	0.11121	0.21226
78	485	T	0.08685	0.17397	0.01089	0.72829
78	486	T	0.20798	0.27029	0.02612	0.49561
78	487	M	0.34496	0.23215	0.20718	0.21571
78	488	A	0.80771	0.06716	0.04264	0.08248
78	489	C	0.00809	0.85283	0.00154	0.13754
78	490	A	0.56761	0.09151	0.25600	0.08488
78	491	C	0.00238	0.95365	0.00047	0.04350
78	492	T	0.00001	0.00020	0.00000	0.99979
78	493	A	0.66113	0.09023	0.13439	0.11426
78	494	G	0.00107	0.00004	0.99888	0.00001
78	495	A	0.99530	0.00046	0.00371	0.00053
78	496	C	0.01353	0.61094	0.00254	0.37298
78	497	A	0.99927	0.00007	0.00057	0.00009
78	498	T	0.00010	0.00097	0.00000	0.99892
78	499	C	0.07106	0.54593	0.00859	0.37442
78	500	A	0.97993	0.00411	0.01225	0.00370
78	501	A	0.85111	0.04179	0.06521	0.04189
78	502	C	0.00711	0.86866	0.00162	0.12261
78	503	C	0.22074	0.74345	0.00281	0.03301
78	504	C	0.00005	0.99916	0.00001	0.00079
78	505	Y	0.11912	0.37451	0.02552	0.48085
78	506	G	0.19916	0.17284	0.53907	0.08893
78	507	A	0.97299	0.00609	0.01503	0.00589
78	508	A	0.90061	0.02135	0.05415	0.02388
78	509	C	0.00087	0.98615	0.00021	0.01278
78	510	C	0.01679	0.94296	0.00431	0.03594
78	511	A	0.47743	0.20868	0.13668	0.17721
78	512	A	0.92373	0.04893	0.00936	0.01798
78	513	T	0.00009	0.00117	0.00000	0.99874
78	514	Y	0.10292	0.37609	0.04527	0.47572
78	515	A	0.48015	0.13149	0.03527	0.35308
78	516	C	0.00995	0.95353	0.00668	0.02983
78	517	A	0.40537	0.27149	0.07135	0.25180
78	518	A	0.64941	0.12055	0.02521	0.20483
78	519	T	0.00002	0.00027	0.00000	0.99971
78	520	G	0.00717	0.00038	0.99223	0.00022
78	521	G	0.00156	0.00004	0.99838	0.00002
78	522	A	0.99990	0.00001	0.00007	0.00002
78	523	A	0.66136	0.02813	0.28424	0.02627
78	524	G	0.01357	0.00956	0.97555	0.00132
78	525	A	0.99998	0.00000	0.00001	0.00000
78	526	A	0.49778	0.07769	0.33881	0.08572
78	527	G	0.02174	0.00018	0.97801	0.00007
78	528	C	0.00423	0.98100	0.00816	0.00661
78	529	H	0.32006	0.25773	0.05252	0.36969
78	530	A	0.74629	0.02707	0.18762	0.03901
78	531	T	0.00005	0.00066	0.00000	0.99929
78	532	G	0.33504	0.02833	0.61243	0.02420
78	533	T	0.00001	0.00008	0.00000	0.99991
78	534	A	0.99404	0.00050	0.00019	0.00527
78	535	T	0.00024	0.00366	0.00001	0.99609
78	536	G	0.00034	0.00001	0.99964	0.00000
78	537	G	0.00040	0.00001	0.99958	0.00000
78	538	T	0.12050	0.31200	0.02198	0.54552
78	539	A	0.92912	0.00899	0.00649	0.05540
78	540	Y	0.14892	0.39008	0.00447	0.45653
78	541	T	0.13535	0.26412	0.03210	0.56843
78	542	G	0.00147	0.00004	0.99848	0.00002
78	543	A	0.99390	0.00510	0.00033	0.00067
78	544	R	0.34219	0.12742	0.37882	0.15157
78	545	G	0.07406	0.00124	0.92400	0.00070
78	546	G	0.06775	0.00098	0.93075	0.00053
78	547	H	0.27333	0.35333	0.10263	0.27072
78	548	Y	0.00376	0.47465	0.00034	0.52125
78	549	T	0.00001	0.00020	0.00000	0.99979
78	550	W	0.34990	0.18843	0.17419	0.28748
78	551	G	0.00034	0.00001	0.99964	0.00000
78	552	A	0.99998	0.00000	0.00001	0.00000
78	553	A	0.91384	0.01287	0.05949	0.01380
78	554	G	0.02084	0.01738	0.95941	0.00237
78	555	C	0.00004	0.99916	0.00001	0.00079
78	556	H	0.31838	0.26308	0.04503	0.37351
78	557	T	0.01354	0.39579	0.00185	0.58882
78	558	T	0.00003	0.00048	0.00000	0.99949
78	559	R	0.31899	0.12170	0.41295	0.14636
78	560	G	0.00034	0.00001	0.99964	0.00000
78	561	A	0.99998	0.00000	0.00001	0.00000
78	562	T	0.00129	0.05999	0.00008	0.93864
78	563	C	0.00729	0.75250	0.00067	0.23954
78	564	T	0.00002	0.00027	0.00000	0.99971
78	565	H	0.35696	0.23330	0.10933	0.30041
78	566	A	0.99545	0.00067	0.00310	0.00077
78	567	C	0.14658	0.67891	0.04048	0.13403
78	568	Y	0.12001	0.39372	0.01968	0.46659
78	569	A	0.99989	0.00002	0.00008	0.00002
78	570	C	0.00000	0.99995	0.00000	0.00004
78	571	T	0.02263	0.20075	0.00398	0.77265
78	572	A	0.99988	0.00002	0.00008	0.00003
78	573	G	0.00079	0.00004	0.99916	0.00001
78	574	A	0.44714	0.17180	0.20752	0.17354
78	575	T	0.17354	0.23882	0.13559	0.45205
78	576	A	0.44714	0.17180	0.20752	0.17354
78	577	T	0.17354	0.23882	0.13559	0.45205
78	578	A	0.44714	0.17180	0.20752	0.17354
78	579	A	0.44714	0.17180	0.20752	0.17354
78	580	T	0.17354	0.23882	0.13559	0.45205
78	581	C	0.17180	0.44615	0.14324	0.23882
78	582	-	0.29439	0.23035	0.17568	0.29958
78	583	A	0.66958	0.09791	0.13325	0.09925
78	584	Y	0.15156	0.36591	0.11427	0.36827
78	585	C	0.09894	0.65512	0.07592	0.17002
78	586	H	0.29143	0.23130	0.17470	0.30257
78	587	T	0.00257	0.07201	0.00016	0.92526
78	588	G	0.01570	0.01040	0.97238	0.00153
78	589	C	0.00004	0.99917	0.00001	0.00078
78	590	A	0.45301	0.19258	0.11269	0.24173
78	591	G	0.00153	0.00006	0.99839	0.00002
78	592	G	0.00017	0.00000	0.99983	0.00000
78	593	H	0.28210	0.31409	0.05602	0.34779
78	594	T	0.00006	0.00078	0.00000	0.99916
78	595	T	0.00097	0.00059	0.00000	0.99844
78	596	C	0.00807	0.74365	0.00146	0.24681
78	597	C	0.00001	0.99980	0.00000	0.00018
78	598	C	0.00000	0.99995	0.00000	0.00004
78	599	T	0.07490	0.38476	0.01471	0.52564
78	600	T	0.00000	0.00005	0.00000	0.99995
78	601	A	0.99980	0.00003	0.00014	0.00003
78	602	T	0.00236	0.02864	0.00028	0.96871
78	603	G	0.00234	0.00011	0.99750	0.00005
78	604	T	0.00005	0.00066	0.00000	0.99929
78	605	G	0.27339	0.10196	0.53195	0.09271
78	606	W	0.37269	0.13763	0.10546	0.38422
78	607	C	0.00021	0.99710	0.00005	0.00265
78	608	G	0.20752	0.14324	0.51365	0.13559
78	609	A	0.44714	0.17180	0.20752	0.17354
78	610	T	0.17354	0.23882	0.13559	0.45205
78	611	A	0.44714	0.17180	0.20752	0.17354
78	612	A	0.44714	0.17180	0.20752	0.17354
78	613	T	0.17354	0.23882	0.13559	0.45205
78	614	G	0.20752	0.14324	0.51365	0.13559
78	615	A	0.44714	0.17180	0.20752	0.17354
78	616	T	0.17354	0.23882	0.13559	0.45205
78	617	C	0.17180	0.44615	0.14324	0.23882
78	618	A	0.44714	0.17180	0.20752	0.17354
78	619	T	0.17354	0.23882	0.13559	0.45205
78	620	T	0.17354	0.23882	0.13559	0.45205
78	621	A	0.44714	0.17180	0.20752	0.17354
78	622	H	0.27958	0.29761	0.05698	0.36583
78	623	C	0.03779	0.62522	0.00751	0.32948
78	624	T	0.00010	0.00127	0.00000	0.99863
78	625	G	0.02035	0.00192	0.97645	0.00127
78	626	G	0.00040	0.00001	0.99958	0.00000
78	627	G	0.00017	0.00001	0.99983	0.00000
78	628	A	0.40665	0.24591	0.16035	0.18709
78	629	A	0.97902	0.00023	0.02058	0.00017
78	630	T	0.00010	0.00129	0.00000	0.99860
78	631	-	0.31383	0.26580	0.22077	0.19960
78	632	A	0.99998	0.00000	0.00001	0.00000
78	633	A	0.99989	0.00002	0.00008	0.00002
78	634	G	0.10097	0.00417	0.89204	0.00283
78	635	G	0.20752	0.14324	0.51365	0.13559
78	636	G	0.20752	0.14324	0.51365	0.13559
78	637	T	0.17354	0.23882	0.13559	0.45205
78	638	T	0.17354	0.23882	0.13559	0.45205
78	639	C	0.17180	0.44615	0.14324	0.23882
78	640	T	0.17354	0.23882	0.13559	0.45205
78	641	C	0.17180	0.44615	0.14324	0.23882
78	642	C	0.17180	0.44615	0.14324	0.23882
78	643	A	0.99998	0.00000	0.00001	0.00000
78	644	A	0.99990	0.00001	0.00007	0.00002
78	645	G	0.00662	0.00045	0.99268	0.00025
78	646	A	0.99888	0.00016	0.00076	0.00020
78	647	A	0.58779	0.00261	0.40789	0.00171
78	648	A	0.76370	0.01287	0.21199	0.01145
78	649	G	0.00017	0.00000	0.99983	0.00000
78	650	A	0.99998	0.00000	0.00001	0.00000
78	651	C	0.00183	0.92096	0.00022	0.07698
78	652	A	0.97743	0.01571	0.00249	0.00437
78	653	T	0.00003	0.00048	0.00000	0.99949
78	654	C	0.04714	0.53714	0.00972	0.40601
78	655	Y	0.08502	0.40877	0.01297	0.49324
78	656	T	0.00000	0.00005	0.00000	0.99995
78	657	A	0.48387	0.15544	0.20845	0.15224
78	658	A	0.91909	0.00138	0.07836	0.00118
78	659	A	0.99950	0.00007	0.00034	0.00009
78	660	Y	0.04522	0.42133	0.00926	0.52419
78	661	A	0.99337	0.00145	0.00382	0.00136
78	662	A	0.98953	0.00234	0.00590	0.00224
78	663	A	0.85221	0.05716	0.05182	0.03881
78	664	T	0.09951	0.16873	0.07061	0.66115
78	665	H	0.29143	0.23130	0.17470	0.30257
78	666	-	0.23559	0.25927	0.29377	0.21137
78	667	Y	0.15156	0.36591	0.11427	0.36827
78	668	Y	0.15158	0.36288	0.11418	0.37136
78	669	Y	0.15156	0.36591	0.11427	0.36827
78	670	H	0.29143	0.23130	0.17470	0.30257
78	671	T	0.09951	0.16873	0.07061	0.66115
78	672	-	0.28795	0.29460	0.18301	0.23443
78	673	Y	0.15156	0.36591	0.11427	0.36827
78	674	T	0.09951	0.16873	0.07061	0.66115
78	675	-	0.29089	0.29170	0.18388	0.23353
78	676	H	0.29143	0.23130	0.17470	0.30257
78	677	T	0.17289	0.23848	0.13478	0.45385
78	678	T	0.17289	0.23848	0.13478	0.45385
78	679	G	0.35606	0.01589	0.61524	0.01281
78	680	A	0.95015	0.02948	0.00801	0.01237
78	681	G	0.35235	0.06016	0.52677	0.06072
78	682	A	0.99998	0.00000	0.00001	0.00000
78	683	C	0.00005	0.99910	0.00001	0.00084
78	684	C	0.02401	0.70954	0.00485	0.26159
78	685	A	0.99987	0.00003	0.00008	0.00002
78	686	A	0.98094	0.00026	0.01856	0.00024
78	687	-	0.29439	0.23035	0.17568	0.29958
78	688	T	0.09951	0.16873	0.07061	0.66115
78	689	T	0.09951	0.16873	0.07061	0.66115
78	690	A	0.87317	0.00360	0.11994	0.00329
78	691	G	0.00277	0.00013	0.99704	0.00006
78	692	A	0.99939	0.00012	0.00038	0.00011
78	693	C	0.00401	0.96095	0.00078	0.03426
78	694	A	0.85174	0.02840	0.09168	0.02818
78	695	C	0.00758	0.61464	0.00130	0.37648
78	696	A	0.41852	0.25574	0.08747	0.23826
78	697	A	0.96364	0.00123	0.03388	0.00125
78	698	A	0.45113	0.25581	0.19060	0.10245
78	699	A	0.47545	0.12320	0.31015	0.09121
78	700	A	0.99948	0.00007	0.00036	0.00009
78	701	A	0.99998	0.00000	0.00001	0.00000
78	702	G	0.34621	0.02227	0.61446	0.01706
78	703	A	0.96263	0.02267	0.00559	0.00910
78	704	T	0.00000	0.00005	0.00000	0.99995
78	705	G	0.04889	0.01107	0.92936	0.01067
78	706	A	0.73833	0.20802	0.01373	0.03992
78	707	A	0.58810	0.15014	0.13126	0.13050
78	708	A	0.99856	0.00021	0.00097	0.00026
78	709	R	0.48571	0.07035	0.39999	0.04395
78	710	G	0.29929	0.05607	0.59876	0.04588
78	711	A	0.93933	0.00186	0.05681	0.00200
78	712	R	0.45024	0.04285	0.46832	0.03859
78	713	T	0.00990	0.00389	0.00008	0.98613
78	714	G	0.00392	0.00014	0.99587	0.00006
78	715	T	0.01168	0.33231	0.00211	0.65390
78	716	A	0.98776	0.00335	0.00600	0.00289
78	717	A	0.55946	0.15223	0.15023	0.13808
78	718	A	0.44714	0.17180	0.20752	0.17354
78	719	A	0.44714	0.17180	0.20752	0.17354
78	720	T	0.17354	0.23882	0.13559	0.45205
78	721	A	0.44714	0.17180	0.20752	0.17354
78	722	T	0.17354	0.23882	0.13559	0.45205
78	723	T	0.17354	0.23882	0.13559	0.45205
78	724	G	0.20752	0.14324	0.51365	0.13559
78	725	T	0.00000	0.00005	0.00000	0.99995
78	726	A	0.52860	0.05598	0.34768	0.06774
78	727	G	0.00004	0.00000	0.99996	0.00000
78	728	A	0.99971	0.00004	0.00020	0.00005
78	729	T	0.02262	0.34412	0.00423	0.62904
78	730	A	0.81867	0.06005	0.11400	0.00727
78	731	A	0.98596	0.00174	0.00072	0.01158
78	732	G	0.08338	0.00426	0.90950	0.00286
78	733	T	0.00000	0.00005	0.00000	0.99995
78	734	A	0.99998	0.00000	0.00001	0.00000
78	735	T	0.00043	0.00522	0.00002	0.99433
78	736	G	0.00006	0.00000	0.99993	0.00000
78	737	G	0.00027	0.00001	0.99972	0.00000
78	738	Y	0.07278	0.39481	0.01330	0.51912
78	739	A	0.66789	0.13800	0.07990	0.11421
78	740	T	0.00001	0.00008	0.00000	0.99991
78	741	T	0.05935	0.37301	0.01236	0.55528
78	742	G	0.02118	0.00017	0.97855	0.00010
78	743	A	0.99998	0.00000	0.00001	0.00000
78	744	T	0.01271	0.25948	0.00267	0.72514
78	745	C	0.00429	0.83667	0.00066	0.15838
78	746	A	0.44896	0.17114	0.20701	0.17289
78	747	T	0.17289	0.23848	0.13478	0.45385
78	748	A	0.44896	0.17114	0.20701	0.17289
78	749	T	0.17289	0.23848	0.13478	0.45385
78	750	G	0.20701	0.14247	0.51575	0.13478
78	751	C	0.17114	0.44792	0.14247	0.23848
78	752	C	0.17114	0.44792	0.14247	0.23848
78	753	T	0.17289	0.23848	0.13478	0.45385
78	754	T	0.17289	0.23848	0.13478	0.45385
78	755	C	0.17114	0.44792	0.14247	0.23848
78	756	T	0.17289	0.23848	0.13478	0.45385
78	757	T	0.17289	0.23848	0.13478	0.45385
78	758	A	0.44896	0.17114	0.20701	0.17289
78	759	C	0.17114	0.44792	0.14247	0.23848
78	760	C	0.17114	0.44792	0.14247	0.23848
78	761	A	0.44896	0.17114	0.20701	0.17289
78	762	T	0.17289	0.23848	0.13478	0.45385
78	763	C	0.17114	0.44792	0.14247	0.23848
78	764	C	0.17114	0.44792	0.14247	0.23848
78	765	T	0.17289	0.23848	0.13478	0.45385
78	766	T	0.17289	0.23848	0.13478	0.45385
78	767	T	0.17289	0.23848	0.13478	0.45385
78	768	C	0.17114	0.44792	0.14247	0.23848
78	769	G	0.20701	0.14247	0.51575	0.13478
78	770	G	0.20701	0.14247	0.51575	0.13478
78	771	T	0.17289	0.23848	0.13478	0.45385
78	772	T	0.17289	0.23848	0.13478	0.45385
78	773	C	0.17114	0.44792	0.14247	0.23848
78	774	A	0.44896	0.17114	0.20701	0.17289
78	775	T	0.17289	0.23848	0.13478	0.45385
78	776	A	0.44896	0.17114	0.20701	0.17289
78	777	G	0.20701	0.14247	0.51575	0.13478
78	778	A	0.44896	0.17114	0.20701	0.17289
78	779	G	0.20701	0.14247	0.51575	0.13478
78	780	T	0.17289	0.23848	0.13478	0.45385
78	781	A	0.44896	0.17114	0.20701	0.17289
78	782	T	0.17289	0.23848	0.13478	0.45385
78	783	T	0.17289	0.23848	0.13478	0.45385
78	784	G	0.20701	0.14247	0.51575	0.13478
78	785	C	0.17114	0.44792	0.14247	0.23848
78	786	C	0.17114	0.44792	0.14247	0.23848
78	787	T	0.17289	0.23848	0.13478	0.45385
78	788	A	0.44896	0.17114	0.20701	0.17289
78	789	C	0.17114	0.44792	0.14247	0.23848
78	790	T	0.17289	0.23848	0.13478	0.45385
78	791	A	0.44896	0.17114	0.20701	0.17289
78	792	A	0.44896	0.17114	0.20701	0.17289
78	793	G	0.20701	0.14247	0.51575	0.13478
78	794	G	0.20701	0.14247	0.51575	0.13478
78	795	T	0.17289	0.23848	0.13478	0.45385
78	796	A	0.44896	0.17114	0.20701	0.17289
78	797	G	0.20701	0.14247	0.51575	0.13478
78	798	T	0.17289	0.23848	0.13478	0.45385
78	799	T	0.17289	0.23848	0.13478	0.45385
78	800	C	0.17114	0.44792	0.14247	0.23848
78	801	C	0.17114	0.44792	0.14247	0.23848
78	802	T	0.17289	0.23848	0.13478	0.45385
78	803	G	0.20701	0.14247	0.51575	0.13478
78	804	A	0.44896	0.17114	0.20701	0.17289
78	805	T	0.17289	0.23848	0.13478	0.45385
78	806	T	0.17289	0.23848	0.13478	0.45385
78	807	A	0.44896	0.17114	0.20701	0.17289
78	808	T	0.17289	0.23848	0.13478	0.45385
78	809	A	0.44896	0.17114	0.20701	0.17289
78	810	G	0.20701	0.14247	0.51575	0.13478
78	811	T	0.00000	0.00005	0.00000	0.99995
78	812	A	0.52075	0.07709	0.33586	0.06630
78	813	C	0.00001	0.99981	0.00000	0.00018
78	814	C	0.00004	0.99915	0.00001	0.00079
78	815	Y	0.15623	0.41173	0.02466	0.40738
78	816	A	0.50796	0.13181	0.01751	0.34272
78	817	T	0.01846	0.01046	0.00026	0.97082
78	818	G	0.18062	0.06547	0.71771	0.03620
78	819	G	0.04668	0.00091	0.95194	0.00047
78	820	T	0.00002	0.00025	0.00000	0.99974
78	821	H	0.27547	0.30032	0.09081	0.33341
78	822	A	0.99998	0.00000	0.00001	0.00000
78	823	C	0.00004	0.99915	0.00001	0.00079
78	824	T	0.08531	0.32514	0.01334	0.57621
78	825	T	0.00006	0.00084	0.00000	0.99910
78	826	T	0.32683	0.05495	0.00365	0.61457
78	827	T	0.00139	0.13489	0.00010	0.86362
78	828	C	0.20692	0.45246	0.17063	0.17000
78	829	T	0.00001	0.00020	0.00000	0.99979
78	830	R	0.39518	0.08601	0.44102	0.07779
78	831	A	0.99988	0.00002	0.00008	0.00002
78	832	A	0.99998	0.00000	0.00001	0.00000
78	833	G	0.05504	0.00170	0.94223	0.00104
78	834	G	0.00017	0.00000	0.99983	0.00000
78	835	G	0.20701	0.14247	0.51575	0.13478
78	836	G	0.20701	0.14247	0.51575	0.13478
78	837	T	0.17289	0.23848	0.13478	0.45385
78	838	T	0.17289	0.23848	0.13478	0.45385
78	839	T	0.17289	0.23848	0.13478	0.45385
78	840	C	0.17114	0.44792	0.14247	0.23848
78	841	A	0.44896	0.17114	0.20701	0.17289
78	842	A	0.99989	0.00002	0.00008	0.00002
78	843	T	0.00008	0.00116	0.00000	0.99875
78	844	G	0.00034	0.00001	0.99964	0.00000
78	845	A	0.99998	0.00000	0.00001	0.00000
78	846	A	0.94053	0.00598	0.04754	0.00595
78	847	C	0.00035	0.99161	0.00005	0.00798
78	848	T	0.00006	0.00078	0.00000	0.99916
78	849	Y	0.05662	0.47288	0.01191	0.45859
78	850	A	0.97543	0.01698	0.00279	0.00481
78	851	G	0.00017	0.00000	0.99983	0.00000
78	852	A	0.89024	0.04634	0.03604	0.02737
78	853	A	0.43807	0.16660	0.20095	0.19438
78	854	C	0.04971	0.88661	0.01148	0.05220
78	855	Y	0.15607	0.41540	0.09331	0.33523
78	856	A	0.68140	0.09197	0.15489	0.07174
78	857	A	0.40204	0.25583	0.09386	0.24827
78	858	A	0.94192	0.00201	0.05395	0.00212
78	859	G	0.00283	0.00015	0.99695	0.00007
78	860	C	0.17114	0.44792	0.14247	0.23848
78	861	T	0.17289	0.23848	0.13478	0.45385
78	862	T	0.17289	0.23848	0.13478	0.45385
78	863	C	0.17114	0.44792	0.14247	0.23848
78	864	T	0.17289	0.23848	0.13478	0.45385
78	865	T	0.17289	0.23848	0.13478	0.45385
78	866	A	0.44896	0.17114	0.20701	0.17289
78	867	G	0.20701	0.14247	0.51575	0.13478
78	868	G	0.20701	0.14247	0.51575	0.13478
78	869	A	0.44896	0.17114	0.20701	0.17289
78	870	A	0.44896	0.17114	0.20701	0.17289
78	871	A	0.44896	0.17114	0.20701	0.17289
78	872	G	0.20701	0.14247	0.51575	0.13478
78	873	C	0.17114	0.44792	0.14247	0.23848
78	874	A	0.44896	0.17114	0.20701	0.17289
78	875	A	0.44896	0.17114	0.20701	0.17289
78	876	T	0.17289	0.23848	0.13478	0.45385
78	877	A	0.44896	0.17114	0.20701	0.17289
78	878	C	0.17114	0.44792	0.14247	0.23848
78	879	A	0.44896	0.17114	0.20701	0.17289
78	880	T	0.17289	0.23848	0.13478	0.45385
78	881	C	0.17114	0.44792	0.14247	0.23848
78	882	T	0.17289	0.23848	0.13478	0.45385
78	883	A	0.44896	0.17114	0.20701	0.17289
78	884	T	0.17289	0.23848	0.13478	0.45385
78	885	T	0.17289	0.23848	0.13478	0.45385
78	886	G	0.20701	0.14247	0.51575	0.13478
78	887	A	0.44896	0.17114	0.20701	0.17289
78	888	A	0.44896	0.17114	0.20701	0.17289
78	889	T	0.17289	0.23848	0.13478	0.45385
78	890	A	0.44896	0.17114	0.20701	0.17289
78	891	T	0.17289	0.23848	0.13478	0.45385
78	892	-	0.23559	0.25927	0.29377	0.21137
78	893	A	0.66958	0.09791	0.13325	0.09925
78	894	A	0.99945	0.00008	0.00037	0.00010
78	895	G	0.28712	0.03115	0.65755	0.02419
78	896	A	0.99989	0.00002	0.00008	0.00002
78	897	A	0.99990	0.00001	0.00007	0.00002
78	898	A	0.89326	0.00734	0.09253	0.00688
78	899	A	0.56494	0.00307	0.42995	0.00203
78	900	T	0.00000	0.00005	0.00000	0.99995
78	901	Y	0.21711	0.32248	0.05910	0.40131
78	902	A	0.61287	0.01631	0.35805	0.01277
78	903	A	0.99739	0.00026	0.00205	0.00030
78	904	G	0.11842	0.00384	0.87511	0.00263
78	905	G	0.35850	0.04760	0.55560	0.03830
78	906	A	0.93290	0.03787	0.00821	0.02101
78	907	W	0.35679	0.17445	0.16011	0.30865
78	908	G	0.00034	0.00001	0.99964	0.00000
78	909	G	0.00076	0.00003	0.99920	0.00001
78	910	R	0.34308	0.10355	0.45443	0.09894
78	911	A	0.99998	0.00000	0.00001	0.00000
78	912	A	0.99998	0.00000	0.00001	0.00000
78	913	G	0.20701	0.14247	0.51575	0.13478
78	914	C	0.17114	0.44792	0.14247	0.23848
78	915	T	0.17289	0.23848	0.13478	0.45385
78	916	G	0.20701	0.14247	0.51575	0.13478
78	917	A	0.44896	0.17114	0.20701	0.17289
78	918	A	0.44896	0.17114	0.20701	0.17289
78	919	A	0.44896	0.17114	0.20701	0.17289
78	920	A	0.44896	0.17114	0.20701	0.17289
78	921	T	0.17289	0.23848	0.13478	0.45385
78	922	G	0.32524	0.00156	0.67219	0.00101
78	923	A	0.99897	0.00016	0.00064	0.00024
78	924	C	0.00064	0.99448	0.00072	0.00416
78	925	T	0.00608	0.37315	0.00090	0.61987
78	926	A	0.96951	0.00940	0.01296	0.00813
78	927	G	0.00004	0.00000	0.99996	0.00000
78	928	R	0.43554	0.02898	0.51069	0.02479
78	929	W	0.37693	0.11065	0.12694	0.38547
78	930	T	0.00001	0.00020	0.00000	0.99979
78	931	-	0.32672	0.22225	0.24580	0.20523
78	932	A	0.97995	0.00020	0.01969	0.00016
78	933	T	0.00003	0.00048	0.00000	0.99949
78	934	A	0.48940	0.07105	0.12616	0.31339
78	935	G	0.00040	0.00001	0.99958	0.00000
78	936	A	0.99998	0.00000	0.00001	0.00000
78	937	A	0.84960	0.00487	0.14131	0.00422
78	938	G	0.00034	0.00001	0.99964	0.00000
78	939	C	0.00001	0.99981	0.00000	0.00018
78	940	T	0.04247	0.24341	0.00922	0.70490
78	941	W	0.43447	0.04956	0.12705	0.38893
78	942	C	0.02070	0.95867	0.00122	0.01942
78	943	T	0.01768	0.27747	0.00325	0.70160
78	944	A	0.99957	0.00006	0.00029	0.00007
78	945	G	0.00111	0.00004	0.99883	0.00002
78	946	T	0.00125	0.01430	0.00012	0.98433
78	947	G	0.20269	0.20734	0.38801	0.20195
78	948	T	0.00001	0.00020	0.00000	0.99979
78	949	G	0.21695	0.07782	0.65446	0.05077
78	950	A	0.99988	0.00002	0.00008	0.00002
78	951	A	0.99998	0.00000	0.00001	0.00000
78	952	T	0.00000	0.00005	0.00000	0.99995
78	953	G	0.00004	0.00000	0.99996	0.00000
78	954	A	0.99990	0.00001	0.00007	0.00002
78	955	T	0.00012	0.00168	0.00001	0.99819
78	956	A	0.78697	0.01000	0.00253	0.20050
78	957	C	0.00001	0.99973	0.00000	0.00026
78	958	A	0.86437	0.03662	0.01811	0.08090
78	959	G	0.00017	0.00001	0.99983	0.00000
78	960	T	0.00002	0.00027	0.00000	0.99971
78	961	G	0.29615	0.12049	0.45272	0.13064
78	962	T	0.17037	0.14033	0.25747	0.43184
78	963	C	0.12326	0.64814	0.00303	0.22557
78	964	Y	0.23832	0.38331	0.05162	0.32676
78	965	T	0.22693	0.02686	0.00122	0.74499
78	966	T	0.00002	0.00027	0.00000	0.99971
78	967	S	0.09409	0.36509	0.32258	0.21824
78	968	A	0.99433	0.00092	0.00369	0.00105
78	969	G	0.00076	0.00003	0.99920	0.00001
78	970	A	0.97827	0.00290	0.01573	0.00310
78	971	A	0.97311	0.00953	0.00806	0.00930
78	972	H	0.27866	0.24992	0.16503	0.30639
78	973	G	0.33091	0.07207	0.52404	0.07298
78	974	G	0.35866	0.04284	0.55904	0.03946
78	975	C	0.08751	0.67578	0.01714	0.21957
78	976	W	0.30460	0.24192	0.04391	0.40957
78	977	T	0.00008	0.00178	0.00000	0.99814
