18
Ophiostoma_mitovirus_4_                                                                           0.0000000 4.7335427 3.3149523 3.8500496 3.1317384 2.8328511 3.0267483 3.1495628 3.3043754 3.2461639 2.9776906 2.7376060 3.0175961 2.6847540 2.7065244 2.5677033 2.7089964 2.4992407 
Cryphonectria_parasitica_mitovirus_1-NB631_                                                       4.7335427 0.0000000 3.5547478 3.0768983 3.2613728 3.1936245 3.0926579 2.8287873 2.8323132 3.3846590 2.9489058 2.7047265 2.6438244 2.7927399 2.1473579 2.5522237 2.6838899 2.4392796 
Human_rhinovirus_C__3D_5667_7047_                                                                 3.3149523 3.5547478 0.0000000 1.3585869 1.2098912 1.1270469 1.4763038 1.2831674 1.3166075 1.2445658 1.3844146 1.2131342 1.3006295 1.1327027 1.1132859 1.2673707 1.2043448 1.1642579 
Enterovirus_SEV-gx__3D_5856_7287_                                                                 3.8500496 3.0768983 1.3585869 0.0000000 1.3982451 1.0866833 1.2211691 1.3266348 1.3096262 1.0936449 1.2907674 1.2011361 1.2665106 0.9604542 1.1278031 1.0512030 1.0803003 1.2133090 
Human_rhinovirus_89__RNA-directed_RNA_polymerase_5730_7110_                                       3.1317384 3.2613728 1.2098912 1.3982451 0.0000000 1.2415779 1.2899398 1.4709782 1.3990576 1.1877763 1.4187579 1.1496471 1.2425909 1.1502562 1.2073034 1.3245336 1.1885914 1.0930049 
Human_rhinovirus_14__3D_5785_7165_                                                                2.8328511 3.1936245 1.1270469 1.0866833 1.2415779 0.0000000 1.2664822 1.3563748 1.3841653 1.2790515 1.2295772 1.1740190 1.2514351 0.9745505 1.0879834 1.0899694 1.0502185 0.9816789 
Simian_enterovirus_A__3D_5867_7244_                                                               3.0267483 3.0926579 1.4763038 1.2211691 1.2899398 1.2664822 0.0000000 1.4446393 1.4434500 1.0816379 1.1021462 1.0668297 1.2000510 0.9886158 0.9732543 0.9447647 0.9360358 0.8828499 
Human_enterovirus_A__3D_5943_7329_                                                                3.1495628 2.8287873 1.2831674 1.3266348 1.4709782 1.3563748 1.4446393 0.0000000 0.1791098 1.2278434 1.2080686 1.1564836 1.1791184 1.0184377 0.8529388 1.0548664 0.9592174 1.0416183 
Human_enterovirus_strain_V13-0285_partial_genome_3D-pol_5922_7308_                                3.3043754 2.8323132 1.3166075 1.3096262 1.3990576 1.3841653 1.4434500 0.1791098 0.0000000 1.1751034 1.2224848 1.2649558 1.2459000 0.9754995 0.8464202 1.0326687 1.0011489 1.0315616 
Enterovirus_goat/JL14__3D_5903_7337_                                                              3.2461639 3.3846590 1.2445658 1.0936449 1.1877763 1.2790515 1.0816379 1.2278434 1.1751034 0.0000000 0.7702111 0.8053769 0.8735533 1.0837779 0.8754667 0.9485907 0.8986120 0.8793641 
Bovine_enterovirus__3D_5960_7343_                                                                 2.9776906 2.9489058 1.3844146 1.2907674 1.4187579 1.2295772 1.1021462 1.2080686 1.2224848 0.7702111 0.0000000 0.6136873 0.5466558 1.0822894 1.0166560 0.9244528 0.9212939 0.9213553 
Possum_enterovirus_W1__RNA-directed_RNA_polymerase_5933_7316_                                     2.7376060 2.7047265 1.2131342 1.2011361 1.1496471 1.1740190 1.0668297 1.1564836 1.2649558 0.8053769 0.6136873 0.0000000 0.2759932 0.9461718 0.9028338 0.8977669 0.8158243 0.8561652 
Enterovirus_F_strain_BEV-261_polyprotein_gene_complete_cds_RNA-directed_RNA-polymerase_5940_7323_ 3.0175961 2.6438244 1.3006295 1.2665106 1.2425909 1.2514351 1.2000510 1.1791184 1.2459000 0.8735533 0.5466558 0.2759932 0.0000000 0.9530199 0.8554290 0.9476607 0.8617590 0.8286732 
Human_enterovirus_D__3D-POL_5937_7308_                                                            2.6847540 2.7927399 1.1327027 0.9604542 1.1502562 0.9745505 0.9886158 1.0184377 0.9754995 1.0837779 1.0822894 0.9461718 0.9530199 0.0000000 0.6805687 0.7477612 0.6887328 0.7092984 
Poliovirus__RNA-directed_RNA_polymerase_5986_7369_                                                2.7065244 2.1473579 1.1132859 1.1278031 1.2073034 1.0879834 0.9732543 0.8529388 0.8464202 0.8754667 1.0166560 0.9028338 0.8554290 0.6805687 0.0000000 0.7348467 0.6368527 0.6467193 
Human_enterovirus_B__3D_5901_7287_                                                                2.5677033 2.5522237 1.2673707 1.0512030 1.3245336 1.0899694 0.9447647 1.0548664 1.0326687 0.9485907 0.9244528 0.8977669 0.9476607 0.7477612 0.7348467 0.0000000 0.6124466 0.5757720 
Enterovirus_J_strain_1631__3D_5856_7242_                                                          2.7089964 2.6838899 1.2043448 1.0803003 1.1885914 1.0502185 0.9360358 0.9592174 1.0011489 0.8986120 0.9212939 0.8158243 0.8617590 0.6887328 0.6368527 0.6124466 0.0000000 0.4409653 
Enterovirus_J_strain_N203__3D_5885_7271_                                                          2.4992407 2.4392796 1.1642579 1.2133090 1.0930049 0.9816789 0.8828499 1.0416183 1.0315616 0.8793641 0.9213553 0.8561652 0.8286732 0.7092984 0.6467193 0.5757720 0.4409653 0.0000000 
