Node	Site	State 	p_A	p_C	p_G	p_T
72	1	T	0.11345	0.17055	0.08790	0.62810
72	2	T	0.11345	0.17055	0.08790	0.62810
72	3	T	0.00022	0.00081	0.00008	0.99889
72	4	T	0.00086	0.00307	0.00033	0.99574
72	5	A	0.99654	0.00048	0.00177	0.00122
72	6	A	0.99913	0.00012	0.00045	0.00031
72	7	A	0.99913	0.00012	0.00045	0.00031
72	8	A	0.99655	0.00048	0.00177	0.00120
72	9	C	0.00151	0.97821	0.00073	0.01954
72	10	A	0.99578	0.00054	0.00186	0.00182
72	11	G	0.00236	0.00032	0.99667	0.00065
72	12	C	0.00193	0.98302	0.00131	0.01374
72	13	C	0.04790	0.52071	0.30821	0.12318
72	14	T	0.07937	0.14631	0.20355	0.57076
72	15	G	0.26992	0.08327	0.50547	0.14134
72	16	W	0.36754	0.09457	0.21498	0.32291
72	17	G	0.00054	0.00007	0.99925	0.00014
72	18	G	0.00201	0.00026	0.99719	0.00054
72	19	G	0.00054	0.00007	0.99925	0.00014
72	20	T	0.00566	0.01106	0.00333	0.97995
72	21	T	0.00019	0.00069	0.00007	0.99906
72	22	G	0.22633	0.00257	0.76507	0.00603
72	23	T	0.00019	0.00069	0.00007	0.99906
72	24	T	0.04018	0.27743	0.01592	0.66647
72	25	C	0.00009	0.99895	0.00004	0.00091
72	26	C	0.00009	0.99895	0.00004	0.00091
72	27	C	0.21493	0.74616	0.00761	0.03130
72	28	A	0.98583	0.00295	0.00613	0.00508
72	29	C	0.00290	0.98543	0.00191	0.00975
72	30	C	0.00026	0.99713	0.00012	0.00249
72	31	C	0.00006	0.99929	0.00003	0.00062
72	32	A	0.78058	0.07051	0.04734	0.10157
72	33	H	0.31696	0.23756	0.09246	0.35303
72	34	R	0.38534	0.07469	0.33263	0.20734
72	35	G	0.18368	0.25744	0.46717	0.09171
72	36	G	0.00378	0.00058	0.99445	0.00118
72	37	G	0.22912	0.00531	0.75394	0.01163
72	38	C	0.00000	0.99995	0.00000	0.00005
72	39	C	0.00001	0.99977	0.00000	0.00022
72	40	C	0.00001	0.99966	0.00000	0.00032
72	41	A	0.99988	0.00001	0.00007	0.00004
72	42	C	0.00057	0.95103	0.00019	0.04821
72	43	T	0.03999	0.03829	0.24497	0.67674
72	44	G	0.02668	0.01098	0.81140	0.15094
72	45	G	0.00014	0.00001	0.99984	0.00002
72	46	G	0.00002	0.00000	0.99997	0.00000
72	47	T	0.00568	0.38839	0.00196	0.60397
72	48	G	0.00002	0.00000	0.99997	0.00000
72	49	G	0.08423	0.03693	0.83037	0.04848
72	50	C	0.02832	0.86077	0.01892	0.09199
72	51	T	0.00015	0.00092	0.00004	0.99890
72	52	A	0.99761	0.00024	0.00139	0.00076
72	53	G	0.00004	0.00000	0.99995	0.00001
72	54	T	0.00016	0.00102	0.00004	0.99877
72	55	A	0.99921	0.00007	0.00047	0.00025
72	56	C	0.00100	0.98758	0.00667	0.00475
72	57	T	0.00015	0.00094	0.00004	0.99887
72	58	C	0.00002	0.99956	0.00001	0.00042
72	59	T	0.00005	0.00032	0.00001	0.99962
72	60	G	0.00014	0.00001	0.99983	0.00002
72	61	G	0.00049	0.00003	0.99940	0.00008
72	62	T	0.00003	0.00017	0.00001	0.99980
72	63	A	0.93621	0.00677	0.00877	0.04825
72	64	C	0.00458	0.69491	0.00163	0.29888
72	65	T	0.01738	0.31799	0.00712	0.65750
72	66	A	0.93581	0.01568	0.02521	0.02330
72	67	T	0.00195	0.28312	0.00057	0.71436
72	68	C	0.17934	0.47481	0.11705	0.22881
72	69	G	0.00165	0.00017	0.99782	0.00036
72	70	G	0.00011	0.00001	0.99987	0.00002
72	71	T	0.03967	0.01010	0.00222	0.94802
72	72	A	0.99960	0.00004	0.00023	0.00013
72	73	C	0.00005	0.99889	0.00002	0.00104
72	74	C	0.00001	0.99968	0.00000	0.00031
72	75	T	0.00078	0.00663	0.00024	0.99235
72	76	T	0.00000	0.00003	0.00000	0.99996
72	77	T	0.00001	0.00006	0.00000	0.99993
72	78	G	0.00282	0.00767	0.98739	0.00212
72	79	T	0.00040	0.00261	0.00012	0.99687
72	80	A	0.99977	0.00002	0.00013	0.00008
72	81	C	0.00000	0.99991	0.00000	0.00008
72	82	G	0.00004	0.00000	0.99995	0.00001
72	83	C	0.00000	0.99991	0.00000	0.00008
72	84	C	0.00000	0.99991	0.00000	0.00008
72	85	T	0.00008	0.00036	0.00001	0.99955
72	86	G	0.07182	0.03203	0.87512	0.02102
72	87	T	0.00001	0.00006	0.00000	0.99993
72	88	T	0.00001	0.00006	0.00000	0.99993
72	89	T	0.00001	0.00006	0.00000	0.99993
72	90	T	0.00048	0.02939	0.00013	0.96999
72	91	A	0.50366	0.08637	0.20528	0.20469
72	92	C	0.00100	0.92698	0.00035	0.07167
72	93	T	0.09752	0.31397	0.01026	0.57825
72	94	C	0.00670	0.73080	0.00248	0.26002
72	95	C	0.00298	0.93107	0.00104	0.06491
72	96	T	0.10750	0.16451	0.08202	0.64598
72	97	C	0.00008	0.99911	0.00004	0.00078
72	98	C	0.00008	0.99914	0.00003	0.00075
72	99	C	0.05179	0.69328	0.03464	0.22029
72	100	T	0.02611	0.05210	0.01568	0.90612
72	101	T	0.10818	0.16521	0.08268	0.64392
72	102	T	0.03606	0.08308	0.02080	0.86006
72	103	C	0.00913	0.95359	0.00607	0.03121
72	104	C	0.00010	0.99890	0.00004	0.00095
72	105	C	0.00010	0.99890	0.00004	0.00095
72	106	C	0.00096	0.99049	0.00046	0.00810
72	107	A	0.44306	0.28294	0.07856	0.19544
72	108	A	0.72558	0.20669	0.01743	0.05029
72	109	C	0.02205	0.58506	0.00779	0.38510
72	110	C	0.16153	0.58614	0.02840	0.22393
72	111	H	0.31130	0.28088	0.05740	0.35041
72	112	T	0.07300	0.34072	0.02205	0.56423
72	113	G	0.00054	0.00007	0.99925	0.00014
72	114	T	0.21918	0.05252	0.02689	0.70140
72	115	A	0.99996	0.00000	0.00002	0.00001
72	116	A	0.99996	0.00000	0.00002	0.00001
72	117	C	0.00007	0.99857	0.00002	0.00134
72	118	-	0.21353	0.18623	0.30808	0.29216
72	119	T	0.00015	0.00092	0.00004	0.99890
72	120	A	0.69050	0.08193	0.12330	0.10427
72	121	T	0.10427	0.16111	0.07888	0.65573
72	122	C	0.08193	0.69235	0.06460	0.16111
72	123	T	0.00001	0.00006	0.00000	0.99993
72	124	A	0.99996	0.00000	0.00002	0.00001
72	125	G	0.00004	0.00000	0.99995	0.00001
72	126	A	0.99996	0.00000	0.00002	0.00001
72	127	A	0.99978	0.00002	0.00013	0.00007
72	128	G	0.00004	0.00000	0.99995	0.00001
72	129	C	0.10322	0.64435	0.01669	0.23574
72	130	T	0.16170	0.12631	0.05810	0.65388
72	131	Y	0.16475	0.33211	0.07348	0.42966
72	132	A	0.93525	0.01405	0.02810	0.02260
72	133	T	0.16170	0.12631	0.05810	0.65388
72	134	A	0.99621	0.00053	0.00194	0.00132
72	135	A	0.80511	0.03423	0.04778	0.11288
72	136	T	0.00436	0.05055	0.00149	0.94360
72	137	A	0.82346	0.02125	0.08364	0.07166
72	138	A	0.81720	0.01335	0.12104	0.04841
72	139	A	0.90235	0.01303	0.01887	0.06575
72	140	C	0.00291	0.97150	0.01277	0.01281
72	141	A	0.99968	0.00003	0.00019	0.00011
72	142	C	0.02604	0.64090	0.01246	0.32060
72	143	A	0.88480	0.02509	0.05043	0.03968
72	144	A	0.85219	0.02255	0.01703	0.10824
72	145	A	0.90616	0.04484	0.01573	0.03326
72	146	C	0.09960	0.76744	0.01250	0.12046
72	147	C	0.08196	0.59604	0.01769	0.30431
72	148	A	0.74870	0.06366	0.10226	0.08538
72	149	G	0.00004	0.00000	0.99995	0.00001
72	150	T	0.05613	0.26986	0.00848	0.66552
72	151	A	0.62880	0.08711	0.02593	0.25816
72	152	C	0.00000	0.99991	0.00000	0.00008
72	153	A	0.99979	0.00002	0.00012	0.00007
72	154	A	0.99340	0.00077	0.00373	0.00209
72	155	T	0.00017	0.00124	0.00004	0.99855
72	156	A	0.99996	0.00000	0.00002	0.00001
72	157	G	0.00004	0.00000	0.99995	0.00001
72	158	Y	0.06740	0.49937	0.04413	0.38911
72	159	A	0.62592	0.00882	0.34683	0.01842
72	160	G	0.12967	0.01105	0.83910	0.02018
72	161	G	0.00390	0.00061	0.99436	0.00113
72	162	C	0.00242	0.98169	0.00128	0.01460
72	163	G	0.03050	0.00188	0.96370	0.00392
72	164	G	0.10168	0.24417	0.39767	0.25648
72	165	G	0.08467	0.02203	0.80949	0.08382
72	166	G	0.00083	0.00006	0.99896	0.00015
72	167	C	0.12876	0.63592	0.03565	0.19966
72	168	G	0.19344	0.00514	0.78887	0.01255
72	169	C	0.00194	0.97103	0.00073	0.02629
72	170	C	0.30657	0.49066	0.04670	0.15607
72	171	A	0.89696	0.01838	0.05681	0.02785
72	172	C	0.00153	0.93859	0.00052	0.05937
72	173	A	0.99995	0.00000	0.00003	0.00002
72	174	T	0.26835	0.12660	0.16041	0.44464
72	175	C	0.00000	0.99991	0.00000	0.00008
72	176	C	0.00009	0.99895	0.00004	0.00091
72	177	A	0.99682	0.00044	0.00162	0.00111
72	178	G	0.22872	0.00739	0.74862	0.01526
72	179	T	0.02557	0.10067	0.01156	0.86220
72	180	D	0.31231	0.12119	0.26511	0.30139
72	181	G	0.05999	0.02236	0.89054	0.02711
72	182	T	0.04152	0.33234	0.02419	0.60194
72	183	G	0.02441	0.00123	0.97153	0.00282
72	184	T	0.00228	0.05935	0.00076	0.93761
72	185	C	0.01925	0.79236	0.00424	0.18416
72	186	A	0.76678	0.03232	0.09164	0.10925
72	187	A	0.99296	0.00070	0.00443	0.00190
72	188	T	0.01702	0.41959	0.00603	0.55735
72	189	G	0.00004	0.00000	0.99995	0.00001
72	190	T	0.32469	0.06633	0.09433	0.51464
72	191	A	0.78089	0.01007	0.16122	0.04782
72	192	C	0.00000	0.99991	0.00000	0.00008
72	193	A	0.99996	0.00000	0.00002	0.00001
72	194	A	0.99977	0.00002	0.00014	0.00008
72	195	G	0.00023	0.00001	0.99972	0.00004
72	196	C	0.00007	0.99846	0.00002	0.00144
72	197	A	0.99996	0.00000	0.00002	0.00001
72	198	C	0.00000	0.99995	0.00000	0.00005
72	199	T	0.00000	0.00003	0.00000	0.99996
72	200	T	0.00000	0.00003	0.00000	0.99996
72	201	C	0.00000	0.99991	0.00000	0.00008
72	202	T	0.00000	0.00003	0.00000	0.99996
72	203	G	0.00002	0.00000	0.99997	0.00000
72	204	T	0.00000	0.00003	0.00000	0.99996
72	205	T	0.00031	0.00221	0.00009	0.99740
72	206	T	0.00010	0.00062	0.00002	0.99926
72	207	Y	0.08657	0.43297	0.06562	0.41484
72	208	C	0.00001	0.99962	0.00000	0.00036
72	209	C	0.00001	0.99977	0.00000	0.00022
72	210	C	0.00000	0.99995	0.00000	0.00005
72	211	C	0.00473	0.99225	0.00016	0.00286
72	212	G	0.00011	0.00001	0.99987	0.00002
72	213	G	0.00014	0.00001	0.99984	0.00002
72	214	A	0.80278	0.01173	0.01255	0.17295
72	215	R	0.40919	0.16166	0.33405	0.09510
72	216	Y	0.06027	0.48930	0.01798	0.43245
72	217	G	0.01379	0.00090	0.98297	0.00234
72	218	A	0.56903	0.00622	0.40878	0.01596
72	219	G	0.01733	0.00164	0.97590	0.00513
72	220	T	0.06971	0.28153	0.11216	0.53659
72	221	H	0.28942	0.26632	0.13176	0.31251
72	222	Y	0.11640	0.46060	0.03939	0.38361
72	223	A	0.84785	0.05691	0.04637	0.04887
72	224	T	0.23245	0.14644	0.08226	0.53885
72	225	A	0.70434	0.02773	0.22431	0.04362
72	226	T	0.11239	0.14110	0.22183	0.52469
72	227	C	0.11196	0.56690	0.11698	0.20416
72	228	G	0.15212	0.08343	0.63933	0.12512
72	229	G	0.17847	0.05799	0.68779	0.07575
72	230	T	0.00007	0.00041	0.00002	0.99950
72	231	A	0.99976	0.00002	0.00014	0.00008
72	232	G	0.05055	0.00280	0.93993	0.00671
72	233	G	0.01239	0.00062	0.98557	0.00142
72	234	C	0.00002	0.99958	0.00001	0.00040
72	235	T	0.00006	0.00038	0.00002	0.99954
72	236	G	0.00105	0.00010	0.99858	0.00028
72	237	T	0.00230	0.01705	0.00077	0.97988
72	238	A	0.97733	0.00276	0.01224	0.00767
72	239	C	0.00027	0.99550	0.00010	0.00412
72	240	C	0.00343	0.95282	0.00131	0.04245
72	241	C	0.00007	0.99871	0.00002	0.00120
72	242	A	0.99729	0.00030	0.00158	0.00083
72	243	C	0.00212	0.97795	0.00093	0.01901
72	244	G	0.00393	0.00090	0.98685	0.00832
72	245	G	0.00008	0.00000	0.99990	0.00001
72	246	C	0.00111	0.97668	0.00042	0.02179
72	247	T	0.03604	0.20573	0.01806	0.74017
72	248	G	0.03662	0.00068	0.96098	0.00172
72	249	A	0.99991	0.00001	0.00005	0.00003
72	250	A	0.99947	0.00005	0.00030	0.00017
72	251	A	0.95206	0.00121	0.04363	0.00309
72	252	G	0.03526	0.00498	0.95046	0.00930
72	253	C	0.15117	0.48639	0.14955	0.21289
72	254	G	0.05624	0.00775	0.91999	0.01601
72	255	A	0.91623	0.01860	0.03590	0.02927
72	256	A	0.75482	0.10166	0.03451	0.10901
72	257	H	0.35967	0.25015	0.02197	0.36820
72	258	C	0.21610	0.45363	0.05273	0.27755
72	259	G	0.26174	0.11430	0.47444	0.14952
72	260	G	0.13053	0.00504	0.84998	0.01445
72	261	A	0.89119	0.04941	0.01690	0.04249
72	262	C	0.00039	0.98312	0.00014	0.01635
72	263	C	0.00000	0.99995	0.00000	0.00005
72	264	G	0.00011	0.00001	0.99987	0.00002
72	265	T	0.00000	0.00003	0.00000	0.99996
72	266	T	0.00008	0.00051	0.00002	0.99940
72	267	A	0.99998	0.00000	0.00001	0.00001
72	268	Y	0.02137	0.46701	0.00556	0.50606
72	269	C	0.00001	0.99966	0.00000	0.00032
72	270	C	0.00001	0.99977	0.00000	0.00022
72	271	G	0.00015	0.00001	0.99982	0.00002
72	272	C	0.00002	0.99963	0.00001	0.00035
72	273	C	0.00016	0.99650	0.00005	0.00329
72	274	T	0.02005	0.37651	0.00939	0.59405
72	275	A	0.92183	0.00966	0.01248	0.05603
72	276	V	0.24223	0.34201	0.23839	0.17738
72	277	Y	0.12568	0.43256	0.13231	0.30945
72	278	C	0.01131	0.90368	0.03077	0.05424
72	279	T	0.04147	0.02280	0.00623	0.92951
72	280	A	0.99944	0.00007	0.00030	0.00019
72	281	C	0.00000	0.99995	0.00000	0.00005
72	282	T	0.00000	0.00003	0.00000	0.99996
72	283	A	0.85887	0.00329	0.07302	0.06482
72	284	C	0.00000	0.99995	0.00000	0.00005
72	285	G	0.00097	0.00007	0.99880	0.00016
72	286	A	0.87186	0.02426	0.03020	0.07369
72	287	G	0.09520	0.00322	0.89410	0.00749
72	288	C	0.14008	0.52609	0.12305	0.21079
72	289	A	0.52200	0.14008	0.17840	0.15952
72	290	T	0.15952	0.21079	0.13644	0.49325
72	291	A	0.99950	0.00005	0.00029	0.00016
72	292	A	0.99323	0.00477	0.00052	0.00149
72	293	G	0.25373	0.03124	0.57256	0.14247
72	294	G	0.00331	0.03713	0.95666	0.00290
72	295	T	0.00089	0.21937	0.00024	0.77950
72	296	T	0.00010	0.00071	0.00003	0.99916
72	297	A	0.99998	0.00000	0.00001	0.00001
72	298	G	0.00332	0.00028	0.99577	0.00063
72	299	T	0.00000	0.00003	0.00000	0.99996
72	300	A	0.99984	0.00001	0.00009	0.00005
72	301	A	0.69398	0.14531	0.03903	0.12168
72	302	C	0.00001	0.99972	0.00000	0.00026
72	303	A	0.86445	0.01927	0.02243	0.09385
72	304	C	0.01723	0.60893	0.00553	0.36831
72	305	C	0.00583	0.89514	0.00229	0.09674
72	306	T	0.04144	0.26048	0.00707	0.69101
72	307	T	0.00148	0.00896	0.00050	0.98906
72	308	G	0.06591	0.02424	0.87364	0.03621
72	309	G	0.11237	0.04174	0.77906	0.06684
72	310	G	0.09889	0.02679	0.83531	0.03901
72	311	A	0.71788	0.09374	0.15549	0.03290
72	312	A	0.65234	0.01844	0.21989	0.10934
72	313	D	0.33563	0.05969	0.35092	0.25375
72	314	T	0.00857	0.27378	0.00304	0.71462
72	315	T	0.11699	0.05661	0.01511	0.81128
72	316	A	0.47211	0.03846	0.32249	0.16694
72	317	C	0.04074	0.57075	0.05196	0.33655
72	318	T	0.15032	0.17475	0.02946	0.64547
72	319	K	0.17047	0.20197	0.27624	0.35133
72	320	T	0.31376	0.07743	0.04486	0.56394
72	321	G	0.07563	0.00219	0.91697	0.00522
72	322	G	0.06910	0.00351	0.91800	0.00939
72	323	G	0.24237	0.02463	0.66277	0.07023
72	324	C	0.02714	0.72517	0.01372	0.23397
72	325	G	0.00004	0.00000	0.99995	0.00001
72	326	T	0.00005	0.00033	0.00001	0.99961
72	327	T	0.00006	0.00044	0.00001	0.99949
72	328	G	0.27519	0.00749	0.70147	0.01585
72	329	C	0.00000	0.99991	0.00000	0.00008
72	330	G	0.00023	0.00001	0.99972	0.00004
72	331	C	0.01463	0.96569	0.00135	0.01833
72	332	T	0.00005	0.00033	0.00001	0.99961
72	333	C	0.00000	0.99991	0.00000	0.00008
72	334	A	0.98400	0.00198	0.00881	0.00520
72	335	G	0.00213	0.00017	0.99730	0.00040
72	336	C	0.00008	0.99914	0.00003	0.00075
72	337	C	0.29376	0.65074	0.01048	0.04502
72	338	C	0.03189	0.88671	0.00902	0.07239
72	339	A	0.52592	0.06585	0.05011	0.35812
72	340	T	0.10127	0.28119	0.16131	0.45623
72	341	T	0.01355	0.11361	0.00613	0.86671
72	342	A	0.52255	0.06176	0.31069	0.10500
72	343	A	0.95159	0.00801	0.02373	0.01667
72	344	A	0.59604	0.09583	0.27774	0.03039
72	345	C	0.00005	0.99942	0.00002	0.00051
72	346	C	0.00005	0.99942	0.00002	0.00051
72	347	C	0.00059	0.99391	0.00028	0.00523
72	348	D	0.29383	0.10663	0.31838	0.28116
72	349	A	0.57585	0.02138	0.36262	0.04015
72	350	A	0.82190	0.01149	0.14511	0.02150
72	351	R	0.34743	0.11350	0.43282	0.10626
72	352	G	0.00609	0.00090	0.99128	0.00173
72	353	T	0.00050	0.00186	0.00019	0.99745
72	354	G	0.22912	0.00531	0.75394	0.01163
72	355	G	0.00550	0.00100	0.99183	0.00167
72	356	T	0.00038	0.00141	0.00014	0.99807
72	357	A	0.99960	0.00005	0.00021	0.00014
72	358	G	0.00127	0.00015	0.99825	0.00033
72	359	Y	0.06501	0.42416	0.08330	0.42753
72	360	T	0.00003	0.00028	0.00001	0.99968
72	361	C	0.00260	0.87033	0.00094	0.12613
72	362	T	0.05958	0.07867	0.09302	0.76873
72	363	G	0.00002	0.00000	0.99997	0.00000
72	364	G	0.00053	0.00003	0.99936	0.00008
72	365	T	0.01511	0.19575	0.00549	0.78365
72	366	C	0.02560	0.70018	0.00536	0.26886
72	367	G	0.00004	0.00000	0.99995	0.00001
72	368	A	0.99996	0.00000	0.00002	0.00001
72	369	T	0.00001	0.00006	0.00000	0.99993
72	370	G	0.00004	0.00000	0.99995	0.00001
72	371	A	0.99710	0.00026	0.00188	0.00076
72	372	G	0.00020	0.00001	0.99976	0.00003
72	373	G	0.00148	0.00032	0.99415	0.00405
72	374	C	0.00000	0.99995	0.00000	0.00005
72	375	T	0.00011	0.00067	0.00003	0.99919
72	376	G	0.23650	0.17876	0.52248	0.06226
72	377	G	0.00057	0.00004	0.99930	0.00010
72	378	G	0.06197	0.01291	0.87194	0.05319
72	379	C	0.03103	0.91191	0.00479	0.05226
72	380	A	0.97768	0.00252	0.01321	0.00659
72	381	T	0.01550	0.30652	0.00555	0.67243
72	382	H	0.28805	0.30120	0.17312	0.23763
72	383	T	0.01453	0.05713	0.00354	0.92480
72	384	C	0.00000	0.99995	0.00000	0.00005
72	385	C	0.00000	0.99995	0.00000	0.00005
72	386	C	0.00004	0.99903	0.00001	0.00091
72	387	C	0.00000	0.99995	0.00000	0.00005
72	388	A	0.99981	0.00002	0.00011	0.00006
72	389	C	0.00017	0.99695	0.00007	0.00281
72	390	T	0.02180	0.03714	0.05723	0.88383
72	391	G	0.00016	0.00001	0.99981	0.00002
72	392	G	0.00002	0.00000	0.99997	0.00000
72	393	C	0.00109	0.93976	0.00038	0.05877
72	394	G	0.00016	0.00001	0.99981	0.00002
72	395	A	0.99998	0.00000	0.00001	0.00001
72	396	C	0.00001	0.99962	0.00000	0.00036
72	397	A	0.85982	0.07655	0.02085	0.04278
72	398	G	0.00310	0.00029	0.99597	0.00064
72	399	T	0.00067	0.00369	0.00030	0.99534
72	400	G	0.00002	0.00000	0.99997	0.00000
72	401	T	0.05295	0.12253	0.02955	0.79496
72	402	G	0.01501	0.00385	0.96112	0.02003
72	403	C	0.05398	0.83835	0.00780	0.09988
72	404	C	0.00006	0.99870	0.00002	0.00122
72	405	T	0.00438	0.32232	0.00169	0.67160
72	406	A	0.93714	0.00534	0.00635	0.05117
72	407	G	0.00002	0.00000	0.99997	0.00000
72	408	C	0.00075	0.99073	0.00367	0.00484
72	409	C	0.00004	0.99903	0.00001	0.00091
72	410	T	0.00033	0.00279	0.00009	0.99679
72	411	G	0.00002	0.00000	0.99997	0.00000
72	412	C	0.00001	0.99977	0.00000	0.00022
72	413	G	0.00002	0.00000	0.99997	0.00000
72	414	T	0.00241	0.00883	0.00097	0.98779
72	415	T	0.00005	0.00030	0.00001	0.99964
72	416	G	0.00047	0.00003	0.99941	0.00008
72	417	G	0.00004	0.00000	0.99995	0.00001
72	418	C	0.00000	0.99991	0.00000	0.00008
72	419	G	0.00174	0.00022	0.99664	0.00140
72	420	G	0.00076	0.00006	0.99905	0.00014
72	421	C	0.00002	0.99941	0.00001	0.00056
72	422	C	0.00000	0.99991	0.00000	0.00008
72	423	A	0.48792	0.17658	0.06001	0.27548
72	424	G	0.02495	0.00803	0.95517	0.01185
72	425	C	0.01147	0.94249	0.00757	0.03848
72	426	C	0.03991	0.73624	0.02562	0.19822
72	427	C	0.05038	0.63794	0.03197	0.27971
72	428	A	0.82726	0.02975	0.09611	0.04688
72	429	C	0.00839	0.95755	0.00554	0.02853
72	430	A	0.79331	0.01664	0.16319	0.02686
72	431	C	0.00180	0.98097	0.00907	0.00816
72	432	C	0.00525	0.95339	0.01735	0.02401
72	433	Y	0.09389	0.36893	0.12700	0.41018
72	434	A	0.74747	0.05872	0.03175	0.16206
72	435	G	0.11384	0.05736	0.71613	0.11267
72	436	B	0.08273	0.26724	0.32946	0.32058
72	437	T	0.09857	0.12575	0.24924	0.52644
72	438	G	0.00166	0.00036	0.99249	0.00548
72	439	G	0.04150	0.00107	0.95478	0.00265
72	440	G	0.05189	0.02047	0.87703	0.05061
72	441	C	0.03551	0.61673	0.06352	0.28424
72	442	A	0.81844	0.08063	0.02981	0.07113
72	443	A	0.90739	0.01539	0.04917	0.02805
72	444	C	0.08812	0.70209	0.06482	0.14497
72	445	C	0.05384	0.76192	0.04324	0.14099
72	446	C	0.01614	0.84491	0.00916	0.12979
72	447	C	0.00661	0.94507	0.00358	0.04474
72	448	M	0.35017	0.32579	0.10472	0.21932
72	449	T	0.03720	0.00945	0.00195	0.95141
72	450	G	0.15658	0.03164	0.69918	0.11261
72	451	G	0.02173	0.02452	0.93888	0.01487
72	452	G	0.00966	0.01578	0.96754	0.00701
72	453	A	0.99773	0.00027	0.00124	0.00075
72	454	C	0.00147	0.98190	0.00046	0.01617
72	455	G	0.00002	0.00000	0.99997	0.00000
72	456	C	0.00005	0.99860	0.00002	0.00133
72	457	C	0.00073	0.95950	0.00027	0.03950
72	458	C	0.02122	0.58644	0.00512	0.38723
72	459	A	0.68614	0.03839	0.03449	0.24098
72	460	Y	0.14438	0.34218	0.09127	0.42217
72	461	T	0.00174	0.00742	0.00046	0.99039
72	462	T	0.03355	0.04569	0.05941	0.86135
72	463	A	0.92135	0.00528	0.06094	0.01243
72	464	A	0.69072	0.05800	0.04863	0.20266
72	465	G	0.07302	0.00482	0.90438	0.01778
72	466	G	0.00277	0.00021	0.99656	0.00046
72	467	A	0.99951	0.00005	0.00028	0.00016
72	468	C	0.00011	0.99775	0.00004	0.00209
72	469	A	0.99986	0.00001	0.00008	0.00005
72	470	A	0.43974	0.04797	0.23928	0.27300
72	471	G	0.00062	0.00004	0.99923	0.00011
72	472	G	0.00005	0.00000	0.99994	0.00001
72	473	T	0.00001	0.00007	0.00000	0.99992
72	474	A	0.77268	0.05725	0.09262	0.07745
72	475	A	0.77268	0.05725	0.09262	0.07745
72	476	G	0.21213	0.10940	0.54832	0.13015
72	477	T	0.07353	0.12214	0.05210	0.75223
72	478	G	0.20142	0.10654	0.56514	0.12690
72	479	G	0.00005	0.00000	0.99994	0.00001
72	480	T	0.00650	0.05689	0.00226	0.93435
72	481	G	0.00286	0.00026	0.99632	0.00056
72	482	A	0.99998	0.00000	0.00001	0.00001
72	483	A	0.99987	0.00001	0.00007	0.00004
72	484	G	0.00011	0.00001	0.99987	0.00002
72	485	A	0.95889	0.00044	0.03921	0.00146
72	486	C	0.00293	0.93550	0.04983	0.01174
72	487	C	0.02402	0.61358	0.08207	0.28033
72	488	C	0.00000	0.99995	0.00000	0.00005
72	489	T	0.00555	0.00785	0.01538	0.97123
72	490	A	0.96863	0.02039	0.00290	0.00808
72	491	T	0.06513	0.05400	0.01365	0.86722
72	492	T	0.00003	0.00018	0.00001	0.99978
72	493	G	0.00002	0.00000	0.99997	0.00000
72	494	T	0.05154	0.10365	0.00184	0.84297
72	495	G	0.00002	0.00000	0.99997	0.00000
72	496	C	0.00000	0.99995	0.00000	0.00005
72	497	T	0.00000	0.00003	0.00000	0.99996
72	498	T	0.14456	0.27352	0.16912	0.41279
72	499	C	0.08731	0.59973	0.06593	0.24703
72	500	A	0.93052	0.00168	0.06330	0.00449
72	501	G	0.12173	0.13238	0.67087	0.07502
72	502	T	0.15642	0.12214	0.23905	0.48238
72	503	T	0.05493	0.02082	0.00478	0.91947
72	504	G	0.11127	0.00370	0.87640	0.00863
72	505	G	0.01514	0.00332	0.96440	0.01714
72	506	G	0.01566	0.00388	0.91921	0.06125
72	507	A	0.99627	0.00051	0.00170	0.00152
72	508	G	0.01876	0.00288	0.96818	0.01018
72	509	T	0.00008	0.00059	0.00002	0.99930
72	510	C	0.00000	0.99995	0.00000	0.00005
72	511	C	0.00003	0.99920	0.00001	0.00076
72	512	T	0.00002	0.00015	0.00001	0.99982
72	513	C	0.00000	0.99995	0.00000	0.00005
72	514	C	0.00001	0.99966	0.00000	0.00032
72	515	G	0.00016	0.00001	0.99981	0.00002
72	516	G	0.00011	0.00001	0.99987	0.00002
72	517	C	0.00031	0.99521	0.00012	0.00437
72	518	C	0.00002	0.99952	0.00001	0.00045
72	519	C	0.03250	0.55702	0.01970	0.39077
72	520	C	0.00000	0.99995	0.00000	0.00005
72	521	C	0.00002	0.99951	0.00001	0.00046
72	522	T	0.00000	0.00003	0.00000	0.99996
72	523	G	0.00002	0.00000	0.99997	0.00000
72	524	A	0.99998	0.00000	0.00001	0.00001
72	525	A	0.99998	0.00000	0.00001	0.00001
72	526	T	0.00000	0.00003	0.00000	0.99996
72	527	G	0.00002	0.00000	0.99997	0.00000
72	528	C	0.00001	0.99961	0.00000	0.00037
72	529	G	0.00014	0.00001	0.99984	0.00002
72	530	G	0.00002	0.00000	0.99997	0.00000
72	531	C	0.00001	0.99971	0.00000	0.00028
72	532	T	0.00000	0.00003	0.00000	0.99996
72	533	A	0.99998	0.00000	0.00001	0.00001
72	534	A	0.99998	0.00000	0.00001	0.00001
72	535	C	0.00096	0.75455	0.00029	0.24420
72	536	C	0.00000	0.99995	0.00000	0.00005
72	537	C	0.00071	0.95325	0.00023	0.04580
72	538	T	0.01837	0.04660	0.04198	0.89305
72	539	A	0.99998	0.00000	0.00001	0.00001
72	540	A	0.99998	0.00000	0.00001	0.00001
72	541	C	0.00000	0.99995	0.00000	0.00005
72	542	C	0.00004	0.99893	0.00002	0.00101
72	543	C	0.00304	0.95091	0.00110	0.04495
72	544	C	0.00075	0.95411	0.00025	0.04489
72	545	G	0.22761	0.00730	0.75047	0.01462
72	546	G	0.00168	0.00017	0.99781	0.00034
72	547	A	0.99987	0.00001	0.00007	0.00004
72	548	G	0.00002	0.00000	0.99997	0.00000
72	549	C	0.00001	0.99962	0.00000	0.00036
72	550	A	0.54590	0.22606	0.07651	0.15154
72	551	T	0.06032	0.14019	0.02438	0.77511
72	552	W	0.38382	0.19271	0.08830	0.33517
72	553	T	0.21941	0.04969	0.02028	0.71062
72	554	G	0.08987	0.03857	0.69575	0.17581
72	555	C	0.05525	0.65756	0.18561	0.10158
72	556	C	0.07339	0.56526	0.03444	0.32692
72	557	C	0.00952	0.92761	0.00454	0.05833
72	558	A	0.81405	0.01353	0.14284	0.02958
72	559	C	0.00114	0.98837	0.00055	0.00994
72	560	A	0.75032	0.00477	0.23392	0.01099
72	561	A	0.99951	0.00006	0.00026	0.00018
72	562	T	0.06574	0.13365	0.02046	0.78015
72	563	C	0.00006	0.99929	0.00003	0.00062
72	564	C	0.00006	0.99929	0.00003	0.00062
72	565	A	0.99801	0.00027	0.00102	0.00070
72	566	G	0.00653	0.00095	0.99070	0.00182
72	567	T	0.01142	0.12693	0.00491	0.85674
72	568	G	0.03032	0.00529	0.95468	0.00971
72	569	G	0.23452	0.02438	0.68761	0.05349
72	570	G	0.10033	0.06359	0.62782	0.20826
72	571	T	0.00514	0.02703	0.00217	0.96566
72	572	G	0.31888	0.01382	0.63302	0.03428
72	573	G	0.01425	0.00546	0.95243	0.02786
72	574	T	0.15008	0.07771	0.07802	0.69419
72	575	A	0.57349	0.01549	0.37064	0.04039
72	576	G	0.07075	0.03239	0.71762	0.17923
72	577	G	0.00004	0.00000	0.99995	0.00001
72	578	T	0.00001	0.00006	0.00000	0.99993
72	579	C	0.00002	0.99955	0.00001	0.00043
72	580	G	0.00020	0.00001	0.99976	0.00003
72	581	T	0.00001	0.00006	0.00000	0.99993
72	582	A	0.99996	0.00000	0.00002	0.00001
72	583	A	0.99996	0.00000	0.00002	0.00001
72	584	T	0.00221	0.05202	0.00075	0.94502
72	585	G	0.00020	0.00001	0.99975	0.00003
72	586	A	0.76905	0.17802	0.01297	0.03996
72	587	G	0.00004	0.00000	0.99995	0.00001
72	588	T	0.01091	0.39955	0.00390	0.58564
72	589	A	0.99998	0.00000	0.00001	0.00001
72	590	A	0.99998	0.00000	0.00001	0.00001
72	591	T	0.04842	0.04676	0.26670	0.63812
72	592	T	0.00002	0.00015	0.00001	0.99982
72	593	C	0.00188	0.82261	0.00121	0.17430
72	594	T	0.05137	0.24065	0.11107	0.59691
72	595	G	0.00011	0.00001	0.99987	0.00002
72	596	G	0.00415	0.00031	0.99478	0.00077
72	597	G	0.00046	0.00003	0.99944	0.00007
72	598	A	0.53722	0.07886	0.33057	0.05335
72	599	C	0.02098	0.95431	0.00121	0.02350
72	600	G	0.00002	0.00000	0.99997	0.00000
72	601	G	0.00002	0.00000	0.99997	0.00000
72	602	G	0.19970	0.00073	0.79737	0.00220
72	603	A	0.99998	0.00000	0.00001	0.00001
72	604	C	0.00000	0.99995	0.00000	0.00005
72	605	C	0.00002	0.99958	0.00001	0.00040
72	606	G	0.00018	0.00001	0.99979	0.00002
72	607	A	0.99998	0.00000	0.00001	0.00001
72	608	C	0.00000	0.99995	0.00000	0.00005
72	609	T	0.00000	0.00003	0.00000	0.99996
72	610	A	0.99998	0.00000	0.00001	0.00001
72	611	C	0.00000	0.99995	0.00000	0.00005
72	612	T	0.00000	0.00003	0.00000	0.99996
72	613	T	0.00000	0.00003	0.00000	0.99996
72	614	T	0.00000	0.00003	0.00000	0.99996
72	615	G	0.00017	0.00001	0.99980	0.00003
72	616	G	0.00002	0.00000	0.99997	0.00000
72	617	G	0.00012	0.00001	0.99985	0.00002
72	618	T	0.00029	0.00176	0.00008	0.99787
72	619	G	0.00058	0.00003	0.99932	0.00008
72	620	G	0.11616	0.22691	0.52918	0.12774
72	621	T	0.00011	0.00072	0.00003	0.99914
72	622	C	0.00001	0.99962	0.00000	0.00036
72	623	C	0.00001	0.99977	0.00000	0.00022
72	624	G	0.00002	0.00000	0.99997	0.00000
72	625	T	0.00000	0.00003	0.00000	0.99996
72	626	G	0.00002	0.00000	0.99997	0.00000
72	627	T	0.00000	0.00003	0.00000	0.99996
72	628	T	0.00000	0.00003	0.00000	0.99996
72	629	T	0.00000	0.00003	0.00000	0.99996
72	630	C	0.00000	0.99995	0.00000	0.00005
72	631	C	0.00134	0.94481	0.00048	0.05337
72	632	T	0.00032	0.02392	0.00008	0.97568
72	633	G	0.13913	0.01444	0.74465	0.10178
72	634	T	0.00003	0.00017	0.00001	0.99980
72	635	T	0.00401	0.01727	0.00124	0.97748
72	636	T	0.00171	0.00684	0.00043	0.99102
72	637	T	0.00027	0.00159	0.00007	0.99807
72	638	T	0.00056	0.00239	0.00012	0.99693
72	639	C	0.00297	0.93477	0.00114	0.06112
72	640	T	0.01502	0.30227	0.00500	0.67770
72	641	T	0.00131	0.00462	0.00050	0.99358
72	642	A	0.77533	0.07486	0.02815	0.12166
72	643	T	0.06000	0.04417	0.00828	0.88754
72	644	W	0.39963	0.08458	0.07355	0.44224
72	645	T	0.06297	0.37985	0.01954	0.53765
72	646	G	0.13120	0.09028	0.51045	0.26806
72	647	A	0.51747	0.09447	0.07642	0.31163
72	648	T	0.00016	0.00094	0.00005	0.99885
72	649	G	0.20130	0.00190	0.79178	0.00502
72	650	G	0.04060	0.00970	0.91822	0.03147
72	651	C	0.00617	0.86476	0.00219	0.12688
72	652	T	0.03368	0.01575	0.02736	0.92322
72	653	G	0.05516	0.01733	0.86797	0.05955
72	654	C	0.00006	0.99759	0.00002	0.00233
72	655	T	0.00001	0.00006	0.00000	0.99993
72	656	T	0.00001	0.00006	0.00000	0.99993
72	657	A	0.99996	0.00000	0.00002	0.00001
72	658	T	0.00001	0.00006	0.00000	0.99993
72	659	G	0.00004	0.00000	0.99995	0.00001
72	660	G	0.00004	0.00000	0.99995	0.00001
72	661	T	0.00001	0.00006	0.00000	0.99993
72	662	G	0.00227	0.00463	0.99150	0.00161
72	663	A	0.99996	0.00000	0.00002	0.00001
72	664	C	0.00000	0.99991	0.00000	0.00008
72	665	A	0.99996	0.00000	0.00002	0.00001
72	666	A	0.97799	0.00025	0.02088	0.00088
72	667	T	0.01080	0.29207	0.00449	0.69265
72	668	T	0.00983	0.39635	0.00432	0.58949
72	669	G	0.09108	0.04149	0.81382	0.05360
72	670	T	0.10769	0.12107	0.04695	0.72429
72	671	A	0.63935	0.07499	0.17995	0.10570
72	672	A	0.85361	0.02946	0.06959	0.04733
72	673	D	0.27947	0.16394	0.33843	0.21817
72	674	G	0.19750	0.03866	0.70723	0.05660
72	675	T	0.00782	0.01550	0.00459	0.97209
72	676	T	0.00782	0.01550	0.00459	0.97209
72	677	G	0.03292	0.01091	0.94001	0.01616
72	678	T	0.01937	0.11080	0.01137	0.85846
72	679	T	0.03363	0.13943	0.02017	0.80677
72	680	A	0.97783	0.00465	0.00959	0.00793
72	681	Y	0.07354	0.38415	0.05548	0.48682
72	682	C	0.00165	0.95373	0.00077	0.04385
72	683	A	0.95630	0.00176	0.03793	0.00401
72	684	T	0.00117	0.00353	0.00039	0.99491
72	685	A	0.99995	0.00000	0.00003	0.00002
72	686	T	0.00029	0.00168	0.00008	0.99795
72	687	A	0.99995	0.00000	0.00003	0.00002
72	688	G	0.31822	0.01741	0.52365	0.14072
72	689	-	0.25664	0.31185	0.23272	0.19879
72	690	T	0.02520	0.20105	0.06014	0.71361
72	691	A	0.94919	0.00736	0.02590	0.01754
72	692	C	0.08592	0.81458	0.00966	0.08984
72	693	T	0.03227	0.01046	0.00208	0.95520
72	694	T	0.00001	0.00009	0.00000	0.99989
72	695	G	0.11612	0.05862	0.75263	0.07262
72	696	A	0.71074	0.07544	0.11612	0.09770
72	697	G	0.00341	0.00039	0.99542	0.00078
72	698	G	0.01043	0.00171	0.98445	0.00341
72	699	A	0.97156	0.00425	0.01508	0.00912
72	700	T	0.00098	0.00357	0.00038	0.99507
72	701	T	0.00023	0.00086	0.00009	0.99882
72	702	G	0.01476	0.00222	0.97892	0.00410
72	703	G	0.00713	0.00105	0.98986	0.00196
72	704	C	0.00136	0.98695	0.00067	0.01101
72	705	C	0.00136	0.98695	0.00067	0.01101
72	706	A	0.98945	0.00151	0.00564	0.00340
72	707	T	0.02287	0.06609	0.01115	0.89988
72	708	C	0.00136	0.98695	0.00067	0.01101
72	709	C	0.00418	0.96411	0.00214	0.02957
72	710	G	0.00153	0.00021	0.99783	0.00042
72	711	G	0.09579	0.04373	0.80403	0.05645
72	712	T	0.07976	0.13227	0.05645	0.73152
72	713	G	0.09579	0.04373	0.80403	0.05645
72	714	A	0.74870	0.06366	0.10226	0.08538
72	715	C	0.06366	0.74877	0.04817	0.13940
72	716	C	0.03453	0.77145	0.02211	0.17191
72	717	T	0.01087	0.02239	0.00640	0.96034
72	718	T	0.02982	0.05416	0.02707	0.88895
72	719	T	0.23890	0.21724	0.07172	0.47215
72	720	T	0.12203	0.25129	0.06655	0.56013
72	721	W	0.42749	0.09601	0.06867	0.40782
72	722	T	0.01856	0.03995	0.01099	0.93050
72	723	T	0.09272	0.13472	0.05051	0.72205
72	724	G	0.10500	0.04250	0.79395	0.05855
72	725	A	0.97480	0.00526	0.01095	0.00899
72	726	Y	0.11874	0.36123	0.05880	0.46124
72	727	T	0.04273	0.21306	0.02572	0.71850
72	728	T	0.00984	0.02014	0.00575	0.96428
72	729	G	0.19780	0.05577	0.66521	0.08121
72	730	Y	0.07395	0.41273	0.04663	0.46669
72	731	T	0.08747	0.12487	0.12416	0.66350
72	732	T	0.11601	0.29277	0.09428	0.49694
72	733	G	0.07239	0.08829	0.78157	0.05776
72	734	T	0.14269	0.06843	0.03013	0.75875
72	735	T	0.02583	0.05423	0.01534	0.90460
72	736	T	0.00984	0.02014	0.00575	0.96428
72	737	A	0.48811	0.13536	0.14227	0.23426
72	738	T	0.03219	0.06931	0.01927	0.87923
72	739	A	0.72201	0.07188	0.11206	0.09405
72	740	C	0.07188	0.72293	0.05541	0.14977
72	741	T	0.09405	0.14977	0.06921	0.68696
72	742	C	0.07188	0.72293	0.05541	0.14977
72	743	G	0.11206	0.05541	0.76331	0.06921
72	744	T	0.09405	0.14977	0.06921	0.68696
72	745	A	0.42986	0.27595	0.11569	0.17849
72	746	C	0.17273	0.43855	0.08281	0.30591
72	747	T	0.05430	0.08300	0.06837	0.79433
72	748	A	0.62362	0.05020	0.24952	0.07666
72	749	A	0.97089	0.00609	0.01268	0.01034
72	750	A	0.62443	0.06314	0.16490	0.14754
72	751	T	0.07017	0.10658	0.03410	0.78914
72	752	C	0.11366	0.53342	0.05837	0.29455
72	753	W	0.34934	0.13444	0.08317	0.43305
72	754	T	0.07779	0.20253	0.04841	0.67127
72	755	T	0.15551	0.25470	0.07114	0.51865
72	756	A	0.65796	0.06338	0.15342	0.12523
72	757	A	0.85730	0.03048	0.06362	0.04860
72	758	C	0.15739	0.44879	0.11526	0.27856
72	759	A	0.97156	0.00595	0.01237	0.01012
72	760	C	0.05936	0.64376	0.03841	0.25846
72	761	A	0.97156	0.00595	0.01237	0.01012
72	762	T	0.15447	0.25627	0.06402	0.52525
72	763	C	0.13530	0.51032	0.06138	0.29300
72	764	A	0.71526	0.07251	0.09363	0.11860
72	765	C	0.03319	0.77753	0.02143	0.16786
72	766	A	0.92307	0.01630	0.03380	0.02683
72	767	T	0.15083	0.21394	0.19611	0.43913
72	768	A	0.71007	0.07758	0.10295	0.10939
72	769	Y	0.18868	0.31066	0.14075	0.35991
72	770	A	0.55385	0.20683	0.09153	0.14779
72	771	A	0.86853	0.02886	0.05380	0.04881
72	772	C	0.29257	0.46281	0.07464	0.16998
72	773	C	0.15870	0.38081	0.24972	0.21078
72	774	C	0.25352	0.40271	0.09826	0.24551
72	775	A	0.96432	0.00746	0.01566	0.01256
72	776	A	0.82724	0.03657	0.05298	0.08322
72	777	A	0.54622	0.10985	0.10504	0.23889
72	778	A	0.96432	0.00746	0.01566	0.01256
72	779	T	0.01100	0.02288	0.00646	0.95967
72	780	G	0.01814	0.00579	0.96739	0.00868
94	1	T	0.12753	0.18390	0.10224	0.58633
94	2	T	0.12753	0.18390	0.10224	0.58633
94	3	T	0.00000	0.00000	0.00000	1.00000
94	4	T	0.00000	0.00000	0.00000	1.00000
94	5	A	1.00000	0.00000	0.00000	0.00000
94	6	A	1.00000	0.00000	0.00000	0.00000
94	7	A	1.00000	0.00000	0.00000	0.00000
94	8	A	1.00000	0.00000	0.00000	0.00000
94	9	C	0.00000	0.99996	0.00000	0.00004
94	10	A	1.00000	0.00000	0.00000	0.00000
94	11	G	0.00000	0.00000	1.00000	0.00000
94	12	C	0.00000	0.99996	0.00000	0.00003
94	13	C	0.00000	0.99986	0.00000	0.00013
94	14	T	0.00004	0.00030	0.00001	0.99966
94	15	G	0.00012	0.00001	0.99985	0.00002
94	16	T	0.00021	0.00064	0.00002	0.99913
94	17	G	0.00000	0.00000	1.00000	0.00000
94	18	G	0.00000	0.00000	1.00000	0.00000
94	19	G	0.00000	0.00000	1.00000	0.00000
94	20	T	0.00000	0.00000	0.00000	1.00000
94	21	T	0.00000	0.00000	0.00000	1.00000
94	22	G	0.00000	0.00000	1.00000	0.00000
94	23	T	0.00000	0.00000	0.00000	1.00000
94	24	T	0.02418	0.00277	0.00045	0.97259
94	25	C	0.00000	1.00000	0.00000	0.00000
94	26	C	0.00000	1.00000	0.00000	0.00000
94	27	C	0.00000	0.99999	0.00000	0.00001
94	28	A	1.00000	0.00000	0.00000	0.00000
94	29	C	0.00000	1.00000	0.00000	0.00000
94	30	C	0.00000	1.00000	0.00000	0.00000
94	31	C	0.00000	1.00000	0.00000	0.00000
94	32	A	0.99983	0.00001	0.00009	0.00006
94	33	C	0.00003	0.99922	0.00001	0.00075
94	34	A	0.99981	0.00001	0.00012	0.00006
94	35	G	0.00023	0.00001	0.99973	0.00003
94	36	G	0.00000	0.00000	0.99999	0.00000
94	37	G	0.00001	0.00000	0.99999	0.00000
94	38	C	0.00000	1.00000	0.00000	0.00000
94	39	C	0.00000	1.00000	0.00000	0.00000
94	40	C	0.00000	1.00000	0.00000	0.00000
94	41	A	1.00000	0.00000	0.00000	0.00000
94	42	C	0.00000	0.99832	0.00000	0.00167
94	43	T	0.00005	0.00025	0.00002	0.99968
94	44	G	0.00003	0.00000	0.99996	0.00001
94	45	G	0.00000	0.00000	1.00000	0.00000
94	46	G	0.00000	0.00000	1.00000	0.00000
94	47	C	0.00000	0.99983	0.00000	0.00016
94	48	G	0.00000	0.00000	1.00000	0.00000
94	49	G	0.10427	0.05044	0.78174	0.06355
94	50	C	0.00000	0.99981	0.00000	0.00018
94	51	T	0.00000	0.00001	0.00000	0.99999
94	52	A	0.99999	0.00000	0.00001	0.00000
94	53	G	0.00000	0.00000	1.00000	0.00000
94	54	C	0.00000	0.99982	0.00000	0.00018
94	55	A	0.99999	0.00000	0.00000	0.00000
94	56	C	0.00000	1.00000	0.00000	0.00000
94	57	T	0.00000	0.00001	0.00000	0.99999
94	58	C	0.00000	1.00000	0.00000	0.00000
94	59	T	0.00000	0.00000	0.00000	1.00000
94	60	G	0.00000	0.00000	1.00000	0.00000
94	61	G	0.00724	0.00001	0.99272	0.00003
94	62	T	0.00000	0.00000	0.00000	1.00000
94	63	T	0.03488	0.00125	0.00027	0.96360
94	64	C	0.00014	0.93511	0.00004	0.06472
94	65	T	0.00051	0.06565	0.00017	0.93366
94	66	A	0.96378	0.02861	0.00162	0.00600
94	67	C	0.00000	0.99997	0.00000	0.00003
94	68	C	0.19259	0.43283	0.13703	0.23756
94	69	G	0.00000	0.00000	1.00000	0.00000
94	70	G	0.00000	0.00000	1.00000	0.00000
94	71	A	0.97569	0.00020	0.00023	0.02388
94	72	A	1.00000	0.00000	0.00000	0.00000
94	73	C	0.00001	0.99013	0.00000	0.00986
94	74	C	0.00000	1.00000	0.00000	0.00000
94	75	T	0.00005	0.01670	0.00001	0.98324
94	76	T	0.00000	0.00000	0.00000	1.00000
94	77	T	0.00000	0.00000	0.00000	1.00000
94	78	G	0.00000	0.00000	1.00000	0.00000
94	79	T	0.00000	0.00002	0.00000	0.99998
94	80	G	0.00004	0.00000	0.99996	0.00000
94	81	C	0.00000	1.00000	0.00000	0.00000
94	82	G	0.00000	0.00000	1.00000	0.00000
94	83	C	0.00000	1.00000	0.00000	0.00000
94	84	C	0.00000	1.00000	0.00000	0.00000
94	85	T	0.00000	0.00000	0.00000	1.00000
94	86	G	0.00009	0.00000	0.99990	0.00001
94	87	T	0.00000	0.00000	0.00000	1.00000
94	88	T	0.00000	0.00000	0.00000	1.00000
94	89	T	0.00000	0.00000	0.00000	1.00000
94	90	T	0.00000	0.00001	0.00000	0.99999
94	91	A	0.96283	0.00016	0.03634	0.00067
94	92	T	0.02641	0.03773	0.00023	0.93563
94	93	A	0.96957	0.00013	0.02972	0.00058
94	94	T	0.02483	0.00531	0.00043	0.96943
94	95	C	0.00001	0.99974	0.00000	0.00025
94	96	T	0.12306	0.17979	0.09763	0.59951
94	97	C	0.00000	1.00000	0.00000	0.00000
94	98	C	0.00000	1.00000	0.00000	0.00000
94	99	C	0.00027	0.87627	0.00007	0.12340
94	100	T	0.00005	0.02800	0.00001	0.97194
94	101	T	0.12357	0.18026	0.09816	0.59801
94	102	T	0.00282	0.01349	0.00115	0.98255
94	103	C	0.00000	0.99995	0.00000	0.00004
94	104	C	0.00000	1.00000	0.00000	0.00000
94	105	C	0.00000	1.00000	0.00000	0.00000
94	106	C	0.00000	0.99998	0.00000	0.00002
94	107	C	0.00008	0.99875	0.00001	0.00115
94	108	A	0.99998	0.00000	0.00001	0.00001
94	109	A	0.99987	0.00002	0.00006	0.00006
94	110	Y	0.10031	0.47026	0.00194	0.42750
94	111	T	0.00121	0.10654	0.00016	0.89210
94	112	T	0.12434	0.37090	0.00251	0.50225
94	113	G	0.00000	0.00000	1.00000	0.00000
94	114	T	0.01491	0.00125	0.00021	0.98364
94	115	A	1.00000	0.00000	0.00000	0.00000
94	116	A	1.00000	0.00000	0.00000	0.00000
94	117	C	0.00000	0.99883	0.00000	0.00117
94	118	C	0.13207	0.47881	0.09505	0.29406
94	119	T	0.00012	0.00015	0.00284	0.99689
94	120	A	0.64012	0.09867	0.14053	0.12068
94	121	T	0.12068	0.17756	0.09520	0.60656
94	122	C	0.09867	0.64311	0.08067	0.17756
94	123	T	0.00000	0.00000	0.00000	1.00000
94	124	A	1.00000	0.00000	0.00000	0.00000
94	125	G	0.00000	0.00000	1.00000	0.00000
94	126	A	1.00000	0.00000	0.00000	0.00000
94	127	A	1.00000	0.00000	0.00000	0.00000
94	128	G	0.00000	0.00000	1.00000	0.00000
94	129	T	0.00051	0.15144	0.00012	0.84793
94	130	T	0.14372	0.15987	0.07624	0.62016
94	131	Y	0.17367	0.30219	0.10026	0.42388
94	132	A	0.89783	0.02321	0.04347	0.03549
94	133	T	0.14372	0.15987	0.07624	0.62016
94	134	A	0.99997	0.00000	0.00002	0.00001
94	135	W	0.54215	0.01086	0.00523	0.44175
94	136	T	0.00014	0.00213	0.00003	0.99770
94	137	G	0.01720	0.00017	0.98205	0.00058
94	138	T	0.00192	0.14571	0.00020	0.85217
94	139	A	0.99713	0.00010	0.00023	0.00254
94	140	C	0.00000	0.99998	0.00000	0.00002
94	141	A	0.99766	0.00215	0.00004	0.00014
94	142	C	0.00031	0.93928	0.00006	0.06035
94	143	A	0.62419	0.34934	0.00547	0.02100
94	144	T	0.00069	0.05305	0.00008	0.94619
94	145	A	0.98343	0.00040	0.00055	0.01562
94	146	C	0.00048	0.92895	0.00008	0.07050
94	147	C	0.00064	0.86972	0.00011	0.12953
94	148	A	0.75310	0.06233	0.10062	0.08395
94	149	G	0.00000	0.00000	1.00000	0.00000
94	150	A	0.99970	0.00002	0.00012	0.00015
94	151	T	0.00028	0.09252	0.00006	0.90714
94	152	C	0.00000	1.00000	0.00000	0.00000
94	153	A	0.99592	0.00000	0.00406	0.00002
94	154	T	0.01824	0.00161	0.02682	0.95332
94	155	T	0.00000	0.00001	0.00000	0.99999
94	156	A	1.00000	0.00000	0.00000	0.00000
94	157	G	0.00000	0.00000	1.00000	0.00000
94	158	C	0.00003	0.99835	0.00001	0.00162
94	159	A	0.99994	0.00000	0.00004	0.00002
94	160	G	0.02543	0.00006	0.97426	0.00025
94	161	G	0.00001	0.00000	0.99999	0.00000
94	162	C	0.00000	0.99995	0.00000	0.00005
94	163	G	0.00009	0.00000	0.99990	0.00001
94	164	T	0.00034	0.00104	0.00040	0.99822
94	165	G	0.00038	0.00001	0.99959	0.00002
94	166	G	0.00001	0.00000	0.99999	0.00000
94	167	C	0.00002	0.99899	0.00001	0.00099
94	168	G	0.06096	0.00024	0.93808	0.00073
94	169	C	0.00001	0.99976	0.00000	0.00024
94	170	A	0.99981	0.00001	0.00012	0.00006
94	171	A	0.70881	0.07285	0.11789	0.10045
94	172	C	0.02334	0.88251	0.01562	0.07854
94	173	A	0.98136	0.00388	0.00808	0.00668
94	174	C	0.13740	0.46621	0.06531	0.33108
94	175	C	0.00000	1.00000	0.00000	0.00000
94	176	C	0.00000	1.00000	0.00000	0.00000
94	177	A	1.00000	0.00000	0.00000	0.00000
94	178	G	0.00002	0.00000	0.99997	0.00000
94	179	C	0.00002	0.99818	0.00000	0.00180
94	180	C	0.00005	0.99718	0.00001	0.00276
94	181	A	0.99849	0.00002	0.00137	0.00012
94	182	T	0.00011	0.00082	0.00004	0.99904
94	183	G	0.00013	0.00000	0.99985	0.00001
94	184	T	0.00001	0.00010	0.00000	0.99989
94	185	C	0.00028	0.92611	0.00007	0.07354
94	186	A	0.59208	0.09495	0.18094	0.13203
94	187	T	0.00017	0.00017	0.00003	0.99963
94	188	T	0.00051	0.21532	0.00012	0.78406
94	189	G	0.00000	0.00000	1.00000	0.00000
94	190	A	0.92712	0.00013	0.07217	0.00058
94	191	T	0.00014	0.00042	0.00002	0.99942
94	192	C	0.00000	1.00000	0.00000	0.00000
94	193	A	1.00000	0.00000	0.00000	0.00000
94	194	A	1.00000	0.00000	0.00000	0.00000
94	195	G	0.00000	0.00000	1.00000	0.00000
94	196	C	0.00000	0.99999	0.00000	0.00001
94	197	A	1.00000	0.00000	0.00000	0.00000
94	198	C	0.00000	1.00000	0.00000	0.00000
94	199	T	0.00000	0.00000	0.00000	1.00000
94	200	T	0.00000	0.00000	0.00000	1.00000
