16
NC_001617_ 0.0000000 1.4958681 1.7795789 1.5465391 1.7747098 1.7004267 1.5426370 1.4041369 1.4389647 1.6145492 1.2835672 1.4513183 1.4264286 1.7370832 1.3299913 1.4301643 
NC_009996_ 1.4958681 0.0000000 1.6807808 1.2906036 1.5470205 1.6021643 1.7940946 1.2956162 1.3111530 1.4748058 1.4002694 1.4731194 1.4774278 1.6692976 1.4255157 1.4898874 
NC_029905_ 1.7795789 1.6807808 0.0000000 1.2733741 1.5346004 1.5178410 1.5443306 1.1045849 1.3364944 1.1906565 1.4691311 1.3150606 1.2806399 1.5130042 1.4394202 1.4837472 
NC_001490_ 1.5465391 1.2906036 1.2733741 0.0000000 1.6959556 1.6864426 1.5393203 1.1119388 1.3078865 1.2682923 1.1813720 1.2996990 1.5548733 1.4553675 1.4199250 1.4728490 
NC_001612_ 1.7747098 1.5470205 1.5346004 1.6959556 0.0000000 0.1823537 1.7078377 1.1062610 0.9313637 1.1373274 1.1659246 1.0546849 1.3596808 1.3271011 1.2913413 1.2854747 
NC_030454_ 1.7004267 1.6021643 1.5178410 1.6864426 0.1823537 0.0000000 1.7538229 1.0670570 0.9352807 1.1204763 1.1629878 1.1256167 1.3093949 1.3475112 1.4472279 1.3660470 
NC_003988_ 1.5426370 1.7940946 1.5443306 1.5393203 1.7078377 1.7538229 0.0000000 1.1159842 1.1145770 1.0315575 0.9992153 1.0727934 1.2168570 1.2760482 1.2085144 1.3482604 
NC_001430_ 1.4041369 1.2956162 1.1045849 1.1119388 1.1062610 1.0670570 1.1159842 0.0000000 0.7707739 0.8197629 0.7811487 0.7503529 1.1966997 1.1928688 1.0507401 1.0247604 
NC_002058_ 1.4389647 1.3111530 1.3364944 1.3078865 0.9313637 0.9352807 1.1145770 0.7707739 0.0000000 0.7972568 0.7128215 0.7020259 0.9565172 1.1343678 1.0036224 0.9154256 
NC_001472_ 1.6145492 1.4748058 1.1906565 1.2682923 1.1373274 1.1204763 1.0315575 0.8197629 0.7972568 0.0000000 0.6126308 0.6496088 1.0298384 0.9863000 0.9720363 0.9954505 
NC_013695_ 1.2835672 1.4002694 1.4691311 1.1813720 1.1659246 1.1629878 0.9992153 0.7811487 0.7128215 0.6126308 0.0000000 0.4796412 0.9615689 1.0151794 0.9447357 0.8838348 
NC_010415_ 1.4513183 1.4731194 1.3150606 1.2996990 1.0546849 1.1256167 1.0727934 0.7503529 0.7020259 0.6496088 0.4796412 0.0000000 0.9874091 1.0053150 0.8985724 0.9248902 
NC_034267_ 1.4264286 1.4774278 1.2806399 1.5548733 1.3596808 1.3093949 1.2168570 1.1966997 0.9565172 1.0298384 0.9615689 0.9874091 0.0000000 0.8233647 0.8695730 0.9185863 
NC_001859_ 1.7370832 1.6692976 1.5130042 1.4553675 1.3271011 1.3475112 1.2760482 1.1928688 1.1343678 0.9863000 1.0151794 1.0053150 0.8233647 0.0000000 0.6531469 0.5547285 
NC_008714_ 1.3299913 1.4255157 1.4394202 1.4199250 1.2913413 1.4472279 1.2085144 1.0507401 1.0036224 0.9720363 0.9447357 0.8985724 0.8695730 0.6531469 0.0000000 0.2819746 
NC_021220_ 1.4301643 1.4898874 1.4837472 1.4728490 1.2854747 1.3660470 1.3482604 1.0247604 0.9154256 0.9954505 0.8838348 0.9248902 0.9185863 0.5547285 0.2819746 0.0000000 
