Node	Site	State 	p_A	p_C	p_G	p_T
90	1	C	0.15309	0.41488	0.16334	0.26869
90	2	C	0.15309	0.41488	0.16334	0.26869
90	3	C	0.15309	0.41488	0.16334	0.26869
90	4	C	0.15309	0.41488	0.16334	0.26869
90	5	C	0.15309	0.41488	0.16334	0.26869
90	6	G	0.20201	0.15963	0.44969	0.18868
90	7	C	0.15309	0.41488	0.16334	0.26869
90	8	G	0.20201	0.15963	0.44969	0.18868
90	9	G	0.20201	0.15963	0.44969	0.18868
90	10	T	0.16501	0.23148	0.16633	0.43718
90	11	A	0.39530	0.16791	0.22671	0.21007
90	12	A	0.39530	0.16791	0.22671	0.21007
90	13	C	0.15309	0.41488	0.16334	0.26869
90	14	T	0.16501	0.23148	0.16633	0.43718
90	15	G	0.20201	0.15963	0.44969	0.18868
90	16	G	0.20201	0.15963	0.44969	0.18868
90	17	C	0.14539	0.43695	0.15443	0.26323
90	18	Y	0.15312	0.33968	0.15695	0.35024
90	19	T	0.12684	0.20018	0.11989	0.55310
90	20	-	0.19544	0.20995	0.28288	0.31174
90	21	-	0.19269	0.26239	0.30550	0.23942
90	22	C	0.11043	0.54443	0.11510	0.23004
90	23	-	0.24944	0.29077	0.20190	0.25789
90	24	G	0.16021	0.10300	0.61409	0.12270
90	25	Y	0.14191	0.33310	0.14227	0.38271
90	26	Y	0.17213	0.30966	0.17916	0.33905
90	27	T	0.14926	0.22357	0.14577	0.48140
90	28	K	0.18409	0.19751	0.29406	0.32433
90	29	T	0.11974	0.19320	0.11139	0.57567
90	30	T	0.12684	0.20018	0.11989	0.55310
90	31	B	0.18171	0.27092	0.32177	0.22560
90	32	A	0.57959	0.10505	0.17344	0.14192
90	33	-	0.28933	0.27934	0.19327	0.23806
90	34	A	0.59709	0.09956	0.16761	0.13574
90	35	C	0.09194	0.60440	0.09485	0.20881
90	36	B	0.17260	0.29209	0.31289	0.22242
90	37	Y	0.13336	0.35452	0.13285	0.37928
90	38	C	0.14288	0.44453	0.15155	0.26104
90	39	C	0.14288	0.44453	0.15155	0.26104
90	40	C	0.14288	0.44453	0.15155	0.26104
90	41	G	0.20428	0.11269	0.54665	0.13639
90	42	T	0.06394	0.12057	0.05312	0.76237
90	43	R	0.30147	0.14470	0.37565	0.17819
90	44	B	0.20009	0.24289	0.32924	0.22779
90	45	T	0.18011	0.19667	0.24599	0.37723
90	46	T	0.08692	0.15581	0.07593	0.68135
90	47	T	0.22387	0.21737	0.17592	0.38284
90	48	G	0.13893	0.08350	0.67570	0.10186
90	49	G	0.26366	0.08687	0.54027	0.10921
90	50	A	0.45555	0.22011	0.15028	0.17406
90	51	T	0.10583	0.21344	0.10042	0.58032
90	52	G	0.11549	0.06843	0.72499	0.09109
90	53	C	0.03406	0.83124	0.03432	0.10038
90	54	T	0.10495	0.21242	0.09942	0.58321
90	55	R	0.37952	0.11822	0.34325	0.15900
90	56	Y	0.16272	0.34354	0.17353	0.32021
90	57	C	0.03406	0.83124	0.03432	0.10038
90	58	C	0.11258	0.49194	0.11283	0.28265
90	59	-	0.26952	0.19371	0.29354	0.24323
90	60	Y	0.16256	0.32562	0.17258	0.33924
90	61	T	0.13685	0.16316	0.25632	0.44367
90	62	G	0.15810	0.18923	0.50692	0.14575
90	63	T	0.07280	0.31140	0.06454	0.55126
90	64	G	0.13216	0.09319	0.67748	0.09716
90	65	-	0.25753	0.24266	0.21720	0.28261
90	66	C	0.13210	0.41506	0.21173	0.24112
90	67	H	0.28119	0.23782	0.13365	0.34734
90	68	A	0.71559	0.05570	0.14895	0.07977
90	69	G	0.15438	0.10800	0.62180	0.11582
90	70	C	0.04992	0.76307	0.05034	0.13666
90	71	T	0.13812	0.18524	0.20978	0.46687
90	72	B	0.16455	0.34409	0.23051	0.26086
90	73	T	0.12025	0.26814	0.11454	0.49706
90	74	C	0.17985	0.54743	0.09317	0.17955
90	75	C	0.05778	0.72948	0.05826	0.15448
90	76	C	0.11652	0.49733	0.11839	0.26776
90	77	H	0.33633	0.22928	0.20062	0.23377
90	78	Y	0.13279	0.37644	0.13317	0.35761
90	79	C	0.05881	0.72484	0.05947	0.15688
90	80	C	0.06650	0.69600	0.06677	0.17072
90	81	A	0.49271	0.12849	0.18655	0.19226
90	82	Y	0.16128	0.32501	0.16201	0.35169
90	83	H	0.22176	0.25080	0.18379	0.34365
90	84	C	0.12271	0.49809	0.12805	0.25115
90	85	A	0.38375	0.21961	0.23694	0.15970
90	86	C	0.10683	0.58856	0.09404	0.21056
90	87	C	0.05480	0.61771	0.05183	0.27566
90	88	C	0.08833	0.51536	0.08563	0.31067
90	89	C	0.04078	0.80075	0.04105	0.11741
90	90	C	0.13644	0.43987	0.13131	0.29238
90	91	Y	0.10707	0.36630	0.10189	0.42473
90	92	T	0.08935	0.17695	0.07968	0.65402
90	93	T	0.09354	0.19167	0.08449	0.63030
90	94	Y	0.13096	0.34384	0.13533	0.38987
90	95	C	0.13644	0.43987	0.13131	0.29238
90	96	Y	0.10520	0.45156	0.10310	0.34013
90	97	C	0.12111	0.46453	0.12238	0.29198
90	98	C	0.08586	0.62756	0.09127	0.19532
90	99	G	0.19722	0.15139	0.47223	0.17917
90	100	A	0.41833	0.15941	0.22100	0.20127
90	101	C	0.14539	0.43695	0.15443	0.26323
90	102	G	0.15910	0.10176	0.61791	0.12124
90	103	T	0.11378	0.18696	0.10440	0.59485
90	104	G	0.15910	0.10176	0.61791	0.12124
90	105	G	0.15910	0.10176	0.61791	0.12124
90	106	G	0.18693	0.13518	0.51753	0.16036
90	107	T	0.14342	0.21575	0.13883	0.50200
90	108	G	0.18693	0.13518	0.51753	0.16036
90	109	G	0.18693	0.13518	0.51753	0.16036
90	110	A	0.46957	0.14095	0.20749	0.18199
90	111	G	0.18693	0.13518	0.51753	0.16036
90	112	T	0.17829	0.21004	0.24205	0.36963
90	113	W	0.35042	0.17752	0.20015	0.27191
90	114	B	0.16670	0.34701	0.23958	0.24671
90	115	T	0.13911	0.29640	0.13689	0.42760
90	116	T	0.17333	0.23674	0.17719	0.41273
90	117	A	0.41801	0.14205	0.25407	0.18587
90	118	C	0.05942	0.71211	0.05972	0.16875
90	119	G	0.23009	0.09397	0.55971	0.11623
90	120	A	0.79701	0.04478	0.09118	0.06702
90	121	-	0.26175	0.28836	0.21203	0.23786
90	122	A	0.46772	0.11750	0.26009	0.15468
90	123	D	0.32556	0.17845	0.23212	0.26388
90	124	T	0.06825	0.14364	0.05739	0.73072
90	125	G	0.17908	0.22573	0.40012	0.19507
90	126	T	0.10809	0.31267	0.10061	0.47862
90	127	Y	0.13635	0.37644	0.13268	0.35453
90	128	A	0.75405	0.05561	0.10915	0.08119
90	129	C	0.07579	0.64918	0.07650	0.19853
90	130	C	0.09738	0.54934	0.09791	0.25536
90	131	G	0.14598	0.07866	0.68042	0.09493
90	132	-	0.23489	0.24441	0.25660	0.26410
90	133	G	0.07321	0.03615	0.84754	0.04310
90	134	C	0.05297	0.73958	0.07472	0.13273
90	135	Y	0.16104	0.40173	0.10940	0.32783
90	136	T	0.07227	0.20400	0.06226	0.66146
90	137	Y	0.12939	0.37478	0.12901	0.36682
90	138	T	0.15463	0.22398	0.15311	0.46828
90	139	T	0.15463	0.22398	0.15311	0.46828
90	140	C	0.14157	0.44839	0.15005	0.25999
90	141	T	0.15463	0.22398	0.15311	0.46828
90	142	T	0.14342	0.21575	0.13883	0.50200
90	143	A	0.46957	0.14095	0.20749	0.18199
90	144	C	0.12880	0.48542	0.13553	0.25025
90	145	A	0.46957	0.14095	0.20749	0.18199
90	146	C	0.12880	0.48542	0.13553	0.25025
90	147	G	0.18693	0.13518	0.51753	0.16036
90	148	G	0.15671	0.09945	0.62528	0.11856
90	149	T	0.10455	0.18255	0.09405	0.61884
90	150	T	0.12984	0.21162	0.12368	0.53486
90	151	T	0.09972	0.17438	0.08886	0.63704
90	152	T	0.15038	0.23089	0.18817	0.43056
90	153	T	0.07964	0.14258	0.06784	0.70993
90	154	G	0.18377	0.14966	0.50627	0.16030
90	155	A	0.63094	0.08863	0.15754	0.12289
90	156	A	0.39672	0.16330	0.23134	0.20865
90	157	C	0.06384	0.70707	0.06512	0.16398
90	158	C	0.08240	0.63547	0.08447	0.19766
90	159	C	0.06384	0.70707	0.06512	0.16398
90	160	C	0.15076	0.42157	0.16063	0.26703
90	161	A	0.40223	0.16535	0.22500	0.20742
90	162	-	0.21520	0.26325	0.20444	0.31711
90	163	Y	0.15171	0.39763	0.15895	0.29172
90	164	-	0.21324	0.26838	0.20498	0.31340
90	165	G	0.08207	0.04131	0.82731	0.04931
90	166	G	0.16359	0.05666	0.70994	0.06982
90	167	T	0.16888	0.25819	0.11375	0.45917
90	168	C	0.05185	0.71326	0.05105	0.18384
90	169	R	0.31550	0.14512	0.35702	0.18236
90	170	A	0.78598	0.06182	0.08438	0.06782
90	171	A	0.67802	0.06247	0.17025	0.08926
90	172	G	0.15806	0.05090	0.72820	0.06284
90	173	C	0.06113	0.71445	0.06188	0.16254
90	174	C	0.04329	0.74969	0.04260	0.16443
90	175	G	0.10372	0.06322	0.72308	0.10999
90	176	C	0.03938	0.79550	0.05778	0.10734
90	177	T	0.11036	0.09180	0.04623	0.75161
90	178	T	0.12239	0.26628	0.15883	0.45250
90	179	T	0.09607	0.12125	0.23525	0.54742
90	180	G	0.12537	0.06816	0.72488	0.08159
90	181	A	0.75415	0.03833	0.15046	0.05706
90	182	A	0.46390	0.14500	0.25926	0.13184
90	183	T	0.04556	0.08884	0.03627	0.82933
90	184	A	0.71029	0.06428	0.11114	0.11429
90	185	W	0.29546	0.17770	0.15871	0.36813
90	186	G	0.10915	0.05730	0.76501	0.06854
90	187	G	0.32822	0.07752	0.49336	0.10090
90	188	Y	0.08900	0.38426	0.08239	0.44435
90	189	R	0.35159	0.16320	0.27913	0.20607
90	190	G	0.13561	0.07360	0.70250	0.08828
90	191	G	0.27258	0.07403	0.55945	0.09395
90	192	T	0.06224	0.11762	0.05133	0.76880
90	193	G	0.13156	0.07423	0.70557	0.08864
90	194	T	0.00052	0.00194	0.00030	0.99724
90	195	G	0.00038	0.00005	0.99951	0.00006
90	196	T	0.00069	0.00248	0.00032	0.99651
90	197	G	0.00020	0.00002	0.99975	0.00003
90	198	T	0.00089	0.00254	0.00035	0.99622
90	199	G	0.00078	0.00015	0.99890	0.00017
90	200	T	0.00019	0.00074	0.00011	0.99896
90	201	T	0.00021	0.00080	0.00013	0.99885
90	202	T	0.00003	0.00017	0.00001	0.99979
90	203	G	0.00079	0.00006	0.99908	0.00008
90	204	T	0.00000	0.00003	0.00000	0.99997
90	205	T	0.00351	0.31165	0.00195	0.68290
90	206	T	0.00008	0.00026	0.00003	0.99963
90	207	T	0.09524	0.16166	0.08614	0.65696
90	208	T	0.08224	0.21596	0.07300	0.62880
90	209	A	0.57033	0.11441	0.16963	0.14563
90	210	C	0.13419	0.42535	0.14955	0.29092
90	211	T	0.07409	0.13628	0.06346	0.72617
90	212	-	0.23696	0.22708	0.24741	0.28856
90	213	Y	0.18122	0.28209	0.18572	0.35098
90	214	-	0.29009	0.24736	0.20036	0.26219
90	215	-	0.21011	0.28170	0.22107	0.28712
90	216	K	0.19177	0.19215	0.32027	0.29581
90	217	G	0.14621	0.09070	0.65474	0.10836
90	218	A	0.61017	0.09706	0.16238	0.13040
90	219	A	0.41691	0.15999	0.22128	0.20181
90	220	C	0.14587	0.43575	0.15498	0.26339
90	221	A	0.67433	0.00330	0.31661	0.00576
90	222	T	0.00006	0.00021	0.00001	0.99972
90	223	G	0.00207	0.00072	0.99629	0.00092
90	224	T	0.00019	0.00102	0.00009	0.99871
90	225	C	0.00016	0.99710	0.00012	0.00263
90	226	T	0.00045	0.00268	0.00021	0.99666
90	227	T	0.00050	0.00194	0.00022	0.99735
90	228	T	0.00000	0.00002	0.00000	0.99998
90	229	C	0.00001	0.99888	0.00001	0.00110
90	230	C	0.00002	0.99904	0.00001	0.00093
90	231	C	0.00000	0.99997	0.00000	0.00003
90	232	A	0.99765	0.00040	0.00113	0.00082
90	233	A	0.99996	0.00000	0.00003	0.00001
90	234	A	0.99706	0.00045	0.00165	0.00084
90	235	G	0.00083	0.00019	0.99880	0.00018
90	236	T	0.00024	0.00122	0.00011	0.99843
90	237	T	0.00055	0.00268	0.00025	0.99653
90	238	Y	0.00360	0.44375	0.00219	0.55046
90	239	C	0.01189	0.56261	0.00681	0.41869
90	240	C	0.00466	0.61746	0.00284	0.37505
90	241	C	0.00085	0.99272	0.00320	0.00323
90	242	C	0.00005	0.99911	0.00004	0.00080
90	243	C	0.00088	0.81983	0.00054	0.17875
90	244	A	0.99477	0.00192	0.00174	0.00156
90	245	A	0.99455	0.00225	0.00162	0.00158
90	246	G	0.00249	0.00173	0.99493	0.00085
90	247	G	0.00221	0.00187	0.99508	0.00084
90	248	T	0.00003	0.00018	0.00001	0.99979
90	249	T	0.00000	0.00001	0.00000	0.99999
90	250	T	0.00062	0.00656	0.00034	0.99248
90	251	C	0.00337	0.86028	0.00243	0.13393
90	252	G	0.02902	0.08170	0.86711	0.02217
90	253	G	0.01584	0.01674	0.80227	0.16515
90	254	T	0.01135	0.11898	0.00862	0.86105
90	255	A	0.82039	0.03003	0.01672	0.13286
90	256	C	0.01091	0.85948	0.00831	0.12130
90	257	T	0.00487	0.01541	0.00271	0.97701
90	258	C	0.00285	0.97619	0.00266	0.01830
90	259	A	0.99271	0.00293	0.00205	0.00231
90	260	A	0.99517	0.00186	0.00169	0.00128
90	261	A	0.92984	0.00027	0.06934	0.00055
90	262	A	0.80884	0.03543	0.10232	0.05341
90	263	C	0.15666	0.51995	0.14284	0.18055
90	264	C	0.04937	0.56491	0.31018	0.07554
90	265	A	0.60322	0.04881	0.27624	0.07173
90	266	G	0.06487	0.03327	0.86460	0.03727
90	267	C	0.06726	0.67656	0.10956	0.14663
90	268	T	0.04284	0.08544	0.03281	0.83892
90	269	T	0.04136	0.07781	0.03991	0.84092
90	270	C	0.07909	0.64444	0.08244	0.19402
90	271	G	0.11859	0.05134	0.76765	0.06242
90	272	C	0.02381	0.87673	0.02375	0.07571
90	273	C	0.04252	0.78433	0.04197	0.13118
90	274	C	0.12799	0.46460	0.15237	0.25504
90	275	A	0.46140	0.14424	0.20926	0.18510
90	276	T	0.14540	0.21648	0.14166	0.49646
90	277	G	0.18646	0.13544	0.51741	0.16069
90	278	A	0.42006	0.15885	0.22047	0.20062
90	279	C	0.14483	0.43880	0.15379	0.26259
90	280	Y	0.10909	0.40885	0.09818	0.38388
90	281	C	0.04477	0.77988	0.04491	0.13044
90	282	C	0.00000	0.99998	0.00000	0.00002
90	283	C	0.00014	0.99828	0.00013	0.00145
90	284	T	0.00016	0.00086	0.00007	0.99891
90	285	T	0.00001	0.00017	0.00001	0.99981
90	286	A	0.99795	0.00036	0.00102	0.00067
90	287	A	0.99885	0.00021	0.00060	0.00034
90	288	T	0.00016	0.00040	0.00005	0.99940
90	289	T	0.00234	0.27906	0.00211	0.71649
90	290	C	0.00189	0.72915	0.00187	0.26709
90	291	C	0.00006	0.99871	0.00005	0.00118
90	292	T	0.00001	0.00005	0.00000	0.99994
90	293	G	0.42602	0.00196	0.56880	0.00321
90	294	G	0.00018	0.00002	0.99976	0.00003
90	295	T	0.00082	0.00119	0.00028	0.99772
90	296	G	0.16374	0.10839	0.59877	0.12909
90	297	C	0.10686	0.55744	0.11123	0.22447
90	298	G	0.16374	0.10839	0.59877	0.12909
90	299	G	0.16374	0.10839	0.59877	0.12909
90	300	T	0.13255	0.23360	0.12726	0.50660
90	301	C	0.15913	0.43055	0.14817	0.26214
90	302	G	0.16286	0.12060	0.58746	0.12909
90	303	G	0.24814	0.11867	0.48718	0.14600
90	304	R	0.34403	0.15926	0.29796	0.19875
90	305	C	0.09779	0.57393	0.10004	0.22824
90	306	Y	0.19967	0.26374	0.19178	0.34481
90	307	C	0.07404	0.66320	0.07525	0.18751
90	308	T	0.13346	0.22963	0.12485	0.51206
90	309	C	0.04602	0.77248	0.04622	0.13528
90	310	C	0.11449	0.51625	0.11806	0.25120
90	311	-	0.25357	0.20677	0.30189	0.23778
90	312	Y	0.18580	0.27512	0.20086	0.33822
90	313	G	0.14395	0.08449	0.67068	0.10088
90	314	C	0.14288	0.44453	0.15155	0.26104
90	315	T	0.15582	0.22489	0.15460	0.46469
90	316	T	0.15582	0.22489	0.15460	0.46469
90	317	T	0.15582	0.22489	0.15460	0.46469
90	318	C	0.14288	0.44453	0.15155	0.26104
90	319	T	0.15582	0.22489	0.15460	0.46469
90	320	G	0.19506	0.14810	0.48146	0.17538
90	321	C	0.14288	0.44453	0.15155	0.26104
90	322	T	0.15582	0.22489	0.15460	0.46469
90	323	C	0.14288	0.44453	0.15155	0.26104
90	324	C	0.00001	0.99989	0.00001	0.00009
90	325	C	0.00009	0.99922	0.00013	0.00057
90	326	C	0.00038	0.99677	0.00046	0.00239
90	327	A	0.99681	0.00042	0.00190	0.00087
90	328	T	0.00925	0.01535	0.09207	0.88333
90	329	C	0.00000	0.99996	0.00000	0.00004
90	330	T	0.00000	0.00001	0.00000	0.99999
90	331	T	0.00000	0.00001	0.00000	0.99999
90	332	T	0.00001	0.00005	0.00000	0.99994
90	333	T	0.00019	0.00710	0.00010	0.99261
90	334	G	0.00139	0.00242	0.99531	0.00088
90	335	G	0.00002	0.00000	0.99998	0.00000
90	336	G	0.00001	0.00000	0.99999	0.00000
90	337	A	0.54383	0.11338	0.18144	0.16135
90	338	T	0.12705	0.21828	0.11833	0.53633
90	339	T	0.12103	0.19392	0.11374	0.57130
90	340	C	0.13930	0.45514	0.14744	0.25811
90	341	G	0.19245	0.14409	0.49272	0.17074
90	342	C	0.00000	0.99994	0.00000	0.00005
90	343	C	0.00000	0.99989	0.00000	0.00011
90	344	T	0.00021	0.00134	0.00008	0.99837
90	345	T	0.00029	0.00125	0.00017	0.99830
90	346	A	0.99926	0.00009	0.00046	0.00020
90	347	G	0.00039	0.00004	0.99952	0.00006
90	348	T	0.00020	0.00124	0.00009	0.99847
90	349	A	0.99971	0.00003	0.00019	0.00008
90	350	T	0.00003	0.00011	0.00004	0.99982
90	351	C	0.00001	0.99983	0.00001	0.00015
90	352	T	0.04332	0.30784	0.00282	0.64602
90	353	A	0.99630	0.00031	0.00151	0.00187
90	354	G	0.00007	0.00001	0.99992	0.00001
90	355	G	0.18946	0.00149	0.80647	0.00258
90	356	A	0.80327	0.00027	0.19593	0.00053
90	357	A	0.99961	0.00003	0.00027	0.00009
90	358	A	0.99948	0.00005	0.00035	0.00012
90	359	T	0.00036	0.00170	0.00016	0.99778
90	360	G	0.00009	0.00000	0.99990	0.00001
90	361	T	0.00019	0.00094	0.00007	0.99880
90	362	A	0.99571	0.00005	0.00413	0.00011
90	363	C	0.00011	0.99886	0.00040	0.00063
90	364	C	0.00032	0.99161	0.00020	0.00787
90	365	C	0.00002	0.99966	0.00002	0.00030
90	366	G	0.00036	0.00006	0.99952	0.00007
90	367	T	0.00016	0.00094	0.00006	0.99884
90	368	G	0.00035	0.00003	0.99956	0.00005
90	369	C	0.00001	0.99981	0.00002	0.00016
90	370	T	0.00019	0.09662	0.00009	0.90310
90	371	T	0.00051	0.00817	0.00030	0.99102
90	372	T	0.03112	0.34250	0.00708	0.61930
90	373	G	0.00564	0.00010	0.99412	0.00015
90	374	A	0.99947	0.00004	0.00038	0.00011
90	375	T	0.00142	0.28661	0.00075	0.71121
90	376	G	0.00069	0.00007	0.99914	0.00009
90	377	A	0.99984	0.00001	0.00012	0.00003
90	378	A	0.99928	0.00006	0.00051	0.00015
90	379	C	0.00123	0.99780	0.00030	0.00066
90	380	G	0.00128	0.00046	0.99590	0.00236
90	381	T	0.00006	0.00028	0.00004	0.99962
90	382	A	0.99928	0.00001	0.00068	0.00002
90	383	A	0.99997	0.00000	0.00002	0.00001
90	384	G	0.00002	0.00000	0.99998	0.00000
90	385	A	0.99905	0.00012	0.00059	0.00024
90	386	A	0.99821	0.00022	0.00105	0.00051
90	387	A	0.99903	0.00011	0.00059	0.00027
90	388	G	0.00047	0.00006	0.99939	0.00008
90	389	C	0.00015	0.99833	0.00015	0.00137
90	390	T	0.00084	0.00170	0.00030	0.99716
90	391	G	0.00010	0.00001	0.99987	0.00002
90	392	T	0.00057	0.00193	0.00029	0.99722
90	393	C	0.00049	0.99540	0.00041	0.00370
90	394	T	0.00058	0.00337	0.00028	0.99577
90	395	T	0.00090	0.00277	0.00039	0.99594
90	396	T	0.00054	0.00224	0.00028	0.99693
90	397	C	0.08929	0.55119	0.08791	0.27160
90	398	T	0.15557	0.19140	0.11693	0.53610
90	399	D	0.23636	0.19973	0.33208	0.23184
90	400	T	0.11028	0.13364	0.25237	0.50370
90	401	T	0.15134	0.23998	0.17460	0.43409
90	402	G	0.24763	0.17035	0.41659	0.16543
90	403	-	0.26103	0.24322	0.19363	0.30212
90	404	G	0.29523	0.11386	0.44784	0.14307
90	405	A	0.48171	0.11352	0.25454	0.15023
90	406	A	0.71973	0.06411	0.12356	0.09260
90	407	D	0.31994	0.16264	0.31540	0.20201
90	408	Y	0.15218	0.30697	0.15014	0.39071
90	409	T	0.22147	0.18610	0.13984	0.45258
90	410	Y	0.14940	0.29240	0.14706	0.41115
90	411	T	0.17058	0.24054	0.17324	0.41564
90	412	G	0.21635	0.15334	0.44625	0.18406
90	413	-	0.24279	0.21573	0.21289	0.32859
90	414	G	0.16173	0.09507	0.62855	0.11465
90	415	T	0.12829	0.20609	0.11804	0.54757
90	416	G	0.20648	0.13744	0.44339	0.21269
90	417	R	0.30804	0.14383	0.37022	0.17791
90	418	Y	0.16255	0.37547	0.16932	0.29266
90	419	T	0.15948	0.23378	0.15246	0.45427
90	420	Y	0.18751	0.24941	0.19854	0.36454
90	421	T	0.11892	0.20190	0.11446	0.56472
90	422	G	0.20829	0.13343	0.49840	0.15988
90	423	R	0.36748	0.16730	0.25568	0.20954
90	424	A	0.52849	0.11673	0.19831	0.15646
90	425	A	0.50058	0.10893	0.24359	0.14690
90	426	T	0.18973	0.22350	0.16498	0.42179
90	427	Y	0.15065	0.35695	0.15439	0.33801
90	428	W	0.34752	0.17539	0.19075	0.28634
90	429	D	0.32103	0.17178	0.29961	0.20758
90	430	T	0.14516	0.26937	0.14802	0.43745
90	431	T	0.15219	0.20367	0.13681	0.50733
90	432	G	0.08163	0.09295	0.76493	0.06049
90	433	T	0.04526	0.13939	0.03643	0.77891
90	434	A	0.84345	0.03386	0.07094	0.05175
90	435	G	0.11125	0.03614	0.80860	0.04401
90	436	C	0.07805	0.49501	0.14521	0.28173
90	437	G	0.06492	0.03142	0.86624	0.03741
90	438	A	0.75487	0.05518	0.10899	0.08095
90	439	C	0.11433	0.51253	0.11767	0.25547
90	440	C	0.12776	0.48526	0.14304	0.24393
90	441	Y	0.15576	0.35990	0.16018	0.32416
90	442	Y	0.14324	0.39093	0.18308	0.28275
90	443	T	0.07009	0.12581	0.05944	0.74465
90	444	A	0.73301	0.06222	0.11553	0.08923
90	445	G	0.10294	0.05652	0.77311	0.06743
90	446	C	0.05673	0.73940	0.05783	0.14604
90	447	G	0.12381	0.07882	0.68469	0.11268
90	448	C	0.08176	0.60487	0.08685	0.22652
90	449	C	0.07146	0.66900	0.07224	0.18730
90	450	A	0.80797	0.04141	0.08875	0.06186
90	451	C	0.00001	0.99982	0.00001	0.00016
90	452	C	0.00002	0.99961	0.00002	0.00035
90	453	T	0.00002	0.00012	0.00001	0.99986
90	454	G	0.00018	0.00001	0.99978	0.00002
90	455	G	0.00057	0.00006	0.99930	0.00008
90	456	T	0.00023	0.00084	0.00007	0.99885
90	457	G	0.00000	0.00000	1.00000	0.00000
90	458	T	0.00003	0.00036	0.00001	0.99959
90	459	G	0.00009	0.00002	0.99988	0.00001
90	460	T	0.00007	0.00062	0.00003	0.99929
90	461	G	0.00001	0.00000	0.99999	0.00000
90	462	C	0.00000	0.99994	0.00000	0.00005
90	463	C	0.00000	0.99997	0.00001	0.00002
90	464	G	0.00000	0.00000	1.00000	0.00000
90	465	T	0.00007	0.00038	0.00003	0.99952
90	466	T	0.00007	0.00038	0.00003	0.99952
90	467	G	0.00008	0.00001	0.99990	0.00001
90	468	G	0.00000	0.00000	1.00000	0.00000
90	469	A	0.99325	0.00082	0.00185	0.00408
90	470	A	0.99404	0.00249	0.00172	0.00175
90	471	T	0.00005	0.00032	0.00002	0.99961
90	472	T	0.00002	0.00356	0.00001	0.99641
90	473	C	0.00000	1.00000	0.00000	0.00000
90	474	C	0.00001	0.99956	0.00000	0.00044
90	475	C	0.00000	1.00000	0.00000	0.00000
90	476	C	0.00261	0.99537	0.00043	0.00159
90	477	C	0.00000	0.99998	0.00000	0.00002
90	478	A	0.99878	0.00011	0.00086	0.00025
90	479	T	0.00000	0.00001	0.00000	0.99999
90	480	G	0.00000	0.00000	1.00000	0.00000
90	481	G	0.00000	0.00000	1.00000	0.00000
90	482	T	0.00001	0.00004	0.00000	0.99996
90	483	A	0.99996	0.00000	0.00003	0.00001
90	484	A	1.00000	0.00000	0.00000	0.00000
90	485	C	0.00000	0.99999	0.00000	0.00000
90	486	A	1.00000	0.00000	0.00000	0.00000
90	487	T	0.00030	0.00174	0.00014	0.99781
90	488	G	0.00002	0.00000	0.99998	0.00000
90	489	G	0.00086	0.00034	0.99634	0.00246
90	490	T	0.00020	0.00031	0.00174	0.99775
90	491	C	0.00000	1.00000	0.00000	0.00000
90	492	C	0.00000	1.00000	0.00000	0.00000
90	493	A	0.99976	0.00003	0.00011	0.00010
90	494	A	0.99995	0.00001	0.00002	0.00003
90	495	C	0.00005	0.99924	0.00005	0.00067
90	496	G	0.00002	0.00000	0.99998	0.00000
90	497	G	0.00005	0.00000	0.99994	0.00000
90	498	G	0.00000	0.00000	1.00000	0.00000
90	499	C	0.00000	0.99999	0.00000	0.00001
90	500	C	0.00000	1.00000	0.00000	0.00000
90	501	C	0.00000	1.00000	0.00000	0.00000
90	502	G	0.00004	0.00000	0.99995	0.00000
90	503	C	0.14157	0.44839	0.15005	0.25999
90	504	A	1.00000	0.00000	0.00000	0.00000
90	505	A	1.00000	0.00000	0.00000	0.00000
90	506	A	1.00000	0.00000	0.00000	0.00000
90	507	G	0.00000	0.00000	1.00000	0.00000
90	508	G	0.00000	0.00000	0.99999	0.00000
90	509	C	0.00000	1.00000	0.00000	0.00000
90	510	T	0.00001	0.00004	0.00000	0.99995
90	511	A	0.99992	0.00001	0.00005	0.00002
90	512	G	0.00000	0.00000	1.00000	0.00000
90	513	T	0.00008	0.00036	0.00005	0.99952
90	514	G	0.00024	0.00004	0.99964	0.00008
90	515	G	0.00010	0.00001	0.99988	0.00001
90	516	G	0.00003	0.00000	0.99996	0.00000
90	517	C	0.00001	0.99987	0.00000	0.00012
90	518	A	0.99994	0.00000	0.00004	0.00001
90	519	A	0.99993	0.00001	0.00005	0.00001
90	520	T	0.00031	0.00131	0.00018	0.99821
90	521	C	0.00024	0.99542	0.00017	0.00416
90	522	Y	0.11015	0.39163	0.10680	0.39142
90	523	G	0.00219	0.00005	0.99770	0.00007
90	524	G	0.00225	0.00270	0.99389	0.00117
90	525	T	0.00019	0.00348	0.00023	0.99610
90	526	C	0.00010	0.99873	0.00072	0.00045
90	527	C	0.00000	0.99999	0.00000	0.00001
90	528	T	0.00005	0.00060	0.00002	0.99932
90	529	C	0.00006	0.99887	0.00005	0.00102
90	530	C	0.00003	0.99946	0.00002	0.00049
90	531	A	0.99957	0.00003	0.00030	0.00009
90	532	A	0.99934	0.00005	0.00049	0.00012
90	533	G	0.00016	0.00001	0.99980	0.00002
90	534	G	0.00005	0.00000	0.99994	0.00001
90	535	A	0.99439	0.00013	0.00520	0.00029
90	536	A	0.99988	0.00001	0.00010	0.00002
90	537	G	0.00001	0.00000	0.99999	0.00000
90	538	G	0.00005	0.00000	0.99994	0.00001
90	539	G	0.00025	0.00002	0.99970	0.00003
90	540	G	0.00011	0.00001	0.99987	0.00001
90	541	T	0.00014	0.00086	0.00005	0.99895
90	542	T	0.00250	0.00087	0.00044	0.99619
90	543	C	0.00000	0.99991	0.00000	0.00008
90	544	Y	0.14561	0.31220	0.13976	0.40242
90	545	G	0.19419	0.18208	0.45497	0.16875
90	546	-	0.30211	0.27820	0.18553	0.23416
90	547	C	0.07871	0.65460	0.08049	0.18620
90	548	C	0.07871	0.65460	0.08049	0.18620
90	549	C	0.07871	0.65460	0.08049	0.18620
90	550	C	0.07871	0.65460	0.08049	0.18620
90	551	B	0.17667	0.26951	0.33792	0.21590
90	552	W	0.32126	0.17988	0.18089	0.31797
90	553	B	0.17667	0.26951	0.33792	0.21590
90	554	C	0.07871	0.65460	0.08049	0.18620
90	555	C	0.00001	0.99986	0.00001	0.00012
90	556	C	0.00006	0.99943	0.00004	0.00047
90	557	A	0.99999	0.00000	0.00001	0.00000
90	558	C	0.00000	0.99999	0.00000	0.00001
90	559	C	0.00000	0.99999	0.00000	0.00001
90	560	C	0.00000	1.00000	0.00000	0.00000
90	561	C	0.00000	0.99997	0.00000	0.00003
90	562	G	0.00022	0.00001	0.99976	0.00001
90	563	A	0.99978	0.00001	0.00017	0.00004
90	564	C	0.00011	0.99863	0.00010	0.00116
90	565	C	0.00001	0.99989	0.00000	0.00010
90	566	T	0.00004	0.00027	0.00002	0.99968
90	567	G	0.00021	0.00003	0.99973	0.00003
90	568	A	0.99946	0.00005	0.00038	0.00011
90	569	A	0.99968	0.00003	0.00021	0.00008
90	570	C	0.00003	0.99941	0.00002	0.00053
90	571	A	0.99940	0.00004	0.00044	0.00011
90	572	G	0.00217	0.00044	0.99688	0.00051
90	573	G	0.00047	0.00014	0.99906	0.00033
90	574	A	0.99617	0.00056	0.00207	0.00119
90	575	T	0.00044	0.00211	0.00022	0.99723
90	576	G	0.19644	0.15029	0.47536	0.17791
90	577	G	0.19644	0.15029	0.47536	0.17791
90	578	G	0.00023	0.00002	0.99972	0.00003
90	579	A	0.99933	0.00006	0.00046	0.00015
90	580	A	0.99988	0.00001	0.00008	0.00002
90	581	G	0.00013	0.00002	0.99983	0.00002
90	582	T	0.00001	0.00005	0.00000	0.99994
90	583	T	0.00007	0.00050	0.00003	0.99940
90	584	T	0.00007	0.00046	0.00003	0.99944
90	585	A	0.99944	0.00003	0.00045	0.00008
90	586	C	0.00123	0.99124	0.00346	0.00406
90	587	T	0.00007	0.00044	0.00003	0.99947
90	588	T	0.00011	0.00071	0.00004	0.99914
90	589	A	0.99981	0.00001	0.00015	0.00003
90	590	T	0.12081	0.18396	0.12085	0.57438
90	591	T	0.12095	0.15061	0.18752	0.54091
90	592	T	0.16541	0.01154	0.00590	0.81715
90	593	A	0.99997	0.00000	0.00002	0.00001
90	594	A	0.42006	0.15885	0.22047	0.20062
90	595	A	0.42006	0.15885	0.22047	0.20062
90	596	A	0.42006	0.15885	0.22047	0.20062
90	597	T	0.15758	0.22622	0.15684	0.45936
90	598	G	0.00062	0.00008	0.99921	0.00009
90	599	T	0.00002	0.00015	0.00001	0.99982
90	600	A	0.99962	0.00004	0.00021	0.00013
90	601	A	0.99864	0.00003	0.00127	0.00006
90	602	T	0.00192	0.00307	0.00441	0.99059
90	603	T	0.00006	0.00037	0.00002	0.99955
90	604	A	0.99996	0.00000	0.00003	0.00001
90	605	A	0.73616	0.00064	0.26199	0.00120
90	606	A	0.68481	0.00329	0.30647	0.00543
90	607	A	0.99891	0.00018	0.00060	0.00031
90	608	T	0.00006	0.00032	0.00003	0.99960
90	609	T	0.00899	0.38629	0.00672	0.59799
90	610	T	0.00122	0.00358	0.00081	0.99439
90	611	A	0.99744	0.00028	0.00166	0.00062
90	612	G	0.00154	0.00056	0.99726	0.00064
90	613	T	0.00168	0.00331	0.00066	0.99436
90	614	A	0.99964	0.00003	0.00025	0.00008
90	615	C	0.00180	0.67900	0.00103	0.31817
90	616	G	0.00305	0.00070	0.99407	0.00218
90	617	T	0.00003	0.00016	0.00001	0.99981
90	618	A	0.99287	0.00018	0.00659	0.00037
90	619	A	0.99665	0.00026	0.00078	0.00231
90	620	T	0.00107	0.00306	0.00169	0.99418
90	621	T	0.00188	0.00149	0.00028	0.99636
90	622	G	0.00194	0.00061	0.99533	0.00212
90	623	C	0.00010	0.99340	0.00006	0.00644
90	624	T	0.00063	0.00210	0.00112	0.99615
90	625	G	0.00016	0.00004	0.99976	0.00003
90	626	G	0.00105	0.00039	0.99618	0.00238
90	627	C	0.00006	0.99901	0.00005	0.00089
90	628	A	0.99998	0.00000	0.00002	0.00000
90	629	A	0.99995	0.00000	0.00004	0.00001
90	630	T	0.00014	0.00070	0.00007	0.99908
90	631	T	0.05856	0.17578	0.04852	0.71714
90	632	T	0.11047	0.15966	0.07928	0.65059
90	633	G	0.07387	0.03666	0.84553	0.04394
90	634	A	0.73301	0.06222	0.11553	0.08923
90	635	T	0.07009	0.12581	0.05944	0.74465
90	636	A	0.73301	0.06222	0.11553	0.08923
90	637	G	0.06871	0.03298	0.85876	0.03956
90	638	T	0.13248	0.13501	0.07842	0.65410
90	639	A	0.83452	0.03607	0.07561	0.05380
90	640	C	0.00811	0.57263	0.00783	0.41143
90	641	T	0.00070	0.00351	0.00034	0.99545
90	642	T	0.00076	0.00317	0.00045	0.99562
90	643	G	0.00126	0.00037	0.99762	0.00076
90	644	C	0.00008	0.99882	0.00006	0.00104
90	645	T	0.00004	0.00021	0.00002	0.99974
90	646	A	0.99670	0.00030	0.00233	0.00066
90	647	G	0.00074	0.00010	0.99903	0.00012
90	648	T	0.00042	0.00130	0.00017	0.99812
90	649	A	0.99999	0.00000	0.00001	0.00000
90	650	G	0.02945	0.01546	0.93334	0.02175
90	651	T	0.03215	0.04323	0.02006	0.90456
90	652	T	0.02527	0.05330	0.01692	0.90451
90	653	G	0.03023	0.01672	0.93688	0.01618
90	654	G	0.00482	0.00109	0.99275	0.00134
90	655	G	0.00847	0.00069	0.98992	0.00092
90	656	K	0.19523	0.18114	0.35621	0.26742
90	657	C	0.06037	0.50898	0.05499	0.37566
90	658	Y	0.16248	0.38840	0.17432	0.27480
90	659	T	0.17333	0.23674	0.17719	0.41273
90	660	G	0.20776	0.17036	0.42088	0.20100
90	661	G	0.20776	0.17036	0.42088	0.20100
90	662	T	0.17333	0.23674	0.17719	0.41273
90	663	A	0.36795	0.17821	0.23317	0.22067
90	664	Y	0.16248	0.38840	0.17432	0.27480
90	665	T	0.17333	0.23674	0.17719	0.41273
90	666	A	0.35196	0.22349	0.20041	0.22414
90	667	G	0.14142	0.08710	0.66734	0.10415
90	668	T	0.17502	0.20750	0.23269	0.38479
90	669	T	0.10610	0.17878	0.09847	0.61665
90	670	G	0.18796	0.21497	0.39404	0.20302
90	671	G	0.21901	0.21199	0.37262	0.19638
90	672	T	0.12842	0.29476	0.12456	0.45226
90	673	T	0.07697	0.14082	0.06778	0.71443
90	674	Y	0.16105	0.27258	0.18152	0.38485
90	675	G	0.18206	0.13921	0.49868	0.18006
90	676	T	0.17435	0.20135	0.14185	0.48244
90	677	G	0.17860	0.15724	0.49713	0.16702
90	678	G	0.24137	0.16281	0.37756	0.21825
90	679	Y	0.16721	0.25766	0.19746	0.37767
90	680	G	0.23399	0.18888	0.37619	0.20094
90	681	D	0.34490	0.16694	0.25658	0.23158
90	682	K	0.17080	0.17355	0.32879	0.32686
90	683	Y	0.09980	0.40301	0.09333	0.40385
90	684	G	0.30890	0.09816	0.46782	0.12512
90	685	A	0.53063	0.03613	0.38186	0.05137
90	686	A	0.50229	0.07764	0.07850	0.34158
90	687	G	0.35007	0.04386	0.54727	0.05880
90	688	G	0.05895	0.02857	0.87848	0.03400
90	689	A	0.87265	0.02730	0.05790	0.04215
90	690	T	0.03494	0.17883	0.02802	0.75820
90	691	G	0.18374	0.13174	0.52813	0.15639
90	692	G	0.06150	0.25245	0.62345	0.06260
90	693	C	0.00000	0.99999	0.00000	0.00001
90	694	C	0.00000	1.00000	0.00000	0.00000
90	695	C	0.00000	1.00000	0.00000	0.00000
90	696	A	0.99484	0.00048	0.00084	0.00385
90	697	G	0.00002	0.00000	0.99998	0.00000
90	698	A	0.99998	0.00000	0.00001	0.00000
90	699	A	1.00000	0.00000	0.00000	0.00000
90	700	G	0.00000	0.00000	1.00000	0.00000
90	701	G	0.00000	0.00000	1.00000	0.00000
90	702	T	0.00000	0.00000	0.00000	0.99999
90	703	A	1.00000	0.00000	0.00000	0.00000
90	704	C	0.00000	1.00000	0.00000	0.00000
90	705	C	0.00000	1.00000	0.00000	0.00000
90	706	C	0.00000	1.00000	0.00000	0.00000
90	707	C	0.00006	0.99923	0.00006	0.00064
90	708	A	0.99960	0.00003	0.00028	0.00009
90	709	T	0.00006	0.00018	0.00002	0.99974
90	710	T	0.00010	0.00048	0.00006	0.99936
90	711	A	0.90726	0.00261	0.00435	0.08577
90	712	T	0.00004	0.00129	0.00002	0.99865
90	713	A	0.99754	0.00030	0.00159	0.00057
90	714	T	0.00356	0.00153	0.00040	0.99451
90	715	G	0.00207	0.00161	0.99491	0.00142
90	716	G	0.00519	0.00135	0.99195	0.00151
90	717	T	0.14228	0.21377	0.13787	0.50608
90	718	G	0.18374	0.13174	0.52813	0.15639
90	719	G	0.18374	0.13174	0.52813	0.15639
90	720	G	0.20648	0.16785	0.42754	0.19813
90	721	G	0.19506	0.14810	0.48146	0.17538
90	722	G	0.17012	0.11475	0.57861	0.13652
90	723	Y	0.17229	0.33420	0.18268	0.31083
90	724	B	0.20664	0.22644	0.33177	0.23516
90	725	Y	0.17605	0.34142	0.18839	0.29414
90	726	G	0.19017	0.14016	0.50352	0.16615
90	727	C	0.13420	0.46957	0.14164	0.25458
90	728	T	0.16501	0.23148	0.16633	0.43718
90	729	C	0.15309	0.41488	0.16334	0.26869
90	730	G	0.20201	0.15963	0.44969	0.18868
90	731	G	0.20201	0.15963	0.44969	0.18868
90	732	A	0.98893	0.00194	0.00581	0.00332
90	733	T	0.01258	0.02192	0.00789	0.95762
90	734	G	0.00459	0.00140	0.99231	0.00170
90	735	G	0.00154	0.00037	0.99764	0.00045
90	736	G	0.00000	0.00000	1.00000	0.00000
90	737	A	1.00000	0.00000	0.00000	0.00000
90	738	T	0.00000	0.00000	0.00000	0.99999
90	739	C	0.00000	1.00000	0.00000	0.00000
90	740	T	0.00000	0.00000	0.00000	1.00000
90	741	G	0.00000	0.00000	1.00000	0.00000
90	742	A	1.00000	0.00000	0.00000	0.00000
90	743	T	0.00001	0.00007	0.00000	0.99992
90	744	C	0.00000	0.99998	0.00000	0.00002
90	745	T	0.00459	0.00088	0.00028	0.99426
90	746	G	0.00000	0.00000	1.00000	0.00000
90	747	G	0.00000	0.00000	1.00000	0.00000
90	748	G	0.00001	0.00000	0.99999	0.00000
90	749	C	0.00000	0.99997	0.00001	0.00002
90	750	C	0.00000	0.99999	0.00000	0.00001
90	751	C	0.00781	0.66729	0.00079	0.32411
90	752	C	0.00020	0.93379	0.00012	0.06589
90	753	A	0.99884	0.00011	0.00078	0.00027
90	754	T	0.00037	0.00172	0.00018	0.99773
90	755	A	0.99614	0.00037	0.00125	0.00224
90	756	C	0.00008	0.99858	0.00007	0.00126
90	757	T	0.00030	0.00177	0.00013	0.99779
90	758	G	0.00073	0.00009	0.99907	0.00011
90	759	T	0.00063	0.01042	0.00030	0.98865
90	760	G	0.00021	0.00002	0.99975	0.00002
90	761	T	0.00006	0.00039	0.00003	0.99952
90	762	G	0.00001	0.00000	0.99999	0.00000
90	763	T	0.00008	0.00009	0.00001	0.99982
90	764	C	0.00000	1.00000	0.00000	0.00000
90	765	T	0.00000	0.00000	0.00000	1.00000
90	766	C	0.00004	0.99980	0.00001	0.00015
90	767	C	0.00000	0.99993	0.00000	0.00007
90	768	C	0.00001	0.99996	0.00000	0.00002
90	769	C	0.00000	0.99999	0.00000	0.00001
90	770	A	0.99864	0.00003	0.00127	0.00007
90	771	C	0.00012	0.99831	0.00011	0.00146
90	772	T	0.14507	0.28318	0.13907	0.43268
90	773	Y	0.20882	0.25437	0.18364	0.35317
90	774	G	0.20054	0.19663	0.40080	0.20203
90	775	-	0.20276	0.23301	0.32401	0.24023
90	776	T	0.17499	0.23771	0.17939	0.40791
90	777	Y	0.16437	0.38315	0.17655	0.27593
90	778	Y	0.19053	0.24150	0.22128	0.34668
90	779	R	0.33101	0.13042	0.37564	0.16293
90	780	T	0.15515	0.22438	0.15376	0.46671
90	781	A	0.42826	0.15590	0.21832	0.19752
90	782	G	0.19905	0.15456	0.46354	0.18284
90	783	G	0.15525	0.13339	0.57689	0.13447
90	784	G	0.15694	0.10658	0.59468	0.14179
90	785	T	0.09512	0.15501	0.07843	0.67144
90	786	A	0.99998	0.00000	0.00002	0.00000
90	787	T	0.00051	0.00441	0.00009	0.99499
90	788	A	0.99286	0.00092	0.00150	0.00472
90	789	T	0.00010	0.00093	0.00004	0.99894
90	790	G	0.19147	0.00183	0.80399	0.00271
90	791	G	0.28550	0.00095	0.70582	0.00774
90	792	G	0.00001	0.00000	0.99999	0.00000
90	793	G	0.00003	0.00000	0.99997	0.00000
90	794	T	0.05099	0.07031	0.02920	0.84951
90	795	T	0.00000	0.00000	0.00000	1.00000
90	796	T	0.00000	0.00000	0.00000	0.99999
90	797	A	1.00000	0.00000	0.00000	0.00000
90	798	A	1.00000	0.00000	0.00000	0.00000
90	799	A	1.00000	0.00000	0.00000	0.00000
90	800	A	1.00000	0.00000	0.00000	0.00000
90	801	C	0.00002	0.99968	0.00001	0.00028
90	802	C	0.01067	0.98868	0.00010	0.00055
90	803	A	0.99999	0.00000	0.00000	0.00000
90	804	T	0.00000	0.00000	0.00000	1.00000
90	805	G	0.00000	0.00000	1.00000	0.00000
90	806	A	0.99999	0.00000	0.00001	0.00000
90	807	A	1.00000	0.00000	0.00000	0.00000
90	808	A	0.99993	0.00001	0.00005	0.00001
90	809	G	0.00000	0.00000	1.00000	0.00000
90	810	T	0.00001	0.00020	0.00001	0.99978
90	811	T	0.00006	0.00068	0.00002	0.99924
90	812	A	0.45093	0.14788	0.21219	0.18900
90	813	C	0.13483	0.46855	0.14235	0.25427
90	814	C	0.13483	0.46855	0.14235	0.25427
90	815	A	0.45093	0.14788	0.21219	0.18900
90	816	C	0.13483	0.46855	0.14235	0.25427
90	817	A	0.45093	0.14788	0.21219	0.18900
90	818	C	0.13483	0.46855	0.14235	0.25427
90	819	A	0.45093	0.14788	0.21219	0.18900
90	820	A	0.45093	0.14788	0.21219	0.18900
90	821	T	0.14846	0.21906	0.14543	0.48706
90	822	-	0.29554	0.19853	0.20710	0.29884
90	823	-	0.24308	0.30512	0.19564	0.25616
90	824	C	0.11417	0.53278	0.11924	0.23381
90	825	-	0.29554	0.19853	0.20710	0.29884
90	826	Y	0.15624	0.34290	0.16111	0.33975
90	827	Y	0.15624	0.34290	0.16111	0.33975
90	828	Y	0.15624	0.34290	0.16111	0.33975
90	829	-	0.28548	0.26169	0.20825	0.24459
90	830	T	0.14846	0.21906	0.14543	0.48706
90	831	C	0.13483	0.46855	0.14235	0.25427
90	832	A	0.45093	0.14788	0.21219	0.18900
90	833	T	0.14846	0.21906	0.14543	0.48706
90	834	T	0.14846	0.21906	0.14543	0.48706
90	835	T	0.14846	0.21906	0.14543	0.48706
90	836	T	0.14846	0.21906	0.14543	0.48706
90	837	A	0.45093	0.14788	0.21219	0.18900
90	838	T	0.14846	0.21906	0.14543	0.48706
90	839	T	0.14846	0.21906	0.14543	0.48706
90	840	T	0.14846	0.21906	0.14543	0.48706
90	841	T	0.14846	0.21906	0.14543	0.48706
90	842	C	0.13483	0.46855	0.14235	0.25427
90	843	A	0.45093	0.14788	0.21219	0.18900
90	844	T	0.14846	0.21906	0.14543	0.48706
90	845	C	0.13483	0.46855	0.14235	0.25427
90	846	A	0.45093	0.14788	0.21219	0.18900
90	847	T	0.14846	0.21906	0.14543	0.48706
90	848	T	0.14846	0.21906	0.14543	0.48706
90	849	T	0.00548	0.04430	0.00383	0.94639
90	850	G	0.02593	0.02752	0.92574	0.02081
90	851	G	0.03492	0.01800	0.92663	0.02045
90	852	T	0.01051	0.04562	0.00759	0.93627
90	853	C	0.00029	0.99755	0.00027	0.00189
90	854	C	0.01960	0.92088	0.01887	0.04065
90	855	A	0.97541	0.00463	0.01234	0.00762
90	856	A	0.96861	0.00587	0.01584	0.00967
90	857	A	0.93057	0.01812	0.02820	0.02312
90	858	A	0.84627	0.08277	0.02843	0.04253
90	859	G	0.19609	0.00187	0.79906	0.00298
90	860	G	0.08305	0.00644	0.82601	0.08450
90	861	T	0.00236	0.24185	0.00170	0.75409
90	862	C	0.00013	0.99866	0.00011	0.00110
90	863	C	0.00227	0.98286	0.00207	0.01280
90	864	A	0.98809	0.00151	0.00749	0.00291
90	865	A	0.98804	0.00082	0.00954	0.00160
90	866	A	0.99517	0.00037	0.00354	0.00093
90	867	A	0.84733	0.07474	0.06145	0.01649
90	868	T	0.21756	0.01082	0.01826	0.75336
90	869	A	0.99882	0.00015	0.00071	0.00032
90	870	T	0.00586	0.01461	0.00342	0.97611
90	871	T	0.00938	0.12026	0.00614	0.86422
90	872	C	0.00565	0.81328	0.00419	0.17687
90	873	T	0.17653	0.01450	0.00317	0.80580
90	874	T	0.00003	0.00020	0.00001	0.99976
90	875	T	0.21893	0.01658	0.00479	0.75969
90	876	T	0.00036	0.00657	0.00017	0.99290
90	877	C	0.00034	0.84322	0.00023	0.15621
90	878	T	0.00070	0.21350	0.00040	0.78540
90	879	T	0.00002	0.00144	0.00001	0.99852
90	880	T	0.00000	0.00000	0.00000	1.00000
90	881	T	0.00000	0.00000	0.00000	1.00000
90	882	T	0.00903	0.12063	0.00611	0.86423
90	883	A	0.92335	0.01007	0.01315	0.05343
90	884	T	0.00529	0.01509	0.00297	0.97665
90	885	T	0.00455	0.01482	0.00254	0.97809
90	886	C	0.00676	0.84202	0.00513	0.14609
90	887	T	0.00000	0.00003	0.00000	0.99996
90	888	C	0.00003	0.97421	0.00002	0.02574
90	889	T	0.00035	0.40355	0.00018	0.59592
90	890	T	0.00117	0.00440	0.00064	0.99380
90	891	T	0.00063	0.00233	0.00032	0.99672
90	892	T	0.00025	0.00129	0.00013	0.99834
90	893	T	0.00077	0.00257	0.00044	0.99622
90	894	A	0.91222	0.01890	0.02898	0.03989
90	895	T	0.00484	0.02808	0.00294	0.96414
90	896	C	0.00866	0.92118	0.00686	0.06330
90	897	T	0.00787	0.02217	0.00526	0.96470
90	898	T	0.01081	0.02751	0.00715	0.95453
90	899	T	0.01307	0.04059	0.00901	0.93732
90	900	T	0.01131	0.02133	0.00590	0.96147
90	901	A	0.59685	0.08799	0.12364	0.19153
90	902	T	0.10151	0.15812	0.08461	0.65577
90	903	-	0.24503	0.19595	0.31725	0.24177
90	904	A	0.51970	0.12162	0.19660	0.16208
90	905	Y	0.17598	0.33160	0.18102	0.31140
90	906	T	0.06057	0.11540	0.04982	0.77422
90	907	G	0.10362	0.05445	0.77680	0.06513
90	908	T	0.13694	0.21152	0.13026	0.52128
90	909	C	0.07392	0.66889	0.07565	0.18154
90	910	A	0.69738	0.07079	0.13071	0.10112
90	911	T	0.22585	0.20227	0.16763	0.40425
90	912	T	0.15585	0.19317	0.11894	0.53204
90	913	A	0.72185	0.06403	0.12135	0.09277
90	914	T	0.07434	0.13505	0.06256	0.72805
90	915	G	0.11377	0.06231	0.74958	0.07434
84	1	C	0.14621	0.43475	0.15538	0.26365
84	2	C	0.14621	0.43475	0.15538	0.26365
84	3	C	0.14621	0.43475	0.15538	0.26365
84	4	C	0.14621	0.43475	0.15538	0.26365
84	5	C	0.14621	0.43475	0.15538	0.26365
84	6	G	0.19741	0.15185	0.47104	0.17971
84	7	C	0.14621	0.43475	0.15538	0.26365
84	8	G	0.19741	0.15185	0.47104	0.17971
84	9	G	0.19741	0.15185	0.47104	0.17971
84	10	T	0.15883	0.22714	0.15842	0.45560
84	11	A	0.41587	0.16037	0.22155	0.20221
84	12	A	0.41587	0.16037	0.22155	0.20221
84	13	C	0.14621	0.43475	0.15538	0.26365
84	14	T	0.15883	0.22714	0.15842	0.45560
84	15	G	0.19741	0.15185	0.47104	0.17971
84	16	G	0.19741	0.15185	0.47104	0.17971
84	17	C	0.13764	0.45995	0.14556	0.25685
84	18	Y	0.14368	0.35269	0.14551	0.35812
84	19	T	0.11690	0.18964	0.10870	0.58476
84	20	B	0.19036	0.20370	0.28825	0.31769
84	21	B	0.18703	0.26634	0.31475	0.23187
84	22	C	0.10031	0.57834	0.10399	0.21737
84	23	-	0.25460	0.29901	0.19409	0.25230
84	24	G	0.14879	0.09209	0.64930	0.10982
84	25	Y	0.13186	0.34292	0.13039	0.39483
84	26	Y	0.16277	0.32144	0.16720	0.34859
84	27	T	0.13914	0.21532	0.13344	0.51210
84	28	K	0.17753	0.18971	0.30061	0.33215
84	29	T	0.10954	0.18155	0.10019	0.60872
84	30	T	0.11690	0.18964	0.10870	0.58476
84	31	B	0.17462	0.27629	0.33260	0.21649
84	32	A	0.61726	0.09391	0.16017	0.12865
84	33	-	0.30042	0.28525	0.18433	0.23000
84	34	A	0.63521	0.08852	0.15385	0.12242
84	35	C	0.08186	0.64081	0.08409	0.19324
84	36	B	0.16472	0.30041	0.32210	0.21276
84	37	Y	0.12301	0.36657	0.12092	0.38950
84	38	C	0.13438	0.46991	0.14184	0.25387
84	39	C	0.13438	0.46991	0.14184	0.25387
84	40	C	0.13438	0.46991	0.14184	0.25387
84	41	G	0.19823	0.09923	0.58183	0.12072
84	42	T	0.05087	0.09954	0.04124	0.80834
84	43	R	0.31637	0.12684	0.39886	0.15793
84	44	S	0.19238	0.24554	0.34787	0.21421
84	45	T	0.17244	0.18402	0.24693	0.39660
84	46	T	0.07188	0.13502	0.06106	0.73204
84	47	T	0.22540	0.20679	0.16063	0.40717
84	48	G	0.12094	0.06870	0.72542	0.08495
84	49	G	0.26713	0.07151	0.57033	0.09103
84	50	A	0.49410	0.22156	0.12903	0.15530
84	51	T	0.08685	0.19966	0.08141	0.63208
84	52	G	0.09410	0.05282	0.77795	0.07514
84	53	C	0.02285	0.88234	0.02291	0.07190
84	54	T	0.08596	0.19839	0.08044	0.63521
84	55	R	0.41015	0.09754	0.35471	0.13760
84	56	Y	0.14641	0.37195	0.15582	0.32581
84	57	C	0.02285	0.88234	0.02291	0.07190
84	58	C	0.09149	0.54695	0.08937	0.27219
84	59	-	0.28304	0.17961	0.30440	0.23295
84	60	Y	0.14502	0.34932	0.15370	0.35196
84	61	T	0.12142	0.14396	0.26036	0.47425
84	62	G	0.14288	0.18610	0.54472	0.12631
84	63	T	0.05511	0.31266	0.04723	0.58500
84	64	G	0.10924	0.07829	0.73619	0.07628
