Node	Site	State 	p_A	p_C	p_G	p_T
82	1	K	0.06256	0.07837	0.38768	0.47138
82	2	T	0.00574	0.02986	0.00487	0.95954
82	3	C	0.01372	0.86304	0.02599	0.09724
82	4	A	0.98673	0.00141	0.00762	0.00423
82	5	A	0.87139	0.02182	0.05996	0.04684
82	6	A	0.62198	0.04793	0.23865	0.09144
82	7	G	0.21735	0.04807	0.64809	0.08649
82	8	G	0.05536	0.02299	0.88007	0.04158
82	9	G	0.11680	0.08950	0.57997	0.21373
82	10	G	0.11656	0.07619	0.65606	0.15119
82	11	G	0.05536	0.02299	0.88007	0.04158
82	12	T	0.10276	0.16554	0.17858	0.55312
82	13	C	0.04569	0.61772	0.04903	0.28757
82	14	G	0.11926	0.08227	0.63117	0.16731
82	15	G	0.11707	0.12996	0.60620	0.14677
82	16	-	0.29350	0.18597	0.30884	0.21169
82	17	G	0.11557	0.11469	0.63286	0.13687
82	18	G	0.00964	0.00207	0.98370	0.00459
82	19	G	0.06609	0.05421	0.58247	0.29723
82	20	T	0.05668	0.08977	0.03006	0.82348
82	21	T	0.05668	0.08977	0.03006	0.82348
82	22	T	0.00673	0.03405	0.00577	0.95345
82	23	T	0.02074	0.34731	0.01945	0.61250
82	24	C	0.01636	0.64721	0.01634	0.32010
82	25	C	0.00201	0.96824	0.00218	0.02757
82	26	C	0.02879	0.83837	0.01782	0.11502
82	27	G	0.06350	0.00732	0.91299	0.01620
82	28	G	0.03770	0.01890	0.91428	0.02913
82	29	A	0.90901	0.01834	0.03894	0.03371
82	30	C	0.01691	0.84122	0.02831	0.11356
82	31	C	0.01276	0.70121	0.01276	0.27328
82	32	C	0.00201	0.96824	0.00218	0.02757
82	33	C	0.00678	0.87797	0.00704	0.10821
82	34	C	0.01231	0.57586	0.01193	0.39990
82	35	C	0.00780	0.87288	0.00809	0.11123
82	36	G	0.15746	0.09921	0.59029	0.15304
82	37	A	0.54599	0.10198	0.18331	0.16873
82	38	C	0.09589	0.51750	0.10861	0.27801
82	39	G	0.15746	0.09921	0.59029	0.15304
82	40	Y	0.07102	0.40894	0.07482	0.44522
82	41	C	0.03860	0.74119	0.04303	0.17718
82	42	T	0.01683	0.14037	0.01522	0.82758
82	43	T	0.00673	0.03405	0.00577	0.95345
82	44	T	0.00673	0.03405	0.00577	0.95345
82	45	G	0.03905	0.02548	0.90061	0.03486
82	46	G	0.06350	0.00732	0.91299	0.01620
82	47	A	0.91156	0.00673	0.06427	0.01744
82	48	C	0.05412	0.65553	0.03454	0.25581
82	49	G	0.35682	0.01242	0.59972	0.03103
82	50	H	0.32173	0.30782	0.07791	0.29254
82	51	C	0.00201	0.96824	0.00218	0.02757
82	52	C	0.00201	0.96824	0.00218	0.02757
82	53	W	0.38234	0.07634	0.17934	0.36198
82	54	T	0.03352	0.08649	0.05529	0.82469
82	55	G	0.14864	0.03659	0.72815	0.08661
82	56	G	0.03905	0.02548	0.90061	0.03486
82	57	T	0.00673	0.03405	0.00577	0.95345
82	58	G	0.06350	0.00732	0.91299	0.01620
82	59	G	0.16485	0.22872	0.41673	0.18970
82	60	G	0.06350	0.00732	0.91299	0.01620
82	61	G	0.00964	0.00207	0.98370	0.00459
82	62	G	0.00584	0.00122	0.99009	0.00285
82	63	G	0.00584	0.00122	0.99009	0.00285
82	64	G	0.08678	0.05643	0.60026	0.25653
82	65	T	0.12789	0.13809	0.03847	0.69555
82	66	G	0.04315	0.00840	0.92882	0.01963
82	67	T	0.00354	0.01822	0.00294	0.97530
82	68	A	0.97271	0.00270	0.01672	0.00786
82	69	A	0.99060	0.00097	0.00531	0.00312
82	70	A	0.98692	0.00140	0.00739	0.00429
82	71	T	0.07552	0.15531	0.07613	0.69305
82	72	T	0.00673	0.03405	0.00577	0.95345
82	73	A	0.98438	0.00172	0.00891	0.00499
82	74	C	0.00100	0.98230	0.00112	0.01558
82	75	C	0.00243	0.95741	0.00265	0.03751
82	76	T	0.03979	0.36808	0.08175	0.51038
82	77	C	0.00243	0.95741	0.00265	0.03751
82	78	A	0.97480	0.00247	0.01545	0.00728
82	79	C	0.00380	0.94530	0.00480	0.04610
82	80	C	0.00898	0.87378	0.01148	0.10575
82	81	C	0.16755	0.55109	0.07876	0.20259
82	82	C	0.00764	0.66513	0.00753	0.31971
82	83	C	0.00100	0.98230	0.00112	0.01558
82	84	G	0.01528	0.00368	0.97270	0.00834
82	85	T	0.00354	0.01822	0.00294	0.97530
82	86	T	0.00354	0.01822	0.00294	0.97530
82	87	A	0.55060	0.10059	0.18180	0.16701
82	88	G	0.15616	0.09786	0.59469	0.15129
82	89	C	0.09459	0.52179	0.10713	0.27650
82	90	T	0.11925	0.20997	0.12576	0.54501
82	91	G	0.15616	0.09786	0.59469	0.15129
82	92	T	0.00046	0.00455	0.00034	0.99465
82	93	G	0.00293	0.00037	0.99568	0.00102
82	94	C	0.00089	0.90683	0.00085	0.09143
82	95	C	0.00089	0.90683	0.00085	0.09143
82	96	T	0.03538	0.05846	0.20187	0.70429
82	97	W	0.33038	0.23503	0.03454	0.40005
82	98	G	0.01233	0.00531	0.94348	0.03888
82	99	G	0.25058	0.12195	0.55002	0.07745
82	100	T	0.04912	0.09191	0.30849	0.55049
82	101	T	0.00120	0.01450	0.00091	0.98339
82	102	T	0.00775	0.01903	0.00279	0.97043
82	103	A	0.84363	0.01539	0.02288	0.11809
82	104	A	0.78849	0.10454	0.03364	0.07333
82	105	G	0.00083	0.00009	0.99882	0.00026
82	106	G	0.06768	0.00109	0.92768	0.00355
82	107	A	0.91925	0.01217	0.04090	0.02768
82	108	C	0.17211	0.52876	0.08043	0.21870
82	109	A	0.55827	0.16377	0.10451	0.17346
82	110	C	0.00007	0.99708	0.00007	0.00278
82	111	T	0.00046	0.00455	0.00034	0.99465
82	112	A	0.90154	0.03893	0.02551	0.03403
82	113	A	0.79265	0.08562	0.03703	0.08470
82	114	A	0.92919	0.02785	0.01649	0.02647
82	115	T	0.00354	0.01822	0.00294	0.97530
82	116	W	0.33254	0.08774	0.21769	0.36203
82	117	T	0.00925	0.32865	0.00875	0.65335
82	118	Y	0.04209	0.46781	0.07588	0.41422
82	119	C	0.01581	0.66971	0.01586	0.29862
82	120	Y	0.04156	0.39607	0.06027	0.50210
82	121	W	0.34865	0.17433	0.07956	0.39745
82	122	T	0.01426	0.13123	0.01282	0.84169
82	123	A	0.79379	0.03579	0.06682	0.10360
82	124	G	0.07027	0.03868	0.79646	0.09459
82	125	T	0.06763	0.25799	0.12490	0.54947
82	126	A	0.49206	0.11674	0.24010	0.15110
82	127	C	0.03661	0.71936	0.07350	0.17053
82	128	Y	0.02209	0.49107	0.02188	0.46496
82	129	A	0.54599	0.10198	0.18331	0.16873
82	130	A	0.54599	0.10198	0.18331	0.16873
82	131	G	0.15746	0.09921	0.59029	0.15304
82	132	T	0.12049	0.21112	0.12722	0.54117
82	133	A	0.54599	0.10198	0.18331	0.16873
82	134	C	0.09589	0.51750	0.10861	0.27801
82	135	T	0.12049	0.21112	0.12722	0.54117
82	136	G	0.15746	0.09921	0.59029	0.15304
82	137	G	0.15746	0.09921	0.59029	0.15304
82	138	G	0.15746	0.09921	0.59029	0.15304
82	139	G	0.15746	0.09921	0.59029	0.15304
82	140	Y	0.07010	0.39976	0.07360	0.45654
82	141	Y	0.07010	0.39976	0.07360	0.45654
82	142	K	0.14165	0.15072	0.35163	0.35600
82	143	C	0.03741	0.74687	0.04173	0.17399
82	144	B	0.12705	0.30819	0.32099	0.24377
82	145	Y	0.06888	0.42874	0.07276	0.42962
82	146	T	0.06047	0.14850	0.06002	0.73100
82	147	K	0.14165	0.15072	0.35163	0.35600
82	148	W	0.33569	0.14699	0.14439	0.37293
82	149	C	0.03741	0.74687	0.04173	0.17399
82	150	C	0.03741	0.74687	0.04173	0.17399
82	151	K	0.14165	0.15072	0.35163	0.35600
82	152	W	0.36877	0.14039	0.14726	0.34358
82	153	K	0.14165	0.15072	0.35163	0.35600
82	154	Y	0.07010	0.39976	0.07360	0.45654
82	155	B	0.12705	0.30819	0.32099	0.24377
82	156	B	0.12705	0.30819	0.32099	0.24377
82	157	Y	0.06888	0.42874	0.07276	0.42962
82	158	W	0.33569	0.14699	0.14439	0.37293
82	159	Y	0.07010	0.39976	0.07360	0.45654
82	160	K	0.14165	0.15072	0.35163	0.35600
82	161	G	0.08210	0.03705	0.81702	0.06384
82	162	T	0.00181	0.09263	0.00149	0.90407
82	163	T	0.00046	0.00455	0.00034	0.99465
82	164	T	0.00519	0.03861	0.00327	0.95293
82	165	T	0.00046	0.00455	0.00034	0.99465
82	166	G	0.04732	0.00093	0.94877	0.00298
82	167	G	0.05070	0.12274	0.52569	0.30087
82	168	A	0.43744	0.27718	0.04212	0.24326
82	169	T	0.00202	0.12750	0.00168	0.86880
82	170	G	0.10850	0.00280	0.87990	0.00880
82	171	T	0.00046	0.00455	0.00034	0.99465
82	172	A	0.99848	0.00010	0.00100	0.00042
82	173	A	0.99366	0.00038	0.00455	0.00141
82	174	A	0.92072	0.00129	0.07326	0.00472
82	175	T	0.00077	0.00728	0.00058	0.99137
82	176	A	0.85463	0.00397	0.12769	0.01372
82	177	T	0.19352	0.05450	0.02621	0.72576
82	178	T	0.04429	0.26263	0.23480	0.45828
82	179	A	0.99366	0.00038	0.00455	0.00141
82	180	A	0.93035	0.03063	0.01460	0.02441
82	181	T	0.00077	0.00728	0.00058	0.99137
82	182	T	0.00836	0.23916	0.00930	0.74317
82	183	C	0.00295	0.79032	0.00276	0.20397
82	184	C	0.00140	0.88409	0.00134	0.11317
82	185	T	0.01057	0.07181	0.00917	0.90845
82	186	G	0.00792	0.00170	0.98652	0.00386
82	187	C	0.00400	0.93264	0.00430	0.05906
82	188	A	0.95152	0.00738	0.02384	0.01727
82	189	G	0.03726	0.01651	0.91439	0.03184
82	190	G	0.01528	0.00368	0.97270	0.00834
82	191	T	0.02777	0.05704	0.12190	0.79329
82	192	T	0.00120	0.01450	0.00091	0.98339
82	193	C	0.00007	0.99708	0.00007	0.00278
82	194	A	0.87726	0.00193	0.11397	0.00684
82	195	G	0.06768	0.00109	0.92768	0.00355
82	196	G	0.17667	0.01318	0.78375	0.02640
82	197	T	0.01900	0.27001	0.01654	0.69445
82	198	C	0.00257	0.78841	0.00240	0.20661
82	199	T	0.00046	0.00455	0.00034	0.99465
82	200	C	0.00347	0.82420	0.00295	0.16939
82	201	T	0.00046	0.00455	0.00034	0.99465
82	202	T	0.00783	0.31440	0.00799	0.66978
82	203	T	0.12049	0.21112	0.12722	0.54117
82	204	T	0.12049	0.21112	0.12722	0.54117
82	205	T	0.12049	0.21112	0.12722	0.54117
82	206	T	0.12049	0.21112	0.12722	0.54117
82	207	G	0.15746	0.09921	0.59029	0.15304
82	208	C	0.09589	0.51750	0.10861	0.27801
82	209	T	0.12049	0.21112	0.12722	0.54117
82	210	T	0.12049	0.21112	0.12722	0.54117
82	211	A	0.54599	0.10198	0.18331	0.16873
82	212	A	0.54599	0.10198	0.18331	0.16873
82	213	A	0.54599	0.10198	0.18331	0.16873
82	214	A	0.54599	0.10198	0.18331	0.16873
82	215	T	0.12049	0.21112	0.12722	0.54117
82	216	G	0.15746	0.09921	0.59029	0.15304
82	217	G	0.22079	0.00491	0.75900	0.01530
82	218	A	0.81438	0.02259	0.04706	0.11596
82	219	A	0.79952	0.00902	0.16515	0.02631
82	220	T	0.00214	0.01664	0.00191	0.97931
82	221	C	0.02086	0.53443	0.07540	0.36931
82	222	A	0.84363	0.01539	0.02288	0.11809
82	223	G	0.05682	0.02112	0.84835	0.07370
82	224	G	0.05246	0.01820	0.85035	0.07899
82	225	T	0.12252	0.22599	0.01827	0.63321
82	226	C	0.00184	0.87648	0.00176	0.11992
82	227	C	0.00007	0.99708	0.00007	0.00278
82	228	A	0.82820	0.02378	0.02957	0.11845
82	229	C	0.00191	0.84310	0.00180	0.15319
82	230	G	0.03230	0.02011	0.83057	0.11701
82	231	T	0.02198	0.21317	0.01801	0.74684
82	232	T	0.00195	0.01496	0.00177	0.98132
82	233	A	0.99905	0.00006	0.00063	0.00026
82	234	G	0.09152	0.00209	0.90002	0.00637
82	235	G	0.15746	0.09921	0.59029	0.15304
82	236	C	0.09589	0.51750	0.10861	0.27801
82	237	G	0.15746	0.09921	0.59029	0.15304
82	238	T	0.12049	0.21112	0.12722	0.54117
82	239	A	0.54599	0.10198	0.18331	0.16873
82	240	A	0.54599	0.10198	0.18331	0.16873
82	241	C	0.09589	0.51750	0.10861	0.27801
82	242	C	0.09589	0.51750	0.10861	0.27801
82	243	A	0.54599	0.10198	0.18331	0.16873
82	244	T	0.12049	0.21112	0.12722	0.54117
82	245	G	0.00995	0.00283	0.97591	0.01131
82	246	G	0.09152	0.00209	0.90002	0.00637
82	247	G	0.02918	0.04486	0.89399	0.03197
82	248	C	0.00007	0.99708	0.00007	0.00278
82	249	A	0.99590	0.00034	0.00255	0.00122
82	250	C	0.00089	0.90683	0.00085	0.09143
82	251	T	0.00046	0.00455	0.00034	0.99465
82	252	C	0.04583	0.85526	0.00959	0.08933
82	253	T	0.26022	0.04121	0.02301	0.67556
82	254	C	0.00630	0.64284	0.00716	0.34370
82	255	T	0.00202	0.12750	0.00168	0.86880
82	256	T	0.00046	0.00455	0.00034	0.99465
82	257	A	0.84220	0.02764	0.07204	0.05812
82	258	C	0.02699	0.80569	0.03063	0.13669
82	259	C	0.02699	0.80569	0.03063	0.13669
82	260	C	0.04734	0.61149	0.05155	0.28962
82	261	A	0.84220	0.02764	0.07204	0.05812
82	262	T	0.10051	0.14676	0.19566	0.55707
82	263	A	0.84220	0.02764	0.07204	0.05812
82	264	A	0.55345	0.14723	0.12723	0.17209
82	265	G	0.21655	0.04946	0.64435	0.08963
82	266	T	0.04522	0.11252	0.04396	0.79830
82	267	G	0.06407	0.02807	0.85769	0.05017
82	268	A	0.84220	0.02764	0.07204	0.05812
82	269	C	0.04734	0.61149	0.05155	0.28962
82	270	G	0.11593	0.08601	0.60944	0.18862
82	271	C	0.07933	0.52490	0.16904	0.22673
82	272	C	0.02699	0.80569	0.03063	0.13669
82	273	T	0.19015	0.14238	0.09764	0.56982
82	274	T	0.04522	0.11252	0.04396	0.79830
82	275	A	0.58962	0.08333	0.12231	0.20475
82	276	G	0.06407	0.02807	0.85769	0.05017
82	277	C	0.07933	0.52490	0.16904	0.22673
82	278	G	0.06407	0.02807	0.85769	0.05017
82	279	G	0.06407	0.02807	0.85769	0.05017
82	280	A	0.61062	0.04974	0.24230	0.09734
82	281	A	0.55345	0.14723	0.12723	0.17209
82	282	C	0.02699	0.80569	0.03063	0.13669
82	283	C	0.07933	0.52490	0.16904	0.22673
82	284	T	0.04522	0.11252	0.04396	0.79830
82	285	T	0.05896	0.25611	0.05938	0.62555
82	286	T	0.05896	0.25611	0.05938	0.62555
82	287	C	0.04734	0.61149	0.05155	0.28962
82	288	T	0.04522	0.11252	0.04396	0.79830
82	289	A	0.61062	0.04974	0.24230	0.09734
82	290	C	0.05018	0.69395	0.05720	0.19866
82	291	A	0.72734	0.05337	0.11748	0.10181
82	292	C	0.05018	0.69395	0.05720	0.19866
82	293	T	0.07270	0.15086	0.07307	0.70336
82	294	T	0.07270	0.15086	0.07307	0.70336
82	295	G	0.10092	0.05225	0.75893	0.08790
82	296	A	0.72734	0.05337	0.11748	0.10181
82	297	T	0.07270	0.15086	0.07307	0.70336
82	298	G	0.06407	0.02807	0.85769	0.05017
82	299	T	0.10051	0.14676	0.19566	0.55707
82	300	G	0.06407	0.02807	0.85769	0.05017
82	301	G	0.11237	0.14759	0.58699	0.15304
82	302	T	0.04522	0.11252	0.04396	0.79830
82	303	T	0.04522	0.11252	0.04396	0.79830
82	304	A	0.84220	0.02764	0.07204	0.05812
82	305	G	0.07240	0.06136	0.57416	0.29208
82	306	G	0.34812	0.01504	0.60015	0.03669
82	307	C	0.05487	0.53862	0.22706	0.17946
82	308	T	0.08095	0.17043	0.30930	0.43931
82	309	C	0.01693	0.59786	0.01671	0.36850
82	310	T	0.01686	0.11671	0.01503	0.85139
82	311	A	0.52466	0.25510	0.06885	0.15138
82	312	M	0.38112	0.26160	0.16954	0.18773
82	313	R	0.41434	0.05812	0.43269	0.09485
82	314	W	0.33143	0.14132	0.07579	0.45146
82	315	A	0.63824	0.05362	0.06878	0.23937
82	316	T	0.29202	0.09232	0.06575	0.54991
82	317	T	0.00150	0.01247	0.00114	0.98489
82	318	T	0.00150	0.01247	0.00114	0.98489
82	319	T	0.00650	0.31078	0.00562	0.67709
82	320	C	0.00446	0.74952	0.00421	0.24181
82	321	C	0.00028	0.99095	0.00030	0.00847
82	322	C	0.00446	0.74952	0.00421	0.24181
82	323	T	0.07642	0.04301	0.01549	0.86508
82	324	G	0.00228	0.00028	0.99670	0.00074
82	325	G	0.23392	0.00455	0.74831	0.01322
82	326	G	0.00962	0.00262	0.98266	0.00510
82	327	T	0.04034	0.30500	0.16243	0.49224
82	328	C	0.00028	0.99095	0.00030	0.00847
82	329	C	0.05260	0.68298	0.05990	0.20452
82	330	A	0.71660	0.05594	0.12171	0.10575
82	331	G	0.10455	0.05472	0.74916	0.09157
82	332	A	0.71660	0.05594	0.12171	0.10575
82	333	M	0.41734	0.31146	0.08213	0.18907
82	334	W	0.38539	0.08279	0.07749	0.45433
82	335	T	0.01347	0.22934	0.01746	0.73973
82	336	T	0.00492	0.20656	0.00421	0.78431
82	337	T	0.00507	0.26940	0.00437	0.72115
82	338	T	0.02101	0.04904	0.06946	0.86050
82	339	H	0.29109	0.27997	0.04552	0.38341
82	340	T	0.07442	0.07229	0.15119	0.70210
82	341	G	0.02585	0.01190	0.89724	0.06501
82	342	G	0.01179	0.00100	0.98457	0.00264
82	343	C	0.00212	0.95792	0.00328	0.03668
82	344	C	0.00446	0.74952	0.00421	0.24181
82	345	C	0.00094	0.96906	0.00097	0.02904
82	346	T	0.00492	0.20656	0.00421	0.78431
82	347	T	0.01020	0.03393	0.00533	0.95053
82	348	T	0.03599	0.10706	0.13530	0.72165
82	349	T	0.00077	0.00728	0.00058	0.99137
82	350	T	0.00077	0.00728	0.00058	0.99137
82	351	C	0.00140	0.88409	0.00134	0.11317
82	352	C	0.01651	0.74780	0.00829	0.22740
82	353	C	0.10244	0.70286	0.02216	0.17254
82	354	C	0.00635	0.75768	0.01152	0.22445
82	355	C	0.00312	0.68307	0.00278	0.31102
82	356	T	0.03839	0.05033	0.35515	0.55612
82	357	Y	0.00380	0.47070	0.00339	0.52211
82	358	A	0.60540	0.04046	0.06246	0.29168
82	359	C	0.00022	0.99115	0.00023	0.00840
82	360	T	0.00120	0.01450	0.00091	0.98339
82	361	A	0.96230	0.00321	0.02165	0.01284
82	362	T	0.00046	0.00455	0.00034	0.99465
82	363	C	0.00022	0.99115	0.00023	0.00840
82	364	A	0.99635	0.00028	0.00228	0.00110
82	365	T	0.00120	0.01450	0.00091	0.98339
82	366	C	0.00258	0.78340	0.00242	0.21160
82	367	T	0.00463	0.19823	0.00388	0.79326
82	368	T	0.00181	0.09263	0.00149	0.90407
82	369	T	0.02634	0.04704	0.06779	0.85883
82	370	T	0.03945	0.14037	0.03849	0.78169
82	371	T	0.11925	0.20997	0.12576	0.54501
82	372	C	0.09459	0.52179	0.10713	0.27650
82	373	C	0.06286	0.66032	0.01662	0.26020
82	374	T	0.00046	0.00455	0.00034	0.99465
82	375	T	0.00188	0.03442	0.00145	0.96225
82	376	C	0.00007	0.99708	0.00007	0.00278
82	377	C	0.00052	0.98578	0.00047	0.01323
82	378	G	0.01030	0.00122	0.98547	0.00301
82	379	G	0.00083	0.00009	0.99882	0.00026
82	380	G	0.00083	0.00009	0.99882	0.00026
82	381	C	0.00025	0.99028	0.00026	0.00921
82	382	T	0.00046	0.00455	0.00034	0.99465
82	383	C	0.00007	0.99708	0.00007	0.00278
82	384	T	0.00046	0.00455	0.00034	0.99465
82	385	C	0.00007	0.99708	0.00007	0.00278
82	386	A	0.91200	0.00270	0.07667	0.00863
82	387	C	0.02621	0.52755	0.12042	0.32583
82	388	V	0.32524	0.28766	0.27901	0.10809
82	389	A	0.88073	0.00465	0.09597	0.01865
82	390	T	0.00046	0.00455	0.00034	0.99465
82	391	G	0.00309	0.00030	0.99578	0.00083
82	392	C	0.00007	0.99708	0.00007	0.00278
82	393	C	0.00007	0.99708	0.00007	0.00278
82	394	A	0.95300	0.00276	0.03586	0.00838
82	395	A	0.98782	0.00084	0.00813	0.00320
82	396	T	0.01449	0.04560	0.00552	0.93438
82	397	G	0.00083	0.00009	0.99882	0.00026
82	398	G	0.00493	0.00108	0.98967	0.00431
82	399	A	0.76735	0.06676	0.03208	0.13380
82	400	R	0.34425	0.14125	0.32370	0.19080
82	401	C	0.00007	0.99708	0.00007	0.00278
82	402	T	0.03912	0.10668	0.03785	0.81635
82	403	G	0.00083	0.00009	0.99882	0.00026
82	404	A	0.99062	0.00039	0.00750	0.00148
82	405	C	0.00007	0.99708	0.00007	0.00278
82	406	C	0.00007	0.99708	0.00007	0.00278
82	407	G	0.00296	0.00028	0.99600	0.00077
82	408	A	0.77398	0.02207	0.13248	0.07148
82	409	T	0.00046	0.00455	0.00034	0.99465
82	410	G	0.00083	0.00009	0.99882	0.00026
82	411	C	0.00007	0.99708	0.00007	0.00278
82	412	G	0.00083	0.00009	0.99882	0.00026
82	413	C	0.00007	0.99708	0.00007	0.00278
82	414	A	0.85669	0.08927	0.01607	0.03797
82	415	C	0.00007	0.99708	0.00007	0.00278
82	416	G	0.00083	0.00009	0.99882	0.00026
82	417	T	0.02591	0.17337	0.09166	0.70906
82	418	C	0.00022	0.99115	0.00023	0.00840
82	419	G	0.00083	0.00009	0.99882	0.00026
82	420	G	0.00083	0.00009	0.99882	0.00026
82	421	G	0.00083	0.00009	0.99882	0.00026
82	422	G	0.00083	0.00009	0.99882	0.00026
82	423	T	0.00046	0.00455	0.00034	0.99465
82	424	T	0.00188	0.03442	0.00145	0.96225
82	425	A	0.99905	0.00006	0.00063	0.00026
82	426	A	0.99905	0.00006	0.00063	0.00026
82	427	C	0.00007	0.99708	0.00007	0.00278
82	428	C	0.00261	0.77539	0.00244	0.21956
82	429	C	0.00116	0.96449	0.00141	0.03294
82	430	A	0.78254	0.10931	0.03367	0.07447
82	431	T	0.29128	0.22518	0.04304	0.44051
82	432	D	0.29066	0.03465	0.30489	0.36980
82	433	G	0.00083	0.00009	0.99882	0.00026
82	434	A	0.98698	0.00040	0.01116	0.00146
82	435	T	0.00046	0.00455	0.00034	0.99465
82	436	T	0.00046	0.00455	0.00034	0.99465
82	437	A	0.99905	0.00006	0.00063	0.00026
82	438	G	0.00083	0.00009	0.99882	0.00026
82	439	C	0.00007	0.99708	0.00007	0.00278
82	440	H	0.29685	0.28006	0.02404	0.39905
82	441	D	0.34361	0.05791	0.25430	0.34419
82	442	T	0.03542	0.05771	0.20702	0.69984
82	443	G	0.01036	0.00130	0.98518	0.00316
82	444	G	0.19971	0.00276	0.78876	0.00878
82	445	G	0.00083	0.00009	0.99882	0.00026
82	446	C	0.00007	0.99708	0.00007	0.00278
82	447	T	0.00046	0.00455	0.00034	0.99465
82	448	G	0.00083	0.00009	0.99882	0.00026
82	449	T	0.00046	0.00455	0.00034	0.99465
82	450	A	0.99905	0.00006	0.00063	0.00026
82	451	G	0.00083	0.00009	0.99882	0.00026
82	452	B	0.02956	0.31121	0.29144	0.36779
82	453	T	0.03333	0.20074	0.01317	0.75276
82	454	G	0.00482	0.00254	0.98956	0.00308
82	455	C	0.00115	0.93327	0.00115	0.06444
82	456	T	0.00188	0.03442	0.00145	0.96225
82	457	A	0.99238	0.00070	0.00384	0.00309
82	458	A	0.99905	0.00006	0.00063	0.00026
82	459	A	0.99905	0.00006	0.00063	0.00026
82	460	A	0.99905	0.00006	0.00063	0.00026
82	461	G	0.00302	0.00039	0.99551	0.00108
82	462	T	0.00181	0.09263	0.00149	0.90407
82	463	T	0.02984	0.25402	0.28916	0.42698
82	464	G	0.21277	0.10525	0.59666	0.08532
82	465	T	0.00574	0.15808	0.00585	0.83034
82	466	G	0.00083	0.00009	0.99882	0.00026
82	467	A	0.99905	0.00006	0.00063	0.00026
82	468	C	0.00074	0.93287	0.00072	0.06568
82	469	T	0.29368	0.22519	0.02358	0.45755
82	470	C	0.00479	0.78449	0.00537	0.20535
82	471	C	0.01368	0.68274	0.01237	0.29122
82	472	T	0.05994	0.09070	0.19140	0.65796
82	473	G	0.03031	0.00227	0.96181	0.00560
82	474	A	0.98782	0.00084	0.00813	0.00320
82	475	A	0.99615	0.00023	0.00270	0.00092
82	476	T	0.01629	0.12766	0.01467	0.84139
82	477	G	0.03638	0.07844	0.76983	0.11534
82	478	C	0.00227	0.78973	0.00213	0.20587
82	479	G	0.31397	0.10239	0.48145	0.10219
82	480	T	0.02984	0.25402	0.28916	0.42698
82	481	A	0.92930	0.00727	0.01614	0.04729
82	482	C	0.00188	0.97613	0.00103	0.02095
82	483	T	0.00352	0.04401	0.00277	0.94970
82	484	A	0.85803	0.01254	0.06329	0.06614
82	485	T	0.00139	0.01631	0.00105	0.98124
82	486	Y	0.04364	0.39794	0.11338	0.44505
82	487	A	0.91383	0.00181	0.07822	0.00614
82	488	A	0.99355	0.00038	0.00465	0.00142
82	489	T	0.03447	0.03522	0.00855	0.92177
82	490	G	0.02059	0.01439	0.94242	0.02260
82	491	G	0.02820	0.12022	0.79026	0.06132
82	492	W	0.37642	0.06301	0.24187	0.31870
82	493	A	0.41300	0.05914	0.25536	0.27250
82	494	G	0.05750	0.00237	0.93283	0.00729
82	495	T	0.00229	0.27706	0.00196	0.71869
82	496	A	0.92202	0.00198	0.06870	0.00729
82	497	G	0.05099	0.06180	0.83577	0.05143
82	498	T	0.06175	0.02267	0.00779	0.90779
82	499	R	0.33648	0.02793	0.45879	0.17680
82	500	T	0.01104	0.02662	0.05492	0.90742
82	501	T	0.00046	0.00455	0.00034	0.99465
82	502	A	0.99905	0.00006	0.00063	0.00026
82	503	A	0.99905	0.00006	0.00063	0.00026
82	504	C	0.00007	0.99708	0.00007	0.00278
82	505	T	0.00046	0.00455	0.00034	0.99465
82	506	G	0.00905	0.00177	0.98386	0.00533
82	507	A	0.98313	0.00073	0.01349	0.00265
82	508	A	0.99353	0.00055	0.00377	0.00215
82	509	A	0.74219	0.06834	0.10543	0.08404
82	510	C	0.03103	0.88054	0.00812	0.08031
82	511	A	0.84043	0.05584	0.02734	0.07639
82	512	T	0.22319	0.27803	0.05857	0.44021
82	513	T	0.03538	0.05846	0.20187	0.70429
82	514	G	0.04247	0.03305	0.79902	0.12546
82	515	A	0.99637	0.00023	0.00252	0.00089
82	516	W	0.32588	0.15602	0.15365	0.36445
82	517	K	0.14933	0.15191	0.37529	0.32347
82	518	A	0.99637	0.00023	0.00252	0.00089
82	519	A	0.55228	0.03334	0.37015	0.04423
82	520	C	0.00492	0.75783	0.00561	0.23163
82	521	C	0.00359	0.71545	0.00332	0.27764
82	522	T	0.07847	0.16775	0.01803	0.73575
82	523	C	0.08403	0.69351	0.05730	0.16515
82	524	A	0.89984	0.00973	0.01911	0.07131
82	525	T	0.00202	0.12750	0.00168	0.86880
82	526	T	0.00225	0.06729	0.00182	0.92864
82	527	G	0.00083	0.00009	0.99882	0.00026
82	528	A	0.99905	0.00006	0.00063	0.00026
82	529	T	0.00046	0.00455	0.00034	0.99465
82	530	C	0.00007	0.99708	0.00007	0.00278
82	531	T	0.00046	0.00455	0.00034	0.99465
82	532	T	0.00046	0.00455	0.00034	0.99465
82	533	G	0.02642	0.11625	0.79934	0.05798
82	534	T	0.15982	0.32096	0.04448	0.47475
82	535	A	0.86801	0.01449	0.03813	0.07938
82	536	G	0.27992	0.11412	0.50516	0.10079
82	537	G	0.18332	0.00148	0.81013	0.00507
82	538	A	0.91130	0.00165	0.08113	0.00593
82	539	A	0.80695	0.00255	0.18173	0.00877
82	540	G	0.00083	0.00009	0.99882	0.00026
82	541	G	0.00083	0.00009	0.99882	0.00026
82	542	G	0.00083	0.00009	0.99882	0.00026
82	543	T	0.00046	0.00455	0.00034	0.99465
82	544	A	0.99905	0.00006	0.00063	0.00026
82	545	G	0.00083	0.00009	0.99882	0.00026
82	546	G	0.00083	0.00009	0.99882	0.00026
82	547	C	0.00007	0.99708	0.00007	0.00278
82	548	T	0.00046	0.00455	0.00034	0.99465
82	549	A	0.99905	0.00006	0.00063	0.00026
82	550	C	0.00007	0.99708	0.00007	0.00278
82	551	G	0.00083	0.00009	0.99882	0.00026
82	552	G	0.00083	0.00009	0.99882	0.00026
82	553	G	0.00083	0.00009	0.99882	0.00026
82	554	T	0.00046	0.00455	0.00034	0.99465
82	555	G	0.00083	0.00009	0.99882	0.00026
82	556	A	0.99905	0.00006	0.00063	0.00026
82	557	A	0.99905	0.00006	0.00063	0.00026
82	558	A	0.99905	0.00006	0.00063	0.00026
82	559	C	0.00007	0.99708	0.00007	0.00278
82	560	C	0.00007	0.99708	0.00007	0.00278
82	561	C	0.00016	0.99368	0.00017	0.00600
82	562	T	0.00833	0.29885	0.00561	0.68722
82	563	T	0.00341	0.28532	0.00291	0.70837
82	564	C	0.00124	0.77355	0.00116	0.22405
82	565	A	0.99928	0.00004	0.00047	0.00020
82	566	G	0.01741	0.00730	0.93813	0.03716
82	567	G	0.06591	0.00195	0.92635	0.00579
82	568	T	0.00095	0.01047	0.00071	0.98788
82	569	T	0.00032	0.00311	0.00023	0.99635
82	570	A	0.99928	0.00004	0.00047	0.00020
82	571	A	0.99734	0.00016	0.00186	0.00064
82	572	T	0.00032	0.00311	0.00023	0.99635
82	573	A	0.99928	0.00004	0.00047	0.00020
82	574	C	0.00005	0.99791	0.00005	0.00199
82	575	T	0.00091	0.00981	0.00068	0.98860
82	576	C	0.00061	0.98001	0.00060	0.01878
82	577	A	0.99558	0.00049	0.00252	0.00142
82	578	T	0.00032	0.00311	0.00023	0.99635
82	579	A	0.99928	0.00004	0.00047	0.00020
82	580	T	0.00032	0.00311	0.00023	0.99635
82	581	T	0.00202	0.01363	0.00253	0.98182
82	582	G	0.00562	0.00059	0.99215	0.00164
82	583	A	0.99928	0.00004	0.00047	0.00020
82	584	G	0.00064	0.00007	0.99910	0.00020
82	585	A	0.99928	0.00004	0.00047	0.00020
82	586	G	0.00064	0.00007	0.99910	0.00020
82	587	A	0.99928	0.00004	0.00047	0.00020
82	588	T	0.00032	0.00311	0.00023	0.99635
82	589	A	0.99761	0.00015	0.00161	0.00063
82	590	C	0.00165	0.90039	0.00169	0.09627
82	591	C	0.07182	0.65448	0.01917	0.25453
82	592	T	0.00032	0.00311	0.00023	0.99635
82	593	C	0.00200	0.81418	0.00188	0.18193
82	594	T	0.00634	0.15739	0.00574	0.83053
82	595	G	0.03608	0.00109	0.95966	0.00317
82	596	G	0.13593	0.00414	0.84647	0.01346
82	597	T	0.00114	0.00933	0.00079	0.98875
82	598	A	0.99928	0.00004	0.00047	0.00020
82	599	G	0.00064	0.00007	0.99910	0.00020
82	600	G	0.00064	0.00007	0.99910	0.00020
82	601	T	0.00642	0.25946	0.00617	0.72795
82	602	T	0.00114	0.00995	0.00089	0.98802
82	603	A	0.99928	0.00004	0.00047	0.00020
82	604	A	0.99928	0.00004	0.00047	0.00020
82	605	B	0.03820	0.31245	0.29405	0.35530
82	606	G	0.00208	0.00022	0.99710	0.00060
82	607	T	0.00202	0.01363	0.00253	0.98182
82	608	T	0.00121	0.01820	0.00091	0.97968
82	609	G	0.00199	0.00021	0.99721	0.00059
82	610	G	0.00239	0.00059	0.99599	0.00102
82	611	C	0.00089	0.94737	0.00087	0.05087
82	612	G	0.00064	0.00007	0.99910	0.00020
82	613	G	0.00064	0.00007	0.99910	0.00020
82	614	A	0.99905	0.00006	0.00063	0.00026
82	615	T	0.00032	0.00311	0.00023	0.99635
82	616	A	0.99928	0.00004	0.00047	0.00020
82	617	A	0.99315	0.00054	0.00413	0.00218
82	618	T	0.06108	0.06494	0.12898	0.74501
82	619	G	0.00064	0.00007	0.99910	0.00020
82	620	K	0.03788	0.24756	0.29646	0.41811
82	621	T	0.00032	0.00311	0.00023	0.99635
82	622	G	0.00064	0.00007	0.99910	0.00020
82	623	A	0.99758	0.00017	0.00151	0.00073
82	624	G	0.00064	0.00007	0.99910	0.00020
82	625	T	0.03912	0.10668	0.03785	0.81635
82	626	T	0.06204	0.15132	0.06173	0.72491
82	627	C	0.03860	0.74119	0.04303	0.17718
82	628	T	0.00129	0.00999	0.00087	0.98785
82	629	T	0.00130	0.01096	0.00108	0.98667
82	630	T	0.00178	0.01072	0.00100	0.98649
82	631	A	0.80911	0.06328	0.03102	0.09659
82	632	A	0.99768	0.00016	0.00149	0.00067
82	633	C	0.00353	0.93905	0.00458	0.05283
82	634	G	0.00064	0.00007	0.99910	0.00020
82	635	A	0.99928	0.00004	0.00047	0.00020
82	636	C	0.00005	0.99791	0.00005	0.00199
82	637	A	0.99905	0.00006	0.00063	0.00026
82	638	A	0.99734	0.00016	0.00186	0.00064
82	639	A	0.82790	0.01745	0.02666	0.12799
82	640	A	0.99928	0.00004	0.00047	0.00020
82	641	A	0.99758	0.00017	0.00151	0.00073
82	642	V	0.32351	0.27824	0.26584	0.13241
82	643	C	0.00005	0.99791	0.00005	0.00199
82	644	A	0.68383	0.11847	0.03643	0.16126
82	645	T	0.00032	0.00311	0.00023	0.99635
82	646	T	0.00032	0.00311	0.00023	0.99635
82	647	C	0.00005	0.99791	0.00005	0.00199
82	648	A	0.99928	0.00004	0.00047	0.00020
82	649	A	0.99928	0.00004	0.00047	0.00020
82	650	C	0.00005	0.99791	0.00005	0.00199
82	651	G	0.03218	0.00096	0.96405	0.00281
82	652	C	0.00033	0.99002	0.00064	0.00901
82	653	C	0.00015	0.99395	0.00016	0.00574
82	654	T	0.00202	0.01363	0.00253	0.98182
82	655	G	0.00064	0.00007	0.99910	0.00020
82	656	T	0.00137	0.01026	0.00090	0.98747
82	657	G	0.00064	0.00007	0.99910	0.00020
82	658	G	0.00064	0.00007	0.99910	0.00020
82	659	A	0.96101	0.00506	0.02105	0.01289
82	660	G	0.21316	0.00896	0.75801	0.01987
82	661	C	0.00016	0.99368	0.00017	0.00600
82	662	V	0.25388	0.27599	0.34015	0.12998
82	663	A	0.85923	0.00307	0.12747	0.01023
82	664	A	0.84755	0.00365	0.13709	0.01170
82	665	C	0.00346	0.62891	0.00315	0.36448
82	666	C	0.00005	0.99791	0.00005	0.00199
82	667	T	0.00032	0.00311	0.00023	0.99635
82	668	C	0.00005	0.99791	0.00005	0.00199
82	669	A	0.99928	0.00004	0.00047	0.00020
82	670	C	0.00572	0.78886	0.00402	0.20140
82	671	C	0.00096	0.94819	0.00096	0.04989
82	672	A	0.90528	0.00285	0.08270	0.00917
82	673	G	0.17284	0.00213	0.81831	0.00672
82	674	C	0.01468	0.63461	0.05108	0.29963
82	675	T	0.25866	0.06067	0.02642	0.65425
82	676	D	0.32879	0.09129	0.30433	0.27559
82	677	C	0.04336	0.69778	0.14367	0.11519
82	678	A	0.99928	0.00004	0.00047	0.00020
82	679	T	0.00032	0.00311	0.00023	0.99635
82	680	G	0.00064	0.00007	0.99910	0.00020
82	681	C	0.00005	0.99791	0.00005	0.00199
82	682	T	0.01388	0.18881	0.01388	0.78343
82	683	T	0.00032	0.00311	0.00023	0.99635
82	684	T	0.00178	0.01072	0.00100	0.98649
82	685	C	0.09459	0.52179	0.10713	0.27650
82	686	T	0.11925	0.20997	0.12576	0.54501
82	687	T	0.11925	0.20997	0.12576	0.54501
82	688	G	0.15616	0.09786	0.59469	0.15129
82	689	A	0.55060	0.10059	0.18180	0.16701
82	690	C	0.09459	0.52179	0.10713	0.27650
82	691	T	0.11925	0.20997	0.12576	0.54501
82	692	G	0.15616	0.09786	0.59469	0.15129
82	693	A	0.55060	0.10059	0.18180	0.16701
82	694	T	0.11925	0.20997	0.12576	0.54501
82	695	C	0.09459	0.52179	0.10713	0.27650
82	696	C	0.09459	0.52179	0.10713	0.27650
82	697	T	0.11925	0.20997	0.12576	0.54501
82	698	T	0.11925	0.20997	0.12576	0.54501
82	699	C	0.09459	0.52179	0.10713	0.27650
82	700	A	0.55060	0.10059	0.18180	0.16701
82	701	G	0.15616	0.09786	0.59469	0.15129
82	702	A	0.55060	0.10059	0.18180	0.16701
82	703	G	0.15616	0.09786	0.59469	0.15129
82	704	G	0.09922	0.04931	0.76825	0.08323
82	705	R	0.38396	0.08186	0.39399	0.14019
82	706	G	0.09922	0.04931	0.76825	0.08323
82	707	T	0.07148	0.15859	0.07188	0.69806
82	708	G	0.09922	0.04931	0.76825	0.08323
82	709	R	0.35553	0.08176	0.42343	0.13928
82	710	W	0.35519	0.14931	0.15678	0.33872
82	711	T	0.07148	0.15859	0.07188	0.69806
82	712	Y	0.08430	0.38367	0.08962	0.44241
82	713	K	0.14933	0.15191	0.37529	0.32347
82	714	W	0.35519	0.14931	0.15678	0.33872
82	715	C	0.04775	0.70174	0.05383	0.19669
82	716	T	0.07148	0.15859	0.07188	0.69806
82	717	G	0.09922	0.04931	0.76825	0.08323
82	718	W	0.32588	0.15602	0.15365	0.36445
82	719	H	0.28394	0.30341	0.15098	0.26167
82	720	W	0.35519	0.14931	0.15678	0.33872
82	721	R	0.35553	0.08176	0.42343	0.13928
82	722	G	0.09922	0.04931	0.76825	0.08323
82	723	G	0.09922	0.04931	0.76825	0.08323
82	724	Y	0.08293	0.40805	0.08865	0.42037
82	725	T	0.07148	0.15859	0.07188	0.69806
82	726	G	0.09922	0.04931	0.76825	0.08323
82	727	Y	0.08430	0.38367	0.08962	0.44241
82	728	C	0.04775	0.70174	0.05383	0.19669
82	729	T	0.07148	0.15859	0.07188	0.69806
82	730	T	0.07148	0.15859	0.07188	0.69806
82	731	K	0.14731	0.15883	0.34429	0.34958
82	732	A	0.74487	0.04903	0.11224	0.09386
82	733	B	0.13765	0.27538	0.34782	0.23915
82	734	R	0.35553	0.08176	0.42343	0.13928
82	735	C	0.04775	0.70174	0.05383	0.19669
82	736	T	0.07148	0.15859	0.07188	0.69806
82	737	K	0.14731	0.15883	0.34429	0.34958
82	738	A	0.74487	0.04903	0.11224	0.09386
82	739	W	0.35519	0.14931	0.15678	0.33872
82	740	K	0.14731	0.15883	0.34429	0.34958
82	741	Y	0.08430	0.38367	0.08962	0.44241
82	742	C	0.04775	0.70174	0.05383	0.19669
82	743	K	0.07521	0.14103	0.41028	0.37348
82	744	G	0.33924	0.00581	0.63527	0.01968
82	745	R	0.35833	0.02994	0.46704	0.14469
82	746	G	0.25029	0.00441	0.73185	0.01345
82	747	G	0.18017	0.05814	0.55820	0.20349
82	748	C	0.00789	0.87749	0.04257	0.07206
82	749	V	0.30581	0.21219	0.31976	0.16224
82	750	A	0.91039	0.01306	0.01722	0.05933
82	751	A	0.92350	0.00672	0.01406	0.05572
82	752	G	0.01047	0.00254	0.98058	0.00640
82	753	T	0.00032	0.00311	0.00023	0.99635
82	754	G	0.00064	0.00007	0.99910	0.00020
82	755	C	0.00440	0.77481	0.00454	0.21625
82	756	G	0.00064	0.00007	0.99910	0.00020
82	757	C	0.06632	0.71555	0.03945	0.17867
82	758	T	0.00032	0.00311	0.00023	0.99635
82	759	A	0.98401	0.00142	0.00958	0.00499
82	760	G	0.00208	0.00022	0.99710	0.00060
82	761	G	0.00064	0.00007	0.99910	0.00020
82	762	G	0.04143	0.01392	0.91843	0.02623
82	763	C	0.08278	0.46875	0.23125	0.21722
82	764	C	0.01457	0.86591	0.01606	0.10346
82	765	A	0.56414	0.09659	0.17731	0.16196
82	766	A	0.56414	0.09659	0.17731	0.16196
82	767	A	0.56414	0.09659	0.17731	0.16196
82	768	C	0.09082	0.53440	0.10286	0.27191
82	769	A	0.56414	0.09659	0.17731	0.16196
82	770	T	0.11565	0.20649	0.12152	0.55634
82	771	C	0.09082	0.53440	0.10286	0.27191
82	772	A	0.56414	0.09659	0.17731	0.16196
82	773	T	0.11565	0.20649	0.12152	0.55634
82	774	T	0.11565	0.20649	0.12152	0.55634
82	775	T	0.06047	0.14850	0.06002	0.73100
82	776	G	0.06278	0.00151	0.93105	0.00467
82	777	T	0.03905	0.13115	0.18165	0.64815
82	778	C	0.00080	0.95158	0.00079	0.04682
82	779	T	0.00518	0.04141	0.00906	0.94435
82	780	T	0.00567	0.16931	0.00358	0.82144
82	781	Y	0.04599	0.35650	0.13169	0.46583
82	782	A	0.91254	0.00821	0.02330	0.05595
82	783	T	0.20215	0.03874	0.04345	0.71566
82	784	T	0.03205	0.30480	0.01202	0.65113
82	785	G	0.04098	0.03188	0.79690	0.13023
82	786	G	0.01673	0.02467	0.93900	0.01960
82	787	A	0.99321	0.00046	0.00455	0.00179
82	788	G	0.02958	0.00089	0.96693	0.00260
82	789	A	0.98452	0.00157	0.00900	0.00491
82	790	T	0.00664	0.02856	0.00505	0.95975
82	791	G	0.03153	0.00610	0.94802	0.01435
82	792	C	0.00087	0.98407	0.00099	0.01407
82	793	T	0.00309	0.01593	0.00255	0.97843
82	794	W	0.32580	0.21062	0.09043	0.37315
82	795	T	0.01412	0.32843	0.01312	0.64432
82	796	A	0.75408	0.03535	0.13767	0.07290
82	797	G	0.00925	0.00107	0.98697	0.00272
82	798	T	0.00289	0.02666	0.00245	0.96800
82	799	G	0.00625	0.00054	0.99174	0.00147
82	800	G	0.00064	0.00007	0.99910	0.00020
82	801	A	0.87771	0.00242	0.11147	0.00841
82	802	A	0.50721	0.18765	0.11363	0.19152
82	803	G	0.11041	0.09125	0.56637	0.23196
82	804	C	0.03546	0.59713	0.03720	0.33021
82	805	T	0.03152	0.09911	0.02955	0.83982
82	806	A	0.50721	0.18765	0.11363	0.19152
82	807	A	0.57255	0.01958	0.22992	0.17794
82	808	G	0.00630	0.00105	0.98937	0.00327
82	809	G	0.08631	0.00360	0.89693	0.01317
82	810	T	0.10175	0.11505	0.19641	0.58679
82	811	R	0.45364	0.00872	0.51171	0.02593
82	812	C	0.00005	0.99791	0.00005	0.00199
82	813	T	0.11925	0.20997	0.12576	0.54501
82	814	A	0.55060	0.10059	0.18180	0.16701
82	815	G	0.15616	0.09786	0.59469	0.15129
82	816	C	0.09459	0.52179	0.10713	0.27650
82	817	T	0.11925	0.20997	0.12576	0.54501
82	818	T	0.11925	0.20997	0.12576	0.54501
82	819	C	0.00053	0.94228	0.00052	0.05667
82	820	C	0.00040	0.98450	0.00042	0.01468
82	821	T	0.00408	0.02818	0.00431	0.96344
82	822	C	0.00005	0.99791	0.00005	0.00199
82	823	C	0.00005	0.99791	0.00005	0.00199
82	824	C	0.00063	0.98022	0.00060	0.01855
82	825	T	0.00368	0.15202	0.00312	0.84119
82	826	G	0.13039	0.00852	0.83665	0.02444
82	827	G	0.01766	0.00746	0.93833	0.03655
82	828	A	0.99787	0.00014	0.00141	0.00058
82	829	A	0.99558	0.00049	0.00252	0.00142
82	830	A	0.93724	0.00123	0.05695	0.00458
82	831	G	0.01194	0.02988	0.94099	0.01719
82	832	G	0.18174	0.00527	0.79843	0.01456
82	833	C	0.09459	0.52179	0.10713	0.27650
82	834	T	0.11925	0.20997	0.12576	0.54501
82	835	C	0.09459	0.52179	0.10713	0.27650
82	836	T	0.11925	0.20997	0.12576	0.54501
82	837	G	0.15616	0.09786	0.59469	0.15129
82	838	G	0.15616	0.09786	0.59469	0.15129
82	839	G	0.15616	0.09786	0.59469	0.15129
82	840	G	0.15616	0.09786	0.59469	0.15129
82	841	C	0.09459	0.52179	0.10713	0.27650
82	842	Y	0.08430	0.38367	0.08962	0.44241
82	843	B	0.13765	0.27538	0.34782	0.23915
82	844	B	0.13765	0.27538	0.34782	0.23915
82	845	A	0.74487	0.04903	0.11224	0.09386
82	846	C	0.04775	0.70174	0.05383	0.19669
82	847	K	0.14731	0.15883	0.34429	0.34958
82	848	R	0.35553	0.08176	0.42343	0.13928
82	849	Y	0.08430	0.38367	0.08962	0.44241
82	850	Y	0.08430	0.38367	0.08962	0.44241
82	851	C	0.04775	0.70174	0.05383	0.19669
82	852	T	0.07148	0.15859	0.07188	0.69806
82	853	Y	0.08430	0.38367	0.08962	0.44241
82	854	T	0.07148	0.15859	0.07188	0.69806
82	855	G	0.09922	0.04931	0.76825	0.08323
82	856	G	0.09922	0.04931	0.76825	0.08323
82	857	G	0.01800	0.00461	0.96777	0.00963
82	858	G	0.06417	0.05263	0.81571	0.06749
82	859	T	0.00183	0.02879	0.00140	0.96798
82	860	T	0.00322	0.31623	0.00277	0.67778
82	861	G	0.00821	0.00165	0.98458	0.00555
82	862	T	0.00684	0.01701	0.03188	0.94428
82	863	A	0.99723	0.00020	0.00177	0.00080
82	864	T	0.11565	0.20649	0.12152	0.55634
82	865	G	0.15231	0.09397	0.60754	0.14618
82	866	T	0.11565	0.20649	0.12152	0.55634
82	867	G	0.15231	0.09397	0.60754	0.14618
82	868	G	0.15231	0.09397	0.60754	0.14618
82	869	T	0.11565	0.20649	0.12152	0.55634
82	870	G	0.15231	0.09397	0.60754	0.14618
82	871	T	0.11565	0.20649	0.12152	0.55634
82	872	T	0.11565	0.20649	0.12152	0.55634
82	873	T	0.11565	0.20649	0.12152	0.55634
82	874	G	0.15231	0.09397	0.60754	0.14618
82	875	C	0.09082	0.53440	0.10286	0.27191
82	876	C	0.09082	0.53440	0.10286	0.27191
82	877	T	0.11565	0.20649	0.12152	0.55634
82	878	C	0.09082	0.53440	0.10286	0.27191
82	879	T	0.11565	0.20649	0.12152	0.55634
82	880	G	0.00064	0.00007	0.99910	0.00020
82	881	G	0.00208	0.00022	0.99710	0.00060
82	882	G	0.00064	0.00007	0.99910	0.00020
82	883	G	0.00064	0.00007	0.99910	0.00020
82	884	T	0.00032	0.00311	0.00023	0.99635
82	885	A	0.99928	0.00004	0.00047	0.00020
82	886	G	0.04348	0.01495	0.91366	0.02792
82	887	C	0.01151	0.76267	0.00503	0.22079
82	888	T	0.00032	0.00311	0.00023	0.99635
82	889	C	0.00005	0.99791	0.00005	0.00199
82	890	A	0.99928	0.00004	0.00047	0.00020
82	891	G	0.00064	0.00007	0.99910	0.00020
82	892	G	0.00064	0.00007	0.99910	0.00020
82	893	T	0.01597	0.02747	0.16323	0.79332
82	894	G	0.00064	0.00007	0.99910	0.00020
82	895	C	0.00014	0.99447	0.00015	0.00524
82	896	A	0.99928	0.00004	0.00047	0.00020
82	897	T	0.00597	0.18941	0.01104	0.79357
82	898	T	0.00032	0.00311	0.00023	0.99635
82	899	T	0.00032	0.00311	0.00023	0.99635
82	900	A	0.99928	0.00004	0.00047	0.00020
82	901	G	0.00064	0.00007	0.99910	0.00020
82	902	G	0.00064	0.00007	0.99910	0.00020
82	903	T	0.01487	0.05982	0.01328	0.91202
82	904	T	0.01487	0.05982	0.01328	0.91202
82	905	T	0.00083	0.00876	0.00062	0.98978
82	906	T	0.00032	0.00311	0.00023	0.99635
82	907	T	0.00032	0.00311	0.00023	0.99635
82	908	C	0.00005	0.99791	0.00005	0.00199
82	909	C	0.00005	0.99791	0.00005	0.00199
82	910	A	0.99764	0.00017	0.00151	0.00069
82	911	C	0.00005	0.99791	0.00005	0.00199
82	912	A	0.99928	0.00004	0.00047	0.00020
82	913	T	0.07588	0.09938	0.01597	0.80877
82	914	T	0.00032	0.00311	0.00023	0.99635
82	915	T	0.00279	0.13412	0.00232	0.86077
82	916	A	0.70405	0.03022	0.04691	0.21882
82	917	A	0.98112	0.00411	0.00717	0.00760
82	918	A	0.90304	0.00962	0.03146	0.05588
82	919	A	0.99928	0.00004	0.00047	0.00020
82	920	G	0.32930	0.02991	0.47696	0.16384
82	921	A	0.83938	0.01590	0.02627	0.11845
82	922	T	0.19655	0.06444	0.06176	0.67726
82	923	T	0.27684	0.11325	0.15159	0.45832
82	924	T	0.03475	0.18613	0.01018	0.76894
82	925	A	0.90255	0.00910	0.01801	0.07033
82	926	T	0.06602	0.13987	0.06591	0.72820
82	927	C	0.04461	0.72026	0.05095	0.18419
82	928	A	0.99928	0.00004	0.00047	0.00020
82	929	T	0.00032	0.00311	0.00023	0.99635
82	930	G	0.00064	0.00007	0.99910	0.00020
82	931	A	0.54599	0.10198	0.18331	0.16873
82	932	G	0.15746	0.09921	0.59029	0.15304
82	933	A	0.54599	0.10198	0.18331	0.16873
82	934	G	0.15746	0.09921	0.59029	0.15304
82	935	T	0.12049	0.21112	0.12722	0.54117
82	936	G	0.15746	0.09921	0.59029	0.15304
82	937	A	0.54599	0.10198	0.18331	0.16873
82	938	G	0.15746	0.09921	0.59029	0.15304
82	939	C	0.09589	0.51750	0.10861	0.27801
82	940	C	0.09589	0.51750	0.10861	0.27801
82	941	A	0.54599	0.10198	0.18331	0.16873
82	942	T	0.12049	0.21112	0.12722	0.54117
82	943	G	0.15746	0.09921	0.59029	0.15304
96	1	T	0.02444	0.07173	0.04312	0.86071
96	2	T	0.00297	0.02144	0.00240	0.97319
96	3	C	0.00697	0.90906	0.01178	0.07220
96	4	A	0.99453	0.00048	0.00347	0.00152
96	5	A	0.98088	0.00216	0.01114	0.00581
96	6	A	0.67670	0.01326	0.27758	0.03246
96	7	G	0.26563	0.01318	0.68993	0.03126
96	8	G	0.01130	0.00234	0.98131	0.00505
96	9	G	0.04724	0.02106	0.87796	0.05374
96	10	G	0.07008	0.04587	0.72487	0.15918
96	11	G	0.01130	0.00234	0.98131	0.00505
96	12	T	0.06720	0.10315	0.21481	0.61483
96	13	C	0.01261	0.68362	0.01239	0.29137
96	14	G	0.07369	0.05100	0.68560	0.18971
96	15	G	0.06761	0.16080	0.65800	0.11359
96	16	G	0.19881	0.24217	0.38048	0.17854
96	17	G	0.06542	0.13189	0.69960	0.10310
96	18	G	0.00412	0.00061	0.99380	0.00147
96	19	G	0.02428	0.00790	0.94698	0.02084
96	20	T	0.13459	0.07031	0.03093	0.76417
96	21	T	0.13459	0.07031	0.03093	0.76417
96	22	T	0.00313	0.02220	0.00254	0.97214
96	23	Y	0.01015	0.48445	0.00931	0.49610
96	24	Y	0.00975	0.53654	0.00903	0.44467
96	25	C	0.00067	0.98408	0.00070	0.01454
96	26	C	0.01216	0.90058	0.00804	0.07921
96	27	G	0.03215	0.00283	0.95823	0.00679
96	28	G	0.03459	0.04897	0.87329	0.04315
96	29	A	0.86958	0.04646	0.03454	0.04943
96	30	C	0.02093	0.78213	0.07745	0.11949
96	31	T	0.00870	0.25658	0.00764	0.72708
96	32	C	0.00067	0.98408	0.00070	0.01454
96	33	C	0.00270	0.93071	0.00273	0.06386
96	34	C	0.00312	0.91621	0.00312	0.07755
96	35	C	0.00491	0.80154	0.00468	0.18887
