18
Human_rhinovirus_89__RNA-directed_RNA_polymerase_5730_7110_                                       0.0000000 0.8367350 0.8578974 0.9276152 0.9853133 0.9880266 0.8699905 0.9225043 0.8919273 0.8279985 0.7857747 0.7969105 0.8287213 0.9322549 0.8168044 0.8276452 8.6764953 8.9999988 
Human_rhinovirus_C__3D_5667_7047_                                                                 0.8367350 0.0000000 0.7035203 0.9554152 0.9670382 0.9684828 0.9562667 0.8173155 0.8792441 0.9105472 0.8302488 0.8266913 0.8192738 0.8674796 0.8103231 0.8145564 8.9999984 8.9999984 
Human_rhinovirus_14__3D_5785_7165_                                                                0.8578974 0.7035203 0.0000000 0.7640692 0.7821045 0.7913737 0.8670544 0.7066065 0.6549985 0.6259422 0.6461254 0.6582717 0.7339185 0.7928136 0.7194351 0.7150621 8.2541574 8.6612647 
Enterovirus_SEV-gx__3D_5856_7287_                                                                 0.9276152 0.9554152 0.7640692 0.0000000 0.7992969 0.8249183 0.7912803 0.6394830 0.6878548 0.6746882 0.6584483 0.6136951 0.7304170 0.8314026 0.7210180 0.7048163 8.8779190 8.9999990 
Human_enterovirus_A__3D_5943_7329_                                                                0.9853133 0.9670382 0.7821045 0.7992969 0.0000000 0.0245276 0.8837208 0.6736698 0.5483018 0.5820259 0.5536204 0.5452309 0.6678865 0.7518750 0.6971277 0.6846629 8.2406410 8.8310840 
Human_enterovirus_strain_V13-0285_partial_genome_3D-pol_5922_7308_                                0.9880266 0.9684828 0.7913737 0.8249183 0.0245276 0.0000000 0.8867774 0.6807781 0.5545920 0.5890620 0.5705525 0.5530135 0.6544349 0.7696601 0.7021426 0.6895971 8.1668670 8.7121300 
Simian_enterovirus_A__3D_5867_7244_                                                               0.8699905 0.9562667 0.8670544 0.7912803 0.8837208 0.8867774 0.0000000 0.6494881 0.5690791 0.5393703 0.4792345 0.5078034 0.6517221 0.6890451 0.6671299 0.6606625 7.4397222 8.1477711 
Human_enterovirus_D__3D-POL_5937_7308_                                                            0.9225043 0.8173155 0.7066065 0.6394830 0.6736698 0.6807781 0.6494881 0.0000000 0.3551966 0.3757898 0.3769770 0.3949099 0.6035961 0.6390062 0.5790619 0.5818356 8.3211322 8.2595642 
Poliovirus__RNA-directed_RNA_polymerase_5986_7369_                                                0.8919273 0.8792441 0.6549985 0.6878548 0.5483018 0.5545920 0.5690791 0.3551966 0.0000000 0.3845671 0.3258092 0.3359588 0.4901296 0.5549520 0.5366712 0.5247287 8.6391220 8.3803429 
Human_enterovirus_B__3D_5901_7287_                                                                0.8279985 0.9105472 0.6259422 0.6746882 0.5820259 0.5890620 0.5393703 0.3757898 0.3845671 0.0000000 0.2189197 0.2539953 0.5008490 0.5261065 0.5030020 0.4874671 8.0413325 8.5908403 
Enterovirus_J_strain_N203__3D_5885_7271_                                                          0.7857747 0.8302488 0.6461254 0.6584483 0.5536204 0.5705525 0.4792345 0.3769770 0.3258092 0.2189197 0.0000000 0.1272370 0.4438788 0.5249147 0.4752935 0.4529236 7.8219965 8.9226944 
Enterovirus_J_strain_1631__3D_5856_7242_                                                          0.7969105 0.8266913 0.6582717 0.6136951 0.5452309 0.5530135 0.5078034 0.3949099 0.3359588 0.2539953 0.1272370 0.0000000 0.4622579 0.5086600 0.4631935 0.4349528 7.5047005 8.2723361 
Enterovirus_goat/JL14__3D_5903_7337_                                                              0.8287213 0.8192738 0.7339185 0.7304170 0.6678865 0.6544349 0.6517221 0.6035961 0.4901296 0.5008490 0.4438788 0.4622579 0.0000000 0.4007469 0.4039998 0.3819253 7.7695632 8.7120676 
Bovine_enterovirus__3D_5960_7343_                                                                 0.9322549 0.8674796 0.7928136 0.8314026 0.7518750 0.7696601 0.6890451 0.6390062 0.5549520 0.5261065 0.5249147 0.5086600 0.4007469 0.0000000 0.2309146 0.2101071 7.6943235 7.8580189 
Possum_enterovirus_W1__RNA-directed_RNA_polymerase_5933_7316_                                     0.8168044 0.8103231 0.7194351 0.7210180 0.6971277 0.7021426 0.6671299 0.5790619 0.5366712 0.5030020 0.4752935 0.4631935 0.4039998 0.2309146 0.0000000 0.0526223 6.9116506 8.5127032 
Enterovirus_F_strain_BEV-261_polyprotein_gene_complete_cds_RNA-directed_RNA-polymerase_5940_7323_ 0.8276452 0.8145564 0.7150621 0.7048163 0.6846629 0.6895971 0.6606625 0.5818356 0.5247287 0.4874671 0.4529236 0.4349528 0.3819253 0.2101071 0.0526223 0.0000000 7.0476684 8.2352400 
Cryphonectria_parasitica_mitovirus_1-NB631_                                                       8.6764953 8.9999984 8.2541574 8.8779190 8.2406410 8.1668670 7.4397222 8.3211322 8.6391220 8.0413325 7.8219965 7.5047005 7.7695632 7.6943235 6.9116506 7.0476684 0.0000000 4.5757762 
Ophiostoma_mitovirus_4_                                                                           8.9999988 8.9999984 8.6612647 8.9999990 8.8310840 8.7121300 8.1477711 8.2595642 8.3803429 8.5908403 8.9226944 8.2723361 8.7120676 7.8580189 8.5127032 8.2352400 4.5757762 0.0000000 
