Node	Site	State 	p_A	p_R	p_N	p_D	p_C	p_Q	p_E	p_G	p_H	p_I	p_L	p_K	p_M	p_F	p_P	p_S	p_T	p_W	p_Y	p_V
98	1	L	0.04622	0.03207	0.03267	0.04016	0.01474	0.01715	0.03880	0.03796	0.02048	0.09344	0.15885	0.05859	0.08688	0.05479	0.03280	0.05210	0.05352	0.01343	0.04435	0.07101
98	2	A	0.13440	0.03530	0.04081	0.05475	0.01816	0.01823	0.05271	0.06598	0.02115	0.05513	0.08018	0.06620	0.02475	0.03569	0.04724	0.08397	0.06242	0.01019	0.03552	0.05723
98	3	L	0.04622	0.03207	0.03267	0.04016	0.01474	0.01715	0.03880	0.03796	0.02048	0.09344	0.15885	0.05859	0.08688	0.05479	0.03280	0.05210	0.05352	0.01343	0.04435	0.07101
98	4	J	0.04433	0.02878	0.03032	0.03765	0.01449	0.01428	0.03600	0.03535	0.01871	0.15548	0.15004	0.05220	0.04022	0.05190	0.03194	0.04865	0.05142	0.01203	0.04177	0.10446
98	5	J	0.04433	0.02878	0.03032	0.03765	0.01449	0.01428	0.03600	0.03535	0.01871	0.15548	0.15004	0.05220	0.04022	0.05190	0.03194	0.04865	0.05142	0.01203	0.04177	0.10446
98	6	H	0.04320	0.04670	0.05599	0.06042	0.01374	0.02570	0.05108	0.04643	0.11239	0.04752	0.07692	0.07374	0.02240	0.04783	0.03822	0.06132	0.04892	0.01398	0.07202	0.04150
98	7	D	0.04603	0.03571	0.06513	0.19024	0.01165	0.02035	0.09626	0.05790	0.02487	0.03936	0.05928	0.07214	0.01808	0.02873	0.03974	0.06726	0.04998	0.00862	0.03250	0.03619
98	8	P	0.05224	0.03376	0.03624	0.05228	0.01183	0.01731	0.04837	0.04534	0.02069	0.04394	0.06831	0.06315	0.01942	0.03037	0.25941	0.06625	0.04984	0.00892	0.03115	0.04117
98	9	V	0.05304	0.02961	0.03149	0.03990	0.01661	0.01474	0.03867	0.03830	0.01883	0.12039	0.12831	0.05409	0.03523	0.04748	0.03449	0.05256	0.05632	0.01160	0.04014	0.13820
98	10	Y	0.03875	0.03153	0.03582	0.04218	0.01552	0.01545	0.03777	0.03684	0.03846	0.05667	0.09488	0.05339	0.02591	0.09724	0.03072	0.05020	0.04234	0.02474	0.18432	0.04726
98	11	K	0.04533	0.07282	0.04928	0.05876	0.01172	0.02591	0.06462	0.04771	0.02472	0.04445	0.06750	0.19828	0.02148	0.03062	0.03910	0.06176	0.05309	0.00938	0.03351	0.03997
98	12	L	0.04220	0.02950	0.02967	0.03711	0.01428	0.01510	0.03555	0.03499	0.01982	0.09822	0.22720	0.05188	0.04476	0.06089	0.03251	0.04762	0.04612	0.01393	0.04578	0.07288
98	13	W	0.03676	0.03169	0.02970	0.03701	0.01427	0.01404	0.03443	0.03786	0.02470	0.05402	0.09549	0.04945	0.02596	0.07289	0.02911	0.04607	0.03918	0.20034	0.08185	0.04518
98	14	Y	0.03875	0.03153	0.03582	0.04218	0.01552	0.01545	0.03777	0.03684	0.03846	0.05667	0.09488	0.05339	0.02591	0.09724	0.03072	0.05020	0.04234	0.02474	0.18432	0.04726
98	15	A	0.13440	0.03530	0.04081	0.05475	0.01816	0.01823	0.05271	0.06598	0.02115	0.05513	0.08018	0.06620	0.02475	0.03569	0.04724	0.08397	0.06242	0.01019	0.03552	0.05723
98	16	R	0.04424	0.15145	0.04424	0.05325	0.01263	0.02526	0.05443	0.04745	0.02865	0.04486	0.07025	0.13328	0.02152	0.03219	0.03826	0.06065	0.05013	0.01100	0.03622	0.04004
98	17	A	0.13440	0.03530	0.04081	0.05475	0.01816	0.01823	0.05271	0.06598	0.02115	0.05513	0.08018	0.06620	0.02475	0.03569	0.04724	0.08397	0.06242	0.01019	0.03552	0.05723
98	18	K	0.04533	0.07282	0.04928	0.05876	0.01172	0.02591	0.06462	0.04771	0.02472	0.04445	0.06750	0.19828	0.02148	0.03062	0.03910	0.06176	0.05309	0.00938	0.03351	0.03997
98	19	S	0.06695	0.03858	0.05398	0.06380	0.01780	0.01935	0.05367	0.06317	0.02394	0.04825	0.07214	0.07191	0.02224	0.03478	0.04776	0.13278	0.07679	0.01018	0.03669	0.04523
98	20	N	0.04790	0.04143	0.11716	0.09092	0.01351	0.02133	0.06112	0.06101	0.03217	0.04425	0.06616	0.08446	0.02053	0.03284	0.03845	0.07946	0.05923	0.00966	0.03854	0.03988
98	21	L	0.04220	0.02950	0.02967	0.03711	0.01428	0.01510	0.03555	0.03499	0.01982	0.09822	0.22720	0.05188	0.04476	0.06089	0.03251	0.04762	0.04612	0.01393	0.04578	0.07288
98	22	P	0.05224	0.03376	0.03624	0.05228	0.01183	0.01731	0.04837	0.04534	0.02069	0.04394	0.06831	0.06315	0.01942	0.03037	0.25941	0.06625	0.04984	0.00892	0.03115	0.04117
98	23	G	0.06055	0.03475	0.04771	0.06321	0.01401	0.01664	0.05102	0.24075	0.02086	0.04035	0.06101	0.06395	0.01865	0.02946	0.03762	0.07271	0.04818	0.00963	0.03100	0.03794
98	24	L	0.04220	0.02950	0.02967	0.03711	0.01428	0.01510	0.03555	0.03499	0.01982	0.09822	0.22720	0.05188	0.04476	0.06089	0.03251	0.04762	0.04612	0.01393	0.04578	0.07288
98	25	A	0.13440	0.03530	0.04081	0.05475	0.01816	0.01823	0.05271	0.06598	0.02115	0.05513	0.08018	0.06620	0.02475	0.03569	0.04724	0.08397	0.06242	0.01019	0.03552	0.05723
98	26	P	0.05224	0.03376	0.03624	0.05228	0.01183	0.01731	0.04837	0.04534	0.02069	0.04394	0.06831	0.06315	0.01942	0.03037	0.25941	0.06625	0.04984	0.00892	0.03115	0.04117
98	27	H	0.04320	0.04670	0.05599	0.06042	0.01374	0.02570	0.05108	0.04643	0.11239	0.04752	0.07692	0.07374	0.02240	0.04783	0.03822	0.06132	0.04892	0.01398	0.07202	0.04150
98	28	K	0.04533	0.07282	0.04928	0.05876	0.01172	0.02591	0.06462	0.04771	0.02472	0.04445	0.06750	0.19828	0.02148	0.03062	0.03910	0.06176	0.05309	0.00938	0.03351	0.03997
98	29	T	0.05852	0.03750	0.04731	0.05574	0.01592	0.01886	0.05075	0.04922	0.02245	0.05995	0.08215	0.07269	0.02686	0.03606	0.04225	0.09029	0.12993	0.01018	0.03638	0.05698
98	30	E	0.04828	0.03979	0.04771	0.10490	0.01131	0.02686	0.18017	0.05093	0.02291	0.04102	0.06188	0.08645	0.01903	0.02880	0.04006	0.06166	0.04959	0.00874	0.03171	0.03822
98	31	S	0.06695	0.03858	0.05398	0.06380	0.01780	0.01935	0.05367	0.06317	0.02394	0.04825	0.07214	0.07191	0.02224	0.03478	0.04776	0.13278	0.07679	0.01018	0.03669	0.04523
98	32	J	0.04433	0.02878	0.03032	0.03765	0.01449	0.01428	0.03600	0.03535	0.01871	0.15548	0.15004	0.05220	0.04022	0.05190	0.03194	0.04865	0.05142	0.01203	0.04177	0.10446
98	33	T	0.05852	0.03750	0.04731	0.05574	0.01592	0.01886	0.05075	0.04922	0.02245	0.05995	0.08215	0.07269	0.02686	0.03606	0.04225	0.09029	0.12993	0.01018	0.03638	0.05698
98	34	T	0.05852	0.03750	0.04731	0.05574	0.01592	0.01886	0.05075	0.04922	0.02245	0.05995	0.08215	0.07269	0.02686	0.03606	0.04225	0.09029	0.12993	0.01018	0.03638	0.05698
98	35	V	0.05304	0.02961	0.03149	0.03990	0.01661	0.01474	0.03867	0.03830	0.01883	0.12039	0.12831	0.05409	0.03523	0.04748	0.03449	0.05256	0.05632	0.01160	0.04014	0.13820
98	36	L	0.04220	0.02950	0.02967	0.03711	0.01428	0.01510	0.03555	0.03499	0.01982	0.09822	0.22720	0.05188	0.04476	0.06089	0.03251	0.04762	0.04612	0.01393	0.04578	0.07288
98	37	S	0.06695	0.03858	0.05398	0.06380	0.01780	0.01935	0.05367	0.06317	0.02394	0.04825	0.07214	0.07191	0.02224	0.03478	0.04776	0.13278	0.07679	0.01018	0.03669	0.04523
98	38	L	0.04220	0.02950	0.02967	0.03711	0.01428	0.01510	0.03555	0.03499	0.01982	0.09822	0.22720	0.05188	0.04476	0.06089	0.03251	0.04762	0.04612	0.01393	0.04578	0.07288
98	39	T	0.05852	0.03750	0.04731	0.05574	0.01592	0.01886	0.05075	0.04922	0.02245	0.05995	0.08215	0.07269	0.02686	0.03606	0.04225	0.09029	0.12993	0.01018	0.03638	0.05698
98	40	N	0.04790	0.04143	0.11716	0.09092	0.01351	0.02133	0.06112	0.06101	0.03217	0.04425	0.06616	0.08446	0.02053	0.03284	0.03845	0.07946	0.05923	0.00966	0.03854	0.03988
98	41	V	0.05304	0.02961	0.03149	0.03990	0.01661	0.01474	0.03867	0.03830	0.01883	0.12039	0.12831	0.05409	0.03523	0.04748	0.03449	0.05256	0.05632	0.01160	0.04014	0.13820
98	42	K	0.04961	0.05347	0.04495	0.05778	0.01422	0.02281	0.05743	0.05010	0.02493	0.06261	0.09777	0.11761	0.03694	0.04187	0.04148	0.06324	0.05623	0.01208	0.04153	0.05334
98	43	K	0.04693	0.05629	0.08996	0.07727	0.01259	0.02396	0.06437	0.05514	0.02899	0.04282	0.06438	0.13560	0.02038	0.03072	0.03868	0.07184	0.05665	0.00921	0.03537	0.03886
98	44	K	0.03909	0.14321	0.04620	0.05008	0.00979	0.02774	0.05869	0.04022	0.02558	0.03393	0.05263	0.22963	0.01785	0.02298	0.03254	0.05607	0.04760	0.00772	0.02735	0.03109
98	45	K	0.04841	0.05001	0.07261	0.07606	0.01279	0.05969	0.07220	0.05353	0.03410	0.04471	0.06943	0.09688	0.02197	0.03276	0.04050	0.07040	0.05572	0.00983	0.03792	0.04048
98	46	S	0.07485	0.04100	0.05660	0.06976	0.01664	0.02051	0.06025	0.06872	0.02550	0.05378	0.07966	0.07777	0.02408	0.03723	0.04692	0.08297	0.06336	0.01089	0.03912	0.05038
98	47	L	0.05274	0.03677	0.04033	0.05154	0.01631	0.01819	0.04787	0.04769	0.02313	0.08073	0.12685	0.06753	0.03503	0.04985	0.04127	0.06638	0.07048	0.01331	0.04552	0.06847
98	48	K	0.04850	0.04791	0.08543	0.08080	0.01303	0.04646	0.06947	0.05602	0.03396	0.04429	0.06791	0.09415	0.02140	0.03268	0.04006	0.07306	0.05682	0.00974	0.03814	0.04016
98	49	L	0.05648	0.03926	0.04423	0.05788	0.01721	0.01914	0.05276	0.05467	0.02442	0.07356	0.10593	0.07223	0.03014	0.04714	0.04536	0.07369	0.06367	0.01323	0.04558	0.06343
98	50	I	0.03123	0.01584	0.01661	0.01751	0.01053	0.00819	0.01806	0.01692	0.01051	0.29402	0.17006	0.02884	0.04555	0.04314	0.01717	0.02839	0.04163	0.00722	0.02672	0.15187
98	51	L	0.04002	0.02518	0.02543	0.03004	0.01376	0.01309	0.02942	0.02877	0.01727	0.13681	0.22639	0.04439	0.04750	0.05896	0.02749	0.04250	0.04540	0.01244	0.04229	0.09285
98	52	L	0.04002	0.02518	0.02543	0.03004	0.01376	0.01309	0.02942	0.02877	0.01727	0.13681	0.22639	0.04439	0.04750	0.05896	0.02749	0.04250	0.04540	0.01244	0.04229	0.09285
98	53	K	0.04693	0.05629	0.08996	0.07727	0.01259	0.02396	0.06437	0.05514	0.02899	0.04282	0.06438	0.13560	0.02038	0.03072	0.03868	0.07184	0.05665	0.00921	0.03537	0.03886
98	54	K	0.03909	0.14321	0.04620	0.05008	0.00979	0.02774	0.05869	0.04022	0.02558	0.03393	0.05263	0.22963	0.01785	0.02298	0.03254	0.05607	0.04760	0.00772	0.02735	0.03109
98	55	L	0.04055	0.02504	0.02559	0.03019	0.01382	0.01292	0.02956	0.02890	0.01702	0.15215	0.20621	0.04449	0.04646	0.05691	0.02742	0.04279	0.04660	0.01201	0.04134	0.10003
98	56	J	0.05284	0.03444	0.03928	0.04847	0.01596	0.01711	0.04509	0.04469	0.02146	0.09632	0.11516	0.06426	0.03374	0.04559	0.03878	0.06810	0.08580	0.01184	0.04129	0.07978
98	57	D	0.04603	0.03571	0.06513	0.19024	0.01165	0.02035	0.09626	0.05790	0.02487	0.03936	0.05928	0.07214	0.01808	0.02873	0.03974	0.06726	0.04998	0.00862	0.03250	0.03619
98	58	L	0.04220	0.02950	0.02967	0.03711	0.01428	0.01510	0.03555	0.03499	0.01982	0.09822	0.22720	0.05188	0.04476	0.06089	0.03251	0.04762	0.04612	0.01393	0.04578	0.07288
98	59	V	0.05304	0.02961	0.03149	0.03990	0.01661	0.01474	0.03867	0.03830	0.01883	0.12039	0.12831	0.05409	0.03523	0.04748	0.03449	0.05256	0.05632	0.01160	0.04014	0.13820
98	60	L	0.04220	0.02950	0.02967	0.03711	0.01428	0.01510	0.03555	0.03499	0.01982	0.09822	0.22720	0.05188	0.04476	0.06089	0.03251	0.04762	0.04612	0.01393	0.04578	0.07288
98	61	G	0.06055	0.03475	0.04771	0.06321	0.01401	0.01664	0.05102	0.24075	0.02086	0.04035	0.06101	0.06395	0.01865	0.02946	0.03762	0.07271	0.04818	0.00963	0.03100	0.03794
98	62	L	0.02929	0.01829	0.01662	0.01842	0.01069	0.01045	0.01891	0.01810	0.01302	0.11189	0.38943	0.03026	0.05621	0.06133	0.01944	0.02923	0.03244	0.01040	0.03360	0.07197
98	63	K	0.04756	0.06486	0.05316	0.06457	0.01321	0.02681	0.06302	0.05138	0.04446	0.04786	0.07385	0.13095	0.02256	0.03688	0.04128	0.06525	0.05412	0.01121	0.04423	0.04277
98	64	L	0.06944	0.03563	0.03909	0.05124	0.01720	0.01768	0.04811	0.05168	0.02226	0.08621	0.11478	0.06547	0.03249	0.04720	0.04249	0.06595	0.05900	0.01259	0.04335	0.07814
98	65	F	0.02103	0.01289	0.01500	0.01462	0.01207	0.00666	0.01337	0.01468	0.02085	0.05586	0.12542	0.02041	0.02878	0.37305	0.01299	0.02621	0.02224	0.02284	0.14158	0.03947
98	66	K	0.05671	0.05230	0.05296	0.06636	0.01513	0.02266	0.06170	0.05895	0.02564	0.05014	0.07516	0.10900	0.02304	0.03524	0.04597	0.08997	0.06501	0.01051	0.03772	0.04583
98	67	I	0.03123	0.01584	0.01661	0.01751	0.01053	0.00819	0.01806	0.01692	0.01051	0.29402	0.17006	0.02884	0.04555	0.04314	0.01717	0.02839	0.04163	0.00722	0.02672	0.15187
98	68	K	0.04640	0.06219	0.07621	0.07139	0.01224	0.02482	0.06494	0.05259	0.02769	0.04285	0.06462	0.15782	0.02055	0.03027	0.03876	0.06867	0.05556	0.00915	0.03442	0.03886
98	69	S	0.06695	0.03858	0.05398	0.06380	0.01780	0.01935	0.05367	0.06317	0.02394	0.04825	0.07214	0.07191	0.02224	0.03478	0.04776	0.13278	0.07679	0.01018	0.03669	0.04523
98	70	K	0.04533	0.07282	0.04928	0.05876	0.01172	0.02591	0.06462	0.04771	0.02472	0.04445	0.06750	0.19828	0.02148	0.03062	0.03910	0.06176	0.05309	0.00938	0.03351	0.03997
98	71	G	0.06055	0.03475	0.04771	0.06321	0.01401	0.01664	0.05102	0.24075	0.02086	0.04035	0.06101	0.06395	0.01865	0.02946	0.03762	0.07271	0.04818	0.00963	0.03100	0.03794
98	72	V	0.05304	0.02961	0.03149	0.03990	0.01661	0.01474	0.03867	0.03830	0.01883	0.12039	0.12831	0.05409	0.03523	0.04748	0.03449	0.05256	0.05632	0.01160	0.04014	0.13820
98	73	R	0.04424	0.15145	0.04424	0.05325	0.01263	0.02526	0.05443	0.04745	0.02865	0.04486	0.07025	0.13328	0.02152	0.03219	0.03826	0.06065	0.05013	0.01100	0.03622	0.04004
98	74	L	0.05274	0.03677	0.04033	0.05154	0.01631	0.01819	0.04787	0.04769	0.02313	0.08073	0.12685	0.06753	0.03503	0.04985	0.04127	0.06638	0.07048	0.01331	0.04552	0.06847
98	75	T	0.06521	0.03397	0.05111	0.05401	0.01642	0.01766	0.04644	0.05024	0.02074	0.04775	0.06448	0.06648	0.02257	0.02875	0.04052	0.13710	0.15076	0.00802	0.02998	0.04781
98	76	L	0.04497	0.02775	0.02847	0.03448	0.01514	0.01420	0.03351	0.03302	0.01875	0.11808	0.19395	0.04938	0.04360	0.05793	0.03084	0.04745	0.04943	0.01308	0.04449	0.10149
98	77	K	0.04963	0.07669	0.04929	0.07244	0.01330	0.02656	0.08201	0.05414	0.02731	0.04803	0.07339	0.11504	0.02239	0.03427	0.04306	0.06615	0.05453	0.01071	0.03770	0.04337
98	78	I	0.04486	0.02113	0.02221	0.02563	0.01435	0.01086	0.02605	0.02514	0.01384	0.18641	0.14804	0.03848	0.03998	0.04523	0.02426	0.03928	0.05038	0.00917	0.03281	0.18191
98	79	D	0.04331	0.03586	0.12199	0.16753	0.01112	0.02039	0.08126	0.05782	0.02923	0.03359	0.04986	0.07609	0.01609	0.02477	0.03443	0.07481	0.05276	0.00726	0.03063	0.03122
98	80	K	0.04533	0.07282	0.04928	0.05876	0.01172	0.02591	0.06462	0.04771	0.02472	0.04445	0.06750	0.19828	0.02148	0.03062	0.03910	0.06176	0.05309	0.00938	0.03351	0.03997
98	81	H	0.04320	0.04670	0.05599	0.06042	0.01374	0.02570	0.05108	0.04643	0.11239	0.04752	0.07692	0.07374	0.02240	0.04783	0.03822	0.06132	0.04892	0.01398	0.07202	0.04150
98	82	W	0.03676	0.03169	0.02970	0.03701	0.01427	0.01404	0.03443	0.03786	0.02470	0.05402	0.09549	0.04945	0.02596	0.07289	0.02911	0.04607	0.03918	0.20034	0.08185	0.04518
98	83	J	0.04433	0.02878	0.03032	0.03765	0.01449	0.01428	0.03600	0.03535	0.01871	0.15548	0.15004	0.05220	0.04022	0.05190	0.03194	0.04865	0.05142	0.01203	0.04177	0.10446
98	84	T	0.05852	0.03750	0.04731	0.05574	0.01592	0.01886	0.05075	0.04922	0.02245	0.05995	0.08215	0.07269	0.02686	0.03606	0.04225	0.09029	0.12993	0.01018	0.03638	0.05698
98	85	P	0.05224	0.03376	0.03624	0.05228	0.01183	0.01731	0.04837	0.04534	0.02069	0.04394	0.06831	0.06315	0.01942	0.03037	0.25941	0.06625	0.04984	0.00892	0.03115	0.04117
98	86	K	0.04533	0.07282	0.04928	0.05876	0.01172	0.02591	0.06462	0.04771	0.02472	0.04445	0.06750	0.19828	0.02148	0.03062	0.03910	0.06176	0.05309	0.00938	0.03351	0.03997
98	87	E	0.04828	0.03979	0.04771	0.10490	0.01131	0.02686	0.18017	0.05093	0.02291	0.04102	0.06188	0.08645	0.01903	0.02880	0.04006	0.06166	0.04959	0.00874	0.03171	0.03822
98	88	F	0.03929	0.02828	0.03081	0.03762	0.01547	0.01398	0.03461	0.03534	0.02578	0.07106	0.12736	0.04923	0.03230	0.16150	0.03023	0.04802	0.04234	0.02223	0.09813	0.05641
98	89	P	0.05224	0.03376	0.03624	0.05228	0.01183	0.01731	0.04837	0.04534	0.02069	0.04394	0.06831	0.06315	0.01942	0.03037	0.25941	0.06625	0.04984	0.00892	0.03115	0.04117
98	90	R	0.04424	0.15145	0.04424	0.05325	0.01263	0.02526	0.05443	0.04745	0.02865	0.04486	0.07025	0.13328	0.02152	0.03219	0.03826	0.06065	0.05013	0.01100	0.03622	0.04004
98	91	F	0.03929	0.02828	0.03081	0.03762	0.01547	0.01398	0.03461	0.03534	0.02578	0.07106	0.12736	0.04923	0.03230	0.16150	0.03023	0.04802	0.04234	0.02223	0.09813	0.05641
98	92	V	0.05304	0.02961	0.03149	0.03990	0.01661	0.01474	0.03867	0.03830	0.01883	0.12039	0.12831	0.05409	0.03523	0.04748	0.03449	0.05256	0.05632	0.01160	0.04014	0.13820
98	93	K	0.04533	0.07282	0.04928	0.05876	0.01172	0.02591	0.06462	0.04771	0.02472	0.04445	0.06750	0.19828	0.02148	0.03062	0.03910	0.06176	0.05309	0.00938	0.03351	0.03997
98	94	L	0.04220	0.02950	0.02967	0.03711	0.01428	0.01510	0.03555	0.03499	0.01982	0.09822	0.22720	0.05188	0.04476	0.06089	0.03251	0.04762	0.04612	0.01393	0.04578	0.07288
98	95	V	0.05304	0.02961	0.03149	0.03990	0.01661	0.01474	0.03867	0.03830	0.01883	0.12039	0.12831	0.05409	0.03523	0.04748	0.03449	0.05256	0.05632	0.01160	0.04014	0.13820
98	96	A	0.56144	0.01149	0.01565	0.01838	0.01410	0.00812	0.02321	0.04272	0.00659	0.02110	0.02741	0.02340	0.01239	0.00933	0.02395	0.07698	0.04515	0.00210	0.00841	0.04810
98	97	Q	0.02816	0.05237	0.03634	0.03725	0.00401	0.39363	0.08097	0.01775	0.04175	0.01418	0.03503	0.09986	0.01703	0.00932	0.01955	0.04165	0.03352	0.00651	0.01692	0.01421
98	98	G	0.04818	0.01167	0.03019	0.03177	0.00919	0.00529	0.01782	0.70267	0.00703	0.00481	0.00795	0.02026	0.00383	0.00460	0.01021	0.05213	0.01717	0.00255	0.00511	0.00757
98	99	F	0.01318	0.00613	0.00802	0.00506	0.01007	0.00346	0.00458	0.00626	0.01681	0.04677	0.11405	0.00818	0.02552	0.50919	0.00594	0.01688	0.01405	0.01973	0.13505	0.03108
98	100	C	0.05461	0.01660	0.01833	0.01151	0.53111	0.00462	0.00842	0.02477	0.01103	0.02723	0.04104	0.01413	0.01390	0.02733	0.00940	0.06886	0.03886	0.00623	0.02894	0.04309
98	101	A	0.58239	0.01102	0.01506	0.01784	0.01314	0.00789	0.02287	0.04230	0.00624	0.01793	0.02367	0.02265	0.01090	0.00827	0.02326	0.07995	0.04745	0.00190	0.00764	0.03761
98	102	A	0.51736	0.01365	0.01817	0.02178	0.01476	0.01203	0.02863	0.04946	0.00767	0.02105	0.02768	0.02802	0.01251	0.00976	0.02734	0.08776	0.04964	0.00226	0.00912	0.04135
98	103	L	0.02033	0.01101	0.00750	0.00543	0.00797	0.00789	0.00813	0.00625	0.00830	0.11369	0.51982	0.01587	0.05973	0.05805	0.01084	0.01636	0.02273	0.00747	0.02392	0.06871
98	104	K	0.01747	0.08733	0.03566	0.02208	0.00238	0.02377	0.04288	0.01424	0.01473	0.00911	0.01377	0.61680	0.00792	0.00408	0.01248	0.02918	0.02817	0.00148	0.00729	0.00917
98	105	R	0.01626	0.56107	0.02346	0.01513	0.00441	0.02313	0.02484	0.01565	0.02249	0.00900	0.01785	0.16681	0.00742	0.00555	0.01192	0.02930	0.02210	0.00391	0.01081	0.00890
98	106	S	0.06454	0.01726	0.05214	0.04260	0.01350	0.01045	0.02444	0.04121	0.01213	0.01069	0.01558	0.03300	0.00719	0.00878	0.02611	0.50873	0.08468	0.00221	0.01081	0.01394
98	107	Y	0.01202	0.01150	0.01799	0.01100	0.01036	0.00601	0.00828	0.00698	0.04868	0.02002	0.04232	0.01371	0.01180	0.13020	0.00619	0.02072	0.01410	0.02368	0.56875	0.01569
98	108	F	0.00372	0.00156	0.00210	0.00122	0.00330	0.00086	0.00111	0.00168	0.00518	0.01531	0.04258	0.00199	0.00895	0.82416	0.00159	0.00497	0.00364	0.00734	0.05929	0.00946
98	109	V	0.03252	0.00523	0.00527	0.00429	0.00934	0.00309	0.00684	0.00541	0.00318	0.15290	0.08272	0.00997	0.02539	0.01819	0.00736	0.01366	0.03305	0.00222	0.00911	0.57026
98	110	K	0.00294	0.02503	0.00829	0.00277	0.00019	0.00581	0.00951	0.00204	0.00205	0.00124	0.00178	0.92119	0.00162	0.00035	0.00199	0.00512	0.00582	0.00015	0.00087	0.00126
98	111	E	0.03278	0.02226	0.03394	0.13752	0.00294	0.03275	0.48390	0.02329	0.01283	0.00936	0.01387	0.07490	0.00644	0.00479	0.01852	0.03741	0.02872	0.00173	0.00863	0.01342
98	112	Q	0.02600	0.04657	0.03222	0.03108	0.00335	0.44987	0.07414	0.01465	0.03681	0.01333	0.03820	0.09099	0.01940	0.00767	0.01711	0.03754	0.03129	0.00281	0.01334	0.01364
98	113	G	0.00000	0.00000	0.00000	0.00000	0.00000	0.00000	0.00000	1.00000	0.00000	0.00000	0.00000	0.00000	0.00000	0.00000	0.00000	0.00000	0.00000	0.00000	0.00000	0.00000
98	114	E	0.00000	0.00000	0.00000	0.00004	0.00000	0.00001	0.99995	0.00000	0.00000	0.00000	0.00000	0.00000	0.00000	0.00000	0.00000	0.00000	0.00000	0.00000	0.00000	0.00000
98	115	I	0.00000	0.00000	0.00000	0.00000	0.00000	0.00000	0.00000	0.00000	0.00000	0.99999	0.00000	0.00000	0.00000	0.00000	0.00000	0.00000	0.00000	0.00000	0.00000	0.00001
98	116	Q	0.00000	0.00000	0.00000	0.00000	0.00000	0.99992	0.00007	0.00000	0.00000	0.00000	0.00000	0.00001	0.00000	0.00000	0.00000	0.00000	0.00000	0.00000	0.00000	0.00000
98	117	W	0.00000	0.00000	0.00000	0.00000	0.00000	0.00000	0.00000	0.00000	0.00000	0.00000	0.00000	0.00000	0.00000	0.00000	0.00000	0.00000	0.00000	1.00000	0.00000	0.00000
98	118	V	0.00001	0.00000	0.00000	0.00000	0.00000	0.00000	0.00000	0.00000	0.00000	0.00066	0.00004	0.00000	0.00004	0.00000	0.00000	0.00000	0.00001	0.00000	0.00000	0.99924
98	119	K	0.00000	0.00010	0.00001	0.00000	0.00000	0.00003	0.00010	0.00000	0.00000	0.00000	0.00000	0.99976	0.00000	0.00000	0.00000	0.00000	0.00000	0.00000	0.00000	0.00000
98	120	P	0.00000	0.00000	0.00000	0.00000	0.00000	0.00000	0.00000	0.00000	0.00000	0.00000	0.00000	0.00000	0.00000	0.00000	0.99999	0.00000	0.00000	0.00000	0.00000	0.00000
98	121	N	0.00000	0.00000	0.99983	0.00003	0.00000	0.00000	0.00000	0.00000	0.00001	0.00000	0.00000	0.00001	0.00000	0.00000	0.00000	0.00010	0.00001	0.00000	0.00000	0.00000
98	122	K	0.00000	0.00005	0.00000	0.00000	0.00000	0.00000	0.00000	0.00000	0.00000	0.00000	0.00000	0.99994	0.00000	0.00000	0.00000	0.00000	0.00000	0.00000	0.00000	0.00000
98	123	E	0.00000	0.00000	0.00000	0.00002	0.00000	0.00000	0.99997	0.00000	0.00000	0.00000	0.00000	0.00000	0.00000	0.00000	0.00000	0.00000	0.00000	0.00000	0.00000	0.00000
98	124	T	0.00004	0.00000	0.00001	0.00000	0.00000	0.00000	0.00000	0.00000	0.00000	0.00000	0.00000	0.00000	0.00000	0.00000	0.00000	0.00026	0.99967	0.00000	0.00000	0.00001
98	125	G	0.00000	0.00000	0.00000	0.00000	0.00000	0.00000	0.00000	1.00000	0.00000	0.00000	0.00000	0.00000	0.00000	0.00000	0.00000	0.00000	0.00000	0.00000	0.00000	0.00000
98	126	T	0.04864	0.01760	0.03616	0.02395	0.01165	0.01092	0.02196	0.01785	0.01243	0.04051	0.03786	0.04085	0.02247	0.01541	0.01881	0.11009	0.44361	0.00318	0.01730	0.04873
98	127	Y	0.01527	0.01398	0.02001	0.01380	0.01190	0.00732	0.01081	0.00948	0.04967	0.02825	0.05842	0.01783	0.01582	0.15136	0.00827	0.02351	0.01778	0.02840	0.47620	0.02192
98	128	R	0.00000	0.99983	0.00000	0.00000	0.00000	0.00001	0.00000	0.00000	0.00005	0.00000	0.00000	0.00009	0.00000	0.00000	0.00000	0.00000	0.00000	0.00000	0.00001	0.00000
98	129	L	0.00000	0.00000	0.00000	0.00000	0.00000	0.00000	0.00000	0.00000	0.00000	0.00008	0.99975	0.00000	0.00009	0.00002	0.00002	0.00000	0.00000	0.00000	0.00000	0.00002
98	130	L	0.01650	0.00889	0.00636	0.00489	0.00660	0.00597	0.00644	0.00555	0.00682	0.09446	0.60310	0.01298	0.04936	0.04872	0.00899	0.01361	0.01843	0.00640	0.02009	0.05585
98	131	K	0.01989	0.08469	0.03580	0.02559	0.00303	0.02329	0.04533	0.01692	0.01358	0.01122	0.01688	0.59075	0.00884	0.00542	0.01461	0.03209	0.03046	0.00187	0.00859	0.01115
98	132	T	0.04618	0.01793	0.03472	0.02545	0.01021	0.01073	0.02336	0.01916	0.01061	0.03399	0.03284	0.04170	0.01787	0.01111	0.01982	0.10147	0.48792	0.00252	0.01153	0.04089
98	133	P	0.03151	0.01196	0.01207	0.01962	0.00330	0.00772	0.01878	0.01402	0.00823	0.01001	0.01889	0.02360	0.00486	0.00605	0.72413	0.04081	0.02338	0.00165	0.00638	0.01302
98	134	P	0.03151	0.01196	0.01207	0.01962	0.00330	0.00772	0.01878	0.01402	0.00823	0.01001	0.01889	0.02360	0.00486	0.00605	0.72413	0.04081	0.02338	0.00165	0.00638	0.01302
98	135	E	0.02579	0.01827	0.02740	0.11286	0.00254	0.02582	0.58136	0.01989	0.01029	0.00754	0.01120	0.06065	0.00499	0.00416	0.01556	0.03023	0.02283	0.00144	0.00702	0.01016
98	136	A	0.50468	0.01440	0.01936	0.02342	0.01506	0.00968	0.02816	0.05036	0.00825	0.02361	0.03134	0.02905	0.01327	0.01135	0.02849	0.08408	0.04925	0.00268	0.01060	0.04291
98	137	D	0.01969	0.01174	0.06745	0.59065	0.00307	0.01101	0.10357	0.03101	0.01426	0.00544	0.00781	0.03142	0.00344	0.00420	0.01492	0.04137	0.02282	0.00123	0.00828	0.00663
98	138	P	0.03151	0.01196	0.01207	0.01962	0.00330	0.00772	0.01878	0.01402	0.00823	0.01001	0.01889	0.02360	0.00486	0.00605	0.72413	0.04081	0.02338	0.00165	0.00638	0.01302
98	139	M	0.02478	0.01247	0.01092	0.00765	0.00772	0.01015	0.01017	0.00881	0.00785	0.08972	0.17515	0.02411	0.42635	0.03850	0.00821	0.02060	0.03560	0.00617	0.01966	0.05542
98	140	D	0.01969	0.01174	0.06745	0.59065	0.00307	0.01101	0.10357	0.03101	0.01426	0.00544	0.00781	0.03142	0.00344	0.00420	0.01492	0.04137	0.02282	0.00123	0.00828	0.00663
98	141	K	0.01989	0.08469	0.03580	0.02559	0.00303	0.02329	0.04533	0.01692	0.01358	0.01122	0.01688	0.59075	0.00884	0.00542	0.01461	0.03209	0.03046	0.00187	0.00859	0.01115
98	142	I	0.01898	0.00716	0.00745	0.00520	0.00667	0.00395	0.00662	0.00535	0.00485	0.50162	0.14429	0.01317	0.03862	0.03108	0.00728	0.01428	0.02915	0.00358	0.01489	0.13579
98	143	N	0.00000	0.00000	0.99975	0.00004	0.00000	0.00000	0.00000	0.00000	0.00003	0.00000	0.00000	0.00002	0.00000	0.00000	0.00000	0.00009	0.00005	0.00000	0.00000	0.00000
98	144	I	0.00000	0.00000	0.00000	0.00000	0.00000	0.00000	0.00000	0.00000	0.00000	0.99999	0.00000	0.00000	0.00000	0.00000	0.00000	0.00000	0.00000	0.00000	0.00000	0.00000
98	145	N	0.00000	0.00000	1.00000	0.00000	0.00000	0.00000	0.00000	0.00000	0.00000	0.00000	0.00000	0.00000	0.00000	0.00000	0.00000	0.00000	0.00000	0.00000	0.00000	0.00000
98	146	G	0.00005	0.00000	0.00000	0.00000	0.00000	0.00000	0.00000	0.99994	0.00000	0.00000	0.00000	0.00000	0.00000	0.00000	0.00000	0.00001	0.00000	0.00000	0.00000	0.00000
98	147	P	0.00000	0.00000	0.00000	0.00000	0.00000	0.00000	0.00000	0.00000	0.00000	0.00000	0.00000	0.00000	0.00000	0.00000	1.00000	0.00000	0.00000	0.00000	0.00000	0.00000
98	148	T	0.00000	0.00000	0.00000	0.00000	0.00000	0.00000	0.00000	0.00000	0.00000	0.00000	0.00000	0.00000	0.00000	0.00000	0.00000	0.00007	0.99993	0.00000	0.00000	0.00000
98	149	R	0.00000	0.99990	0.00000	0.00000	0.00000	0.00000	0.00000	0.00000	0.00000	0.00000	0.00000	0.00010	0.00000	0.00000	0.00000	0.00000	0.00000	0.00000	0.00000	0.00000
98	150	T	0.00000	0.00000	0.00000	0.00000	0.00000	0.00000	0.00000	0.00000	0.00000	0.00000	0.00000	0.00000	0.00000	0.00000	0.00000	0.00000	1.00000	0.00000	0.00000	0.00000
98	151	K	0.00000	0.00001	0.00000	0.00000	0.00000	0.00000	0.00000	0.00000	0.00000	0.00000	0.00000	0.99999	0.00000	0.00000	0.00000	0.00000	0.00000	0.00000	0.00000	0.00000
98	152	L	0.00000	0.00000	0.00000	0.00000	0.00000	0.00000	0.00000	0.00000	0.00000	0.00000	1.00000	0.00000	0.00000	0.00000	0.00000	0.00000	0.00000	0.00000	0.00000	0.00000
98	153	E	0.00000	0.00000	0.00000	0.00000	0.00000	0.00000	1.00000	0.00000	0.00000	0.00000	0.00000	0.00000	0.00000	0.00000	0.00000	0.00000	0.00000	0.00000	0.00000	0.00000
98	154	P	0.00000	0.00000	0.00000	0.00000	0.00000	0.00000	0.00000	0.00000	0.00000	0.00000	0.00000	0.00000	0.00000	0.00000	1.00000	0.00000	0.00000	0.00000	0.00000	0.00000
98	155	S	0.00000	0.00000	0.00000	0.00000	0.00000	0.00000	0.00000	0.00000	0.00000	0.00000	0.00000	0.00000	0.00000	0.00000	0.00000	1.00000	0.00000	0.00000	0.00000	0.00000
98	156	V	0.00000	0.00000	0.00000	0.00000	0.00000	0.00000	0.00000	0.00000	0.00000	0.00000	0.00000	0.00000	0.00000	0.00000	0.00000	0.00000	0.00000	0.00000	0.00000	1.00000
98	157	F	0.00000	0.00000	0.00000	0.00000	0.00000	0.00000	0.00000	0.00000	0.00000	0.00000	0.00000	0.00000	0.00000	1.00000	0.00000	0.00000	0.00000	0.00000	0.00000	0.00000
98	158	H	0.00000	0.00000	0.00000	0.00000	0.00000	0.00000	0.00000	0.00000	1.00000	0.00000	0.00000	0.00000	0.00000	0.00000	0.00000	0.00000	0.00000	0.00000	0.00000	0.00000
98	159	D	0.00000	0.00000	0.00001	0.99995	0.00000	0.00000	0.00004	0.00000	0.00000	0.00000	0.00000	0.00000	0.00000	0.00000	0.00000	0.00000	0.00000	0.00000	0.00000	0.00000
98	160	V	0.00000	0.00000	0.00000	0.00000	0.00000	0.00000	0.00000	0.00000	0.00000	0.00000	0.00000	0.00000	0.00000	0.00000	0.00000	0.00000	0.00000	0.00000	0.00000	1.00000
98	161	F	0.00000	0.00000	0.00000	0.00000	0.00000	0.00000	0.00000	0.00000	0.00000	0.00000	0.00000	0.00000	0.00000	1.00000	0.00000	0.00000	0.00000	0.00000	0.00000	0.00000
98	162	E	0.00000	0.00000	0.00000	0.00002	0.00000	0.00000	0.99998	0.00000	0.00000	0.00000	0.00000	0.00000	0.00000	0.00000	0.00000	0.00000	0.00000	0.00000	0.00000	0.00000
98	163	G	0.00000	0.00000	0.00000	0.00000	0.00000	0.00000	0.00000	1.00000	0.00000	0.00000	0.00000	0.00000	0.00000	0.00000	0.00000	0.00000	0.00000	0.00000	0.00000	0.00000
98	164	N	0.00000	0.00000	0.99975	0.00005	0.00000	0.00000	0.00000	0.00000	0.00002	0.00000	0.00000	0.00002	0.00000	0.00000	0.00000	0.00010	0.00005	0.00000	0.00000	0.00000
98	165	K	0.00000	0.00000	0.00000	0.00000	0.00000	0.00000	0.00000	0.00000	0.00000	0.00000	0.00000	1.00000	0.00000	0.00000	0.00000	0.00000	0.00000	0.00000	0.00000	0.00000
98	166	E	0.00000	0.00000	0.00000	0.00000	0.00000	0.00000	1.00000	0.00000	0.00000	0.00000	0.00000	0.00000	0.00000	0.00000	0.00000	0.00000	0.00000	0.00000	0.00000	0.00000
98	167	P	0.00000	0.00000	0.00000	0.00000	0.00000	0.00000	0.00000	0.00000	0.00000	0.00000	0.00000	0.00000	0.00000	0.00000	1.00000	0.00000	0.00000	0.00000	0.00000	0.00000
98	168	A	1.00000	0.00000	0.00000	0.00000	0.00000	0.00000	0.00000	0.00000	0.00000	0.00000	0.00000	0.00000	0.00000	0.00000	0.00000	0.00000	0.00000	0.00000	0.00000	0.00000
98	169	V	0.00000	0.00000	0.00000	0.00000	0.00000	0.00000	0.00000	0.00000	0.00000	0.00001	0.00000	0.00000	0.00000	0.00000	0.00000	0.00000	0.00000	0.00000	0.00000	0.99999
98	170	L	0.00000	0.00000	0.00000	0.00000	0.00000	0.00000	0.00000	0.00000	0.00000	0.00000	1.00000	0.00000	0.00000	0.00000	0.00000	0.00000	0.00000	0.00000	0.00000	0.00000
98	171	H	0.00000	0.00000	0.00001	0.00000	0.00000	0.00000	0.00000	0.00000	0.99999	0.00000	0.00000	0.00000	0.00000	0.00000	0.00000	0.00000	0.00000	0.00000	0.00000	0.00000
98	172	S	0.00007	0.00001	0.00009	0.00001	0.00000	0.00001	0.00000	0.00001	0.00000	0.00000	0.00000	0.00003	0.00000	0.00000	0.00000	0.99957	0.00020	0.00000	0.00000	0.00000
98	173	R	0.00000	0.99981	0.00000	0.00000	0.00000	0.00000	0.00000	0.00000	0.00000	0.00000	0.00000	0.00018	0.00000	0.00000	0.00000	0.00000	0.00000	0.00000	0.00000	0.00000
98	174	D	0.00000	0.00000	0.00000	1.00000	0.00000	0.00000	0.00000	0.00000	0.00000	0.00000	0.00000	0.00000	0.00000	0.00000	0.00000	0.00000	0.00000	0.00000	0.00000	0.00000
98	175	F	0.02103	0.01289	0.01500	0.01462	0.01207	0.00666	0.01337	0.01468	0.02085	0.05586	0.12542	0.02041	0.02878	0.37305	0.01299	0.02621	0.02224	0.02284	0.14158	0.03947
98	176	P	0.04378	0.02034	0.02123	0.03268	0.00627	0.01192	0.03080	0.02553	0.01323	0.02072	0.03519	0.03925	0.00960	0.01333	0.54374	0.05630	0.03550	0.00375	0.01390	0.02294
98	177	N	0.04790	0.04143	0.11716	0.09092	0.01351	0.02133	0.06112	0.06101	0.03217	0.04425	0.06616	0.08446	0.02053	0.03284	0.03845	0.07946	0.05923	0.00966	0.03854	0.03988
98	178	J	0.04433	0.02878	0.03032	0.03765	0.01449	0.01428	0.03600	0.03535	0.01871	0.15548	0.15004	0.05220	0.04022	0.05190	0.03194	0.04865	0.05142	0.01203	0.04177	0.10446
98	179	J	0.04433	0.02878	0.03032	0.03765	0.01449	0.01428	0.03600	0.03535	0.01871	0.15548	0.15004	0.05220	0.04022	0.05190	0.03194	0.04865	0.05142	0.01203	0.04177	0.10446
98	180	P	0.05224	0.03376	0.03624	0.05228	0.01183	0.01731	0.04837	0.04534	0.02069	0.04394	0.06831	0.06315	0.01942	0.03037	0.25941	0.06625	0.04984	0.00892	0.03115	0.04117
98	181	L	0.04220	0.02950	0.02967	0.03711	0.01428	0.01510	0.03555	0.03499	0.01982	0.09822	0.22720	0.05188	0.04476	0.06089	0.03251	0.04762	0.04612	0.01393	0.04578	0.07288
98	182	P	0.05224	0.03376	0.03624	0.05228	0.01183	0.01731	0.04837	0.04534	0.02069	0.04394	0.06831	0.06315	0.01942	0.03037	0.25941	0.06625	0.04984	0.00892	0.03115	0.04117
98	183	J	0.04433	0.02878	0.03032	0.03765	0.01449	0.01428	0.03600	0.03535	0.01871	0.15548	0.15004	0.05220	0.04022	0.05190	0.03194	0.04865	0.05142	0.01203	0.04177	0.10446
98	184	C	0.06010	0.03336	0.03812	0.04586	0.12973	0.01537	0.04085	0.05052	0.02226	0.05967	0.08981	0.05664	0.02613	0.04651	0.03542	0.07391	0.05621	0.01308	0.04710	0.05933
98	185	D	0.04603	0.03571	0.06513	0.19024	0.01165	0.02035	0.09626	0.05790	0.02487	0.03936	0.05928	0.07214	0.01808	0.02873	0.03974	0.06726	0.04998	0.00862	0.03250	0.03619
98	186	K	0.04783	0.05287	0.04767	0.06349	0.01218	0.09351	0.07690	0.04756	0.03300	0.04658	0.07523	0.09924	0.02408	0.03331	0.04106	0.06366	0.05276	0.01020	0.03716	0.04173
98	187	J	0.04433	0.02878	0.03032	0.03765	0.01449	0.01428	0.03600	0.03535	0.01871	0.15548	0.15004	0.05220	0.04022	0.05190	0.03194	0.04865	0.05142	0.01203	0.04177	0.10446
98	188	L	0.04055	0.02504	0.02559	0.03019	0.01382	0.01292	0.02956	0.02890	0.01702	0.15215	0.20621	0.04449	0.04646	0.05691	0.02742	0.04279	0.04660	0.01201	0.04134	0.10003
98	189	R	0.02615	0.38526	0.03263	0.02738	0.00729	0.02684	0.03509	0.02637	0.02809	0.01951	0.03429	0.18578	0.01239	0.01303	0.02068	0.04225	0.03313	0.00645	0.01912	0.01826
98	190	D	0.04603	0.03571	0.06513	0.19024	0.01165	0.02035	0.09626	0.05790	0.02487	0.03936	0.05928	0.07214	0.01808	0.02873	0.03974	0.06726	0.04998	0.00862	0.03250	0.03619
98	191	K	0.04783	0.05287	0.04767	0.06349	0.01218	0.09351	0.07690	0.04756	0.03300	0.04658	0.07523	0.09924	0.02408	0.03331	0.04106	0.06366	0.05276	0.01020	0.03716	0.04173
98	192	N	0.04790	0.04143	0.11716	0.09092	0.01351	0.02133	0.06112	0.06101	0.03217	0.04425	0.06616	0.08446	0.02053	0.03284	0.03845	0.07946	0.05923	0.00966	0.03854	0.03988
98	193	D	0.04603	0.03571	0.06513	0.19024	0.01165	0.02035	0.09626	0.05790	0.02487	0.03936	0.05928	0.07214	0.01808	0.02873	0.03974	0.06726	0.04998	0.00862	0.03250	0.03619
98	194	K	0.04783	0.05287	0.04767	0.06349	0.01218	0.09351	0.07690	0.04756	0.03300	0.04658	0.07523	0.09924	0.02408	0.03331	0.04106	0.06366	0.05276	0.01020	0.03716	0.04173
98	195	V	0.05304	0.02961	0.03149	0.03990	0.01661	0.01474	0.03867	0.03830	0.01883	0.12039	0.12831	0.05409	0.03523	0.04748	0.03449	0.05256	0.05632	0.01160	0.04014	0.13820
98	196	L	0.03958	0.02701	0.02795	0.03348	0.01463	0.01381	0.03182	0.03171	0.02153	0.09172	0.19924	0.04697	0.04172	0.10701	0.02898	0.04516	0.04337	0.01774	0.06754	0.06902
98	197	W	0.01560	0.01837	0.01100	0.01064	0.00942	0.00629	0.01073	0.01667	0.01724	0.02552	0.06195	0.01737	0.01679	0.07629	0.00968	0.02054	0.01601	0.52645	0.09259	0.02086
98	198	L	0.06403	0.03888	0.04305	0.05710	0.01773	0.01903	0.05234	0.05541	0.02748	0.06478	0.09968	0.07047	0.02825	0.05535	0.04412	0.06819	0.05653	0.01615	0.06407	0.05738
98	199	L	0.05567	0.03937	0.04378	0.05746	0.01712	0.01926	0.05242	0.05431	0.02474	0.07029	0.11279	0.07189	0.03072	0.04899	0.04555	0.07401	0.06048	0.01378	0.04698	0.06039
98	200	P	0.00000	0.00000	0.00000	0.00000	0.00000	0.00000	0.00000	0.00000	0.00000	0.00000	0.00000	0.00000	0.00000	0.00000	1.00000	0.00000	0.00000	0.00000	0.00000	0.00000
98	201	R	0.00000	1.00000	0.00000	0.00000	0.00000	0.00000	0.00000	0.00000	0.00000	0.00000	0.00000	0.00000	0.00000	0.00000	0.00000	0.00000	0.00000	0.00000	0.00000	0.00000
98	202	L	0.00000	0.00000	0.00000	0.00000	0.00000	0.00000	0.00000	0.00000	0.00000	0.00000	1.00000	0.00000	0.00000	0.00000	0.00000	0.00000	0.00000	0.00000	0.00000	0.00000
98	203	E	0.00000	0.00000	0.00000	0.00002	0.00000	0.00001	0.99995	0.00000	0.00000	0.00000	0.00000	0.00001	0.00000	0.00000	0.00000	0.00000	0.00000	0.00000	0.00000	0.00000
98	204	V	0.00000	0.00000	0.00000	0.00000	0.00000	0.00000	0.00000	0.00000	0.00000	0.00004	0.00000	0.00000	0.00000	0.00000	0.00000	0.00000	0.00000	0.00000	0.00000	0.99995
98	205	D	0.00000	0.00000	0.00001	0.99998	0.00000	0.00000	0.00001	0.00000	0.00000	0.00000	0.00000	0.00000	0.00000	0.00000	0.00000	0.00000	0.00000	0.00000	0.00000	0.00000
98	206	F	0.00000	0.00000	0.00000	0.00000	0.00000	0.00000	0.00000	0.00000	0.00000	0.00000	0.00000	0.00000	0.00000	0.99999	0.00000	0.00000	0.00000	0.00000	0.00001	0.00000
98	207	E	0.00000	0.00000	0.00000	0.00000	0.00000	0.00000	1.00000	0.00000	0.00000	0.00000	0.00000	0.00000	0.00000	0.00000	0.00000	0.00000	0.00000	0.00000	0.00000	0.00000
98	208	Q	0.00000	0.00000	0.00000	0.00000	0.00000	0.99992	0.00006	0.00000	0.00000	0.00000	0.00000	0.00001	0.00000	0.00000	0.00000	0.00000	0.00000	0.00000	0.00000	0.00000
98	209	A	1.00000	0.00000	0.00000	0.00000	0.00000	0.00000	0.00000	0.00000	0.00000	0.00000	0.00000	0.00000	0.00000	0.00000	0.00000	0.00000	0.00000	0.00000	0.00000	0.00000
98	210	L	0.00000	0.00000	0.00000	0.00000	0.00000	0.00000	0.00000	0.00000	0.00000	0.00001	0.99999	0.00000	0.00000	0.00000	0.00000	0.00000	0.00000	0.00000	0.00000	0.00000
98	211	F	0.00000	0.00000	0.00000	0.00000	0.00000	0.00000	0.00000	0.00000	0.00000	0.00000	0.00000	0.00000	0.00000	1.00000	0.00000	0.00000	0.00000	0.00000	0.00000	0.00000
98	212	S	0.00000	0.00000	0.00000	0.00000	0.00000	0.00000	0.00000	0.00000	0.00000	0.00000	0.00000	0.00000	0.00000	0.00000	0.00000	1.00000	0.00000	0.00000	0.00000	0.00000
98	213	K	0.00000	0.00000	0.00000	0.00000	0.00000	0.00000	0.00000	0.00000	0.00000	0.00000	0.00000	1.00000	0.00000	0.00000	0.00000	0.00000	0.00000	0.00000	0.00000	0.00000
98	214	L	0.02929	0.01829	0.01662	0.01842	0.01069	0.01045	0.01891	0.01810	0.01302	0.11189	0.38943	0.03026	0.05621	0.06133	0.01944	0.02923	0.03244	0.01040	0.03360	0.07197
98	215	S	0.06763	0.03420	0.05287	0.05589	0.01696	0.01776	0.04700	0.05363	0.02109	0.04505	0.06244	0.06609	0.02142	0.02858	0.04181	0.15369	0.13083	0.00804	0.03012	0.04489
98	216	Y	0.03983	0.03234	0.03658	0.04361	0.01566	0.01583	0.03912	0.03824	0.03796	0.05770	0.09609	0.05509	0.02627	0.09504	0.03188	0.05145	0.04344	0.02437	0.17127	0.04823
98	217	L	0.05561	0.03182	0.03644	0.04438	0.01653	0.01597	0.04194	0.04175	0.01985	0.09816	0.11263	0.05952	0.03270	0.04357	0.03673	0.06577	0.08717	0.01105	0.03870	0.10970
98	218	K	0.04277	0.09702	0.05175	0.05762	0.01278	0.02706	0.05333	0.04593	0.08462	0.04345	0.06948	0.10266	0.02098	0.03872	0.03710	0.06067	0.04887	0.01201	0.05461	0.03857
98	219	R	0.02615	0.38526	0.03263	0.02738	0.00729	0.02684	0.03509	0.02637	0.02809	0.01951	0.03429	0.18578	0.01239	0.01303	0.02068	0.04225	0.03313	0.00645	0.01912	0.01826
98	220	I	0.04486	0.02113	0.02221	0.02563	0.01435	0.01086	0.02605	0.02514	0.01384	0.18641	0.14804	0.03848	0.03998	0.04523	0.02426	0.03928	0.05038	0.00917	0.03281	0.18191
98	221	L	0.04497	0.02775	0.02847	0.03448	0.01514	0.01420	0.03351	0.03302	0.01875	0.11808	0.19395	0.04938	0.04360	0.05793	0.03084	0.04745	0.04943	0.01308	0.04449	0.10149
98	222	P	0.04378	0.02034	0.02123	0.03268	0.00627	0.01192	0.03080	0.02553	0.01323	0.02072	0.03519	0.03925	0.00960	0.01333	0.54374	0.05630	0.03550	0.00375	0.01390	0.02294
98	223	T	0.05522	0.03961	0.07595	0.07008	0.01506	0.02005	0.05588	0.05511	0.02605	0.05083	0.07217	0.07841	0.02331	0.03333	0.04119	0.09062	0.10371	0.00957	0.03600	0.04781
98	224	K	0.03095	0.09875	0.04613	0.03990	0.00626	0.02834	0.05890	0.02937	0.01938	0.02333	0.03538	0.39693	0.01423	0.01427	0.02458	0.04650	0.04242	0.00460	0.01791	0.02186
98	225	L	0.06069	0.03724	0.04190	0.05428	0.01813	0.01832	0.05010	0.05237	0.02318	0.07793	0.10762	0.06860	0.03054	0.04636	0.04390	0.07235	0.06548	0.01270	0.04389	0.07444
98	226	E	0.04890	0.04027	0.04800	0.10322	0.01165	0.02664	0.16784	0.05176	0.02326	0.04266	0.06440	0.08659	0.01967	0.03004	0.04084	0.06243	0.05035	0.00912	0.03285	0.03952
98	227	S	0.06643	0.03908	0.05372	0.06425	0.01780	0.01954	0.05434	0.06332	0.02423	0.04958	0.07423	0.07280	0.02275	0.03575	0.04812	0.12386	0.07582	0.01050	0.03761	0.04627
98	228	K	0.04611	0.07151	0.04937	0.05952	0.01204	0.02575	0.06472	0.04869	0.02499	0.04594	0.06979	0.18616	0.02200	0.03179	0.03991	0.06252	0.05366	0.00974	0.03458	0.04120
98	229	A	0.12418	0.03597	0.04142	0.05565	0.01816	0.01848	0.05338	0.06597	0.02158	0.05621	0.08190	0.06734	0.02510	0.03664	0.04763	0.08332	0.06256	0.01051	0.03651	0.05749
98	230	R	0.04508	0.13967	0.04466	0.05425	0.01291	0.02515	0.05510	0.04843	0.02868	0.04633	0.07240	0.13088	0.02205	0.03330	0.03911	0.06142	0.05088	0.01128	0.03716	0.04127
98	231	I	0.04486	0.02113	0.02221	0.02563	0.01435	0.01086	0.02605	0.02514	0.01384	0.18641	0.14804	0.03848	0.03998	0.04523	0.02426	0.03928	0.05038	0.00917	0.03281	0.18191
98	232	P	0.05580	0.03794	0.04097	0.05644	0.01520	0.01871	0.05231	0.05173	0.02327	0.06668	0.09610	0.07003	0.02702	0.04220	0.10605	0.06672	0.05665	0.01200	0.04122	0.06297
98	233	D	0.05075	0.04809	0.05813	0.10446	0.01335	0.02353	0.08462	0.05940	0.02664	0.04670	0.07045	0.09981	0.02149	0.03355	0.04395	0.06976	0.05562	0.01009	0.03708	0.04253
98	234	L	0.04415	0.03324	0.03577	0.04410	0.01618	0.01641	0.04058	0.04024	0.02923	0.07582	0.13194	0.05796	0.03352	0.08482	0.03455	0.05381	0.04813	0.02226	0.09575	0.06153
98	235	S	0.08026	0.02818	0.05999	0.05228	0.01833	0.01549	0.03803	0.05643	0.01858	0.02678	0.03977	0.05302	0.01439	0.02021	0.03910	0.28031	0.10217	0.00557	0.02243	0.02869
98	236	T	0.05783	0.02509	0.04432	0.03630	0.01319	0.01439	0.03329	0.02912	0.01503	0.04534	0.04861	0.05564	0.02319	0.01867	0.02814	0.12285	0.31299	0.00484	0.01932	0.05185
