Node	Site	State 	p_A	p_C	p_G	p_T
100	1	-	0.33206	0.20922	0.23278	0.22594
100	2	G	0.22519	0.20369	0.35426	0.21686
100	3	Y	0.18632	0.26775	0.18485	0.36109
100	4	Y	0.18632	0.26775	0.18485	0.36109
100	5	G	0.22519	0.20369	0.35426	0.21686
100	6	Y	0.17581	0.37444	0.17693	0.27283
100	7	-	0.33206	0.20922	0.23278	0.22594
100	8	-	0.33206	0.20922	0.23278	0.22594
100	9	G	0.22519	0.20369	0.35426	0.21686
100	10	-	0.33206	0.20922	0.23278	0.22594
100	11	-	0.33206	0.20922	0.23278	0.22594
100	12	-	0.33206	0.20922	0.23278	0.22594
100	13	Y	0.17581	0.37444	0.17693	0.27283
100	14	G	0.22519	0.20369	0.35426	0.21686
100	15	Y	0.17581	0.37444	0.17693	0.27283
100	16	G	0.22519	0.20369	0.35426	0.21686
100	17	G	0.22519	0.20369	0.35426	0.21686
100	18	Y	0.18632	0.26775	0.18485	0.36109
100	19	Y	0.18632	0.26775	0.18485	0.36109
100	20	Y	0.18632	0.26775	0.18485	0.36109
100	21	G	0.22519	0.20369	0.35426	0.21686
100	22	-	0.33206	0.20922	0.23278	0.22594
100	23	-	0.33206	0.20922	0.23278	0.22594
100	24	-	0.33206	0.20922	0.23278	0.22594
100	25	-	0.33206	0.20922	0.23278	0.22594
100	26	Y	0.18632	0.26775	0.18485	0.36109
100	27	-	0.33206	0.20922	0.23278	0.22594
100	28	-	0.33206	0.20922	0.23278	0.22594
100	29	-	0.33206	0.20922	0.23278	0.22594
100	30	G	0.22519	0.20369	0.35426	0.21686
100	31	-	0.33206	0.20922	0.23278	0.22594
100	32	-	0.33206	0.20922	0.23278	0.22594
100	33	Y	0.17581	0.37444	0.17693	0.27283
100	34	G	0.22519	0.20369	0.35426	0.21686
100	35	Y	0.18632	0.26775	0.18485	0.36109
100	36	Y	0.18632	0.26775	0.18485	0.36109
100	37	G	0.22519	0.20369	0.35426	0.21686
100	38	G	0.22519	0.20369	0.35426	0.21686
100	39	Y	0.17581	0.37444	0.17693	0.27283
100	40	Y	0.17581	0.37444	0.17693	0.27283
100	41	Y	0.17581	0.37444	0.17693	0.27283
100	42	Y	0.18632	0.26775	0.18485	0.36109
100	43	Y	0.18632	0.26775	0.18485	0.36109
100	44	Y	0.17581	0.37444	0.17693	0.27283
100	45	Y	0.17581	0.37444	0.17693	0.27283
100	46	-	0.33206	0.20922	0.23278	0.22594
100	47	Y	0.18632	0.26775	0.18485	0.36109
100	48	-	0.33206	0.20922	0.23278	0.22594
100	49	-	0.33206	0.20922	0.23278	0.22594
100	50	G	0.22519	0.20369	0.35426	0.21686
100	51	G	0.22519	0.20369	0.35426	0.21686
100	52	-	0.33206	0.20922	0.23278	0.22594
100	53	-	0.33206	0.20922	0.23278	0.22594
100	54	Y	0.18632	0.26775	0.18485	0.36109
100	55	G	0.22519	0.20369	0.35426	0.21686
100	56	G	0.22519	0.20369	0.35426	0.21686
100	57	-	0.33206	0.20922	0.23278	0.22594
100	58	-	0.33206	0.20922	0.23278	0.22594
100	59	G	0.22519	0.20369	0.35426	0.21686
100	60	-	0.33206	0.20922	0.23278	0.22594
100	61	G	0.22519	0.20369	0.35426	0.21686
100	62	-	0.33206	0.20922	0.23278	0.22594
100	63	Y	0.18632	0.26775	0.18485	0.36109
100	64	G	0.22519	0.20369	0.35426	0.21686
100	65	Y	0.18632	0.26775	0.18485	0.36109
100	66	Y	0.18632	0.26775	0.18485	0.36109
100	67	Y	0.18632	0.26775	0.18485	0.36109
100	68	Y	0.18632	0.26775	0.18485	0.36109
100	69	G	0.22519	0.20369	0.35426	0.21686
100	70	-	0.33206	0.20922	0.23278	0.22594
100	71	-	0.33206	0.20922	0.23278	0.22594
100	72	-	0.33206	0.20922	0.23278	0.22594
100	73	G	0.22519	0.20369	0.35426	0.21686
100	74	G	0.22519	0.20369	0.35426	0.21686
100	75	G	0.22519	0.20369	0.35426	0.21686
100	76	G	0.22519	0.20369	0.35426	0.21686
100	77	G	0.22519	0.20369	0.35426	0.21686
100	78	Y	0.18632	0.26775	0.18485	0.36109
100	79	Y	0.17581	0.37444	0.17693	0.27283
100	80	Y	0.18632	0.26775	0.18485	0.36109
100	81	G	0.22519	0.20369	0.35426	0.21686
100	82	G	0.22519	0.20369	0.35426	0.21686
100	83	G	0.22519	0.20369	0.35426	0.21686
100	84	G	0.22519	0.20369	0.35426	0.21686
100	85	G	0.22519	0.20369	0.35426	0.21686
100	86	Y	0.18632	0.26775	0.18485	0.36109
100	87	Y	0.18632	0.26775	0.18485	0.36109
100	88	Y	0.18632	0.26775	0.18485	0.36109
100	89	Y	0.18632	0.26775	0.18485	0.36109
100	90	Y	0.18632	0.26775	0.18485	0.36109
100	91	Y	0.17581	0.37444	0.17693	0.27283
100	92	Y	0.17581	0.37444	0.17693	0.27283
100	93	Y	0.17581	0.37444	0.17693	0.27283
100	94	Y	0.17581	0.37444	0.17693	0.27283
100	95	-	0.33206	0.20922	0.23278	0.22594
100	96	G	0.22519	0.20369	0.35426	0.21686
100	97	-	0.33206	0.20922	0.23278	0.22594
100	98	Y	0.17581	0.37444	0.17693	0.27283
100	99	Y	0.17581	0.37444	0.17693	0.27283
100	100	Y	0.17581	0.37444	0.17693	0.27283
100	101	Y	0.17581	0.37444	0.17693	0.27283
100	102	G	0.22519	0.20369	0.35426	0.21686
100	103	G	0.22519	0.20369	0.35426	0.21686
100	104	G	0.22519	0.20369	0.35426	0.21686
100	105	Y	0.17581	0.37444	0.17693	0.27283
100	106	Y	0.17581	0.37444	0.17693	0.27283
100	107	Y	0.17581	0.37444	0.17693	0.27283
100	108	G	0.22519	0.20369	0.35426	0.21686
100	109	Y	0.17581	0.37444	0.17693	0.27283
100	110	Y	0.17581	0.37444	0.17693	0.27283
100	111	G	0.22519	0.20369	0.35426	0.21686
100	112	Y	0.17581	0.37444	0.17693	0.27283
100	113	Y	0.18632	0.26775	0.18485	0.36109
100	114	Y	0.17581	0.37444	0.17693	0.27283
100	115	-	0.33206	0.20922	0.23278	0.22594
100	116	G	0.22519	0.20369	0.35426	0.21686
100	117	G	0.22519	0.20369	0.35426	0.21686
100	118	Y	0.17581	0.37444	0.17693	0.27283
100	119	G	0.22519	0.20369	0.35426	0.21686
100	120	G	0.22519	0.20369	0.35426	0.21686
100	121	G	0.22519	0.20369	0.35426	0.21686
100	122	Y	0.18632	0.26775	0.18485	0.36109
100	123	Y	0.18632	0.26775	0.18485	0.36109
100	124	-	0.33206	0.20922	0.23278	0.22594
100	125	Y	0.17581	0.37444	0.17693	0.27283
100	126	Y	0.18632	0.26775	0.18485	0.36109
100	127	G	0.22519	0.20369	0.35426	0.21686
100	128	Y	0.18632	0.26775	0.18485	0.36109
100	129	G	0.22519	0.20369	0.35426	0.21686
100	130	Y	0.18632	0.26775	0.18485	0.36109
100	131	Y	0.17581	0.37444	0.17693	0.27283
100	132	-	0.33206	0.20922	0.23278	0.22594
100	133	Y	0.18632	0.26775	0.18485	0.36109
100	134	Y	0.17581	0.37444	0.17693	0.27283
100	135	Y	0.17581	0.37444	0.17693	0.27283
100	136	-	0.33206	0.20922	0.23278	0.22594
100	137	Y	0.18632	0.26775	0.18485	0.36109
100	138	-	0.33206	0.20922	0.23278	0.22594
100	139	Y	0.17581	0.37444	0.17693	0.27283
100	140	-	0.33206	0.20922	0.23278	0.22594
100	141	Y	0.17581	0.37444	0.17693	0.27283
100	142	-	0.33206	0.20922	0.23278	0.22594
100	143	Y	0.17581	0.37444	0.17693	0.27283
100	144	Y	0.17581	0.37444	0.17693	0.27283
100	145	Y	0.18632	0.26775	0.18485	0.36109
100	146	Y	0.18632	0.26775	0.18485	0.36109
100	147	Y	0.18632	0.26775	0.18485	0.36109
100	148	Y	0.17581	0.37444	0.17693	0.27283
100	149	Y	0.17581	0.37444	0.17693	0.27283
100	150	G	0.22519	0.20369	0.35426	0.21686
100	151	Y	0.18632	0.26775	0.18485	0.36109
100	152	G	0.22519	0.20369	0.35426	0.21686
100	153	Y	0.18632	0.26775	0.18485	0.36109
100	154	-	0.33206	0.20922	0.23278	0.22594
100	155	G	0.22519	0.20369	0.35426	0.21686
100	156	Y	0.17581	0.37444	0.17693	0.27283
100	157	G	0.22519	0.20369	0.35426	0.21686
100	158	Y	0.17581	0.37444	0.17693	0.27283
100	159	-	0.33206	0.20922	0.23278	0.22594
100	160	Y	0.17581	0.37444	0.17693	0.27283
100	161	G	0.22519	0.20369	0.35426	0.21686
100	162	Y	0.18632	0.26775	0.18485	0.36109
100	163	-	0.33206	0.20922	0.23278	0.22594
100	164	-	0.33206	0.20922	0.23278	0.22594
100	165	-	0.33206	0.20922	0.23278	0.22594
100	166	-	0.33206	0.20922	0.23278	0.22594
100	167	Y	0.17651	0.26403	0.17330	0.38616
100	168	-	0.21730	0.25509	0.24600	0.28161
100	169	C	0.16483	0.40097	0.16495	0.26925
100	170	Y	0.17651	0.26403	0.17330	0.38616
100	171	-	0.25382	0.23109	0.27217	0.24292
100	172	-	0.25871	0.23148	0.26634	0.24348
100	173	G	0.22196	0.18995	0.38387	0.20423
100	174	-	0.24009	0.27411	0.22247	0.26333
100	175	C	0.16483	0.40097	0.16495	0.26925
100	176	C	0.16483	0.40097	0.16495	0.26925
100	177	G	0.22196	0.18995	0.38387	0.20423
100	178	-	0.21967	0.25130	0.25413	0.27491
100	179	-	0.23293	0.28187	0.21914	0.26606
100	180	A	0.36148	0.19525	0.22921	0.21406
100	181	-	0.19885	0.30287	0.20120	0.29707
100	182	-	0.25382	0.23109	0.27217	0.24292
100	183	G	0.22196	0.18995	0.38387	0.20423
100	184	-	0.21730	0.25509	0.24600	0.28161
100	185	C	0.16483	0.40097	0.16495	0.26925
100	186	-	0.24009	0.27411	0.22247	0.26333
100	187	-	0.25871	0.23148	0.26634	0.24348
100	188	-	0.23293	0.28187	0.21914	0.26606
100	189	C	0.16483	0.40097	0.16495	0.26925
100	190	-	0.19885	0.30287	0.20120	0.29707
100	191	G	0.22196	0.18995	0.38387	0.20423
100	192	-	0.25871	0.23148	0.26634	0.24348
100	193	C	0.16483	0.40097	0.16495	0.26925
100	194	Y	0.17651	0.26403	0.17330	0.38616
100	195	-	0.19885	0.30287	0.20120	0.29707
100	196	-	0.24468	0.25275	0.22417	0.27840
100	197	-	0.21730	0.25509	0.24600	0.28161
100	198	-	0.19951	0.29777	0.20173	0.30099
100	199	-	0.19951	0.29777	0.20173	0.30099
100	200	A	0.36148	0.19525	0.22921	0.21406
100	201	-	0.21414	0.27986	0.24236	0.26364
100	202	-	0.21967	0.25130	0.25413	0.27491
100	203	-	0.25871	0.23148	0.26634	0.24348
100	204	-	0.25382	0.23109	0.27217	0.24292
100	205	Y	0.17651	0.26403	0.17330	0.38616
100	206	Y	0.17651	0.26403	0.17330	0.38616
100	207	-	0.24009	0.27411	0.22247	0.26333
100	208	C	0.16483	0.40097	0.16495	0.26925
100	209	-	0.19951	0.29777	0.20173	0.30099
100	210	C	0.16483	0.40097	0.16495	0.26925
100	211	-	0.24468	0.25275	0.22417	0.27840
100	212	Y	0.17651	0.26403	0.17330	0.38616
100	213	-	0.21730	0.25509	0.24600	0.28161
100	214	-	0.19951	0.29777	0.20173	0.30099
100	215	-	0.25871	0.23148	0.26634	0.24348
100	216	-	0.21730	0.25509	0.24600	0.28161
100	217	-	0.21730	0.25509	0.24600	0.28161
100	218	-	0.23768	0.25629	0.22119	0.28484
100	219	Y	0.17651	0.26403	0.17330	0.38616
100	220	-	0.21703	0.27184	0.25070	0.26043
100	221	-	0.24468	0.25275	0.22417	0.27840
100	222	-	0.24468	0.25275	0.22417	0.27840
100	223	-	0.24468	0.25275	0.22417	0.27840
100	224	-	0.21414	0.27986	0.24236	0.26364
100	225	-	0.24468	0.25275	0.22417	0.27840
100	226	Y	0.17651	0.26403	0.17330	0.38616
100	227	C	0.16483	0.40097	0.16495	0.26925
100	228	-	0.24468	0.25275	0.22417	0.27840
100	229	Y	0.17651	0.26403	0.17330	0.38616
100	230	-	0.24468	0.25275	0.22417	0.27840
100	231	A	0.36148	0.19525	0.22921	0.21406
100	232	-	0.24468	0.25275	0.22417	0.27840
100	233	-	0.21967	0.25130	0.25413	0.27491
100	234	-	0.24468	0.25275	0.22417	0.27840
100	235	-	0.24468	0.25275	0.22417	0.27840
100	236	C	0.16483	0.40097	0.16495	0.26925
100	237	-	0.25382	0.23109	0.27217	0.24292
100	238	-	0.23768	0.25629	0.22119	0.28484
100	239	-	0.25382	0.23109	0.27217	0.24292
100	240	-	0.24009	0.27411	0.22247	0.26333
100	241	-	0.24009	0.27411	0.22247	0.26333
100	242	-	0.21414	0.27986	0.24236	0.26364
100	243	C	0.16483	0.40097	0.16495	0.26925
100	244	G	0.22196	0.18995	0.38387	0.20423
100	245	-	0.19885	0.30287	0.20120	0.29707
100	246	Y	0.17651	0.26403	0.17330	0.38616
100	247	-	0.19885	0.30287	0.20120	0.29707
100	248	-	0.19951	0.29777	0.20173	0.30099
100	249	Y	0.17651	0.26403	0.17330	0.38616
100	250	Y	0.17651	0.26403	0.17330	0.38616
100	251	G	0.22196	0.18995	0.38387	0.20423
100	252	-	0.19951	0.29777	0.20173	0.30099
100	253	-	0.23768	0.25629	0.22119	0.28484
100	254	-	0.23768	0.25629	0.22119	0.28484
100	255	C	0.16483	0.40097	0.16495	0.26925
100	256	Y	0.17651	0.26403	0.17330	0.38616
100	257	Y	0.17651	0.26403	0.17330	0.38616
100	258	Y	0.17651	0.26403	0.17330	0.38616
100	259	-	0.25871	0.23148	0.26634	0.24348
100	260	A	0.36148	0.19525	0.22921	0.21406
100	261	-	0.25382	0.23109	0.27217	0.24292
100	262	-	0.21967	0.25130	0.25413	0.27491
100	263	-	0.24009	0.27411	0.22247	0.26333
100	264	A	0.36148	0.19525	0.22921	0.21406
100	265	-	0.23768	0.25629	0.22119	0.28484
100	266	-	0.19951	0.29777	0.20173	0.30099
100	267	-	0.23768	0.25629	0.22119	0.28484
100	268	A	0.36148	0.19525	0.22921	0.21406
100	269	G	0.22196	0.18995	0.38387	0.20423
100	270	A	0.36148	0.19525	0.22921	0.21406
100	271	-	0.25382	0.23109	0.27217	0.24292
100	272	-	0.19951	0.29777	0.20173	0.30099
100	273	-	0.25871	0.23148	0.26634	0.24348
100	274	-	0.21967	0.25130	0.25413	0.27491
100	275	-	0.24468	0.25275	0.22417	0.27840
100	276	-	0.25871	0.23148	0.26634	0.24348
100	277	-	0.25871	0.23148	0.26634	0.24348
100	278	-	0.24009	0.27411	0.22247	0.26333
100	279	C	0.16483	0.40097	0.16495	0.26925
100	280	-	0.24009	0.27411	0.22247	0.26333
100	281	Y	0.17651	0.26403	0.17330	0.38616
100	282	Y	0.17651	0.26403	0.17330	0.38616
100	283	-	0.19951	0.29777	0.20173	0.30099
100	284	-	0.21703	0.27184	0.25070	0.26043
100	285	A	0.36148	0.19525	0.22921	0.21406
100	286	-	0.21967	0.25130	0.25413	0.27491
100	287	A	0.36148	0.19525	0.22921	0.21406
100	288	-	0.23768	0.25629	0.22119	0.28484
100	289	G	0.22196	0.18995	0.38387	0.20423
100	290	G	0.22519	0.20369	0.35426	0.21686
100	291	-	0.33206	0.20922	0.23278	0.22594
100	292	-	0.33206	0.20922	0.23278	0.22594
100	293	Y	0.18632	0.26775	0.18485	0.36109
100	294	G	0.22519	0.20369	0.35426	0.21686
100	295	G	0.22519	0.20369	0.35426	0.21686
100	296	-	0.33206	0.20922	0.23278	0.22594
100	297	-	0.33206	0.20922	0.23278	0.22594
100	298	G	0.22519	0.20369	0.35426	0.21686
100	299	-	0.33206	0.20922	0.23278	0.22594
100	300	G	0.22519	0.20369	0.35426	0.21686
100	301	-	0.33206	0.20922	0.23278	0.22594
100	302	T	0.14630	0.24375	0.13945	0.47050
100	303	-	0.20532	0.24553	0.24541	0.30374
100	304	Y	0.19572	0.26412	0.20185	0.33830
100	305	-	0.28536	0.24178	0.22682	0.24605
100	306	-	0.27948	0.23025	0.21604	0.27423
100	307	-	0.27948	0.23025	0.21604	0.27423
100	308	-	0.23941	0.25094	0.23892	0.27073
100	309	G	0.20254	0.14651	0.48844	0.16252
100	310	D	0.27392	0.19112	0.32734	0.20761
100	311	D	0.27392	0.19112	0.32734	0.20761
100	312	D	0.27392	0.19112	0.32734	0.20761
100	313	-	0.21313	0.27515	0.22989	0.28183
100	314	-	0.19976	0.30425	0.23729	0.25870
100	315	-	0.19976	0.30425	0.23729	0.25870
100	316	-	0.23831	0.25882	0.24402	0.25885
100	317	-	0.22259	0.22744	0.30553	0.24444
100	318	G	0.20254	0.14651	0.48844	0.16252
100	319	-	0.21579	0.22944	0.28820	0.26658
100	320	R	0.28876	0.18298	0.32763	0.20063
100	321	-	0.23354	0.24314	0.27200	0.25133
100	322	-	0.22599	0.25596	0.23208	0.28597
100	323	C	0.12412	0.51000	0.12176	0.24412
100	324	Y	0.18060	0.28178	0.17873	0.35888
100	325	-	0.21173	0.29130	0.21352	0.28345
100	326	-	0.21205	0.27475	0.21936	0.29384
100	327	-	0.22552	0.25296	0.26122	0.26030
100	328	-	0.21033	0.27598	0.21653	0.29716
100	329	Y	0.16218	0.35243	0.15965	0.32574
100	330	G	0.23287	0.19430	0.36400	0.20883
100	331	-	0.24136	0.30356	0.19963	0.25545
100	332	-	0.24502	0.23095	0.27680	0.24723
100	333	D	0.22212	0.21415	0.34122	0.22251
100	334	Y	0.20770	0.25880	0.19660	0.33690
100	335	-	0.22640	0.27104	0.24023	0.26233
100	336	-	0.32348	0.21877	0.22795	0.22981
100	337	-	0.22502	0.26725	0.23223	0.27549
100	338	-	0.22470	0.24924	0.26067	0.26539
100	339	-	0.22034	0.22490	0.32543	0.22932
100	340	-	0.23997	0.24180	0.27106	0.24717
100	341	-	0.20915	0.29491	0.21655	0.27938
100	342	Y	0.17607	0.35850	0.17616	0.28926
100	343	-	0.27721	0.22835	0.20858	0.28586
100	344	-	0.20878	0.27706	0.22557	0.28859
100	345	-	0.23313	0.26879	0.22513	0.27295
100	346	-	0.23220	0.27184	0.23273	0.26323
100	347	Y	0.16379	0.33277	0.16082	0.34262
100	348	-	0.23445	0.27219	0.21853	0.27483
100	349	Y	0.18712	0.26212	0.19142	0.35934
100	350	Y	0.17607	0.35850	0.17616	0.28926
100	351	C	0.12412	0.51000	0.12176	0.24412
100	352	G	0.19877	0.13851	0.50785	0.15486
100	353	C	0.12412	0.51000	0.12176	0.24412
100	354	-	0.20998	0.22769	0.28511	0.27722
100	355	G	0.19877	0.13851	0.50785	0.15486
100	356	-	0.25474	0.24034	0.20883	0.29608
100	357	-	0.21681	0.26333	0.24430	0.27555
100	358	R	0.34928	0.19544	0.24165	0.21363
100	359	-	0.23810	0.25015	0.23556	0.27619
100	360	-	0.30835	0.18376	0.30588	0.20201
100	361	G	0.19877	0.13851	0.50785	0.15486
100	362	-	0.30835	0.18376	0.30588	0.20201
100	363	-	0.21704	0.28956	0.20918	0.28421
100	364	Y	0.16218	0.35243	0.15965	0.32574
100	365	-	0.26392	0.27980	0.20749	0.24880
100	366	-	0.23445	0.27219	0.21853	0.27483
100	367	C	0.12412	0.51000	0.12176	0.24412
100	368	Y	0.16218	0.35243	0.15965	0.32574
100	369	C	0.12412	0.51000	0.12176	0.24412
100	370	Y	0.19730	0.34206	0.19168	0.26896
100	371	-	0.20878	0.27706	0.22557	0.28859
100	372	G	0.19877	0.13851	0.50785	0.15486
100	373	-	0.20998	0.22769	0.28511	0.27722
100	374	-	0.25613	0.23182	0.26254	0.24951
100	375	Y	0.16379	0.33277	0.16082	0.34262
100	376	A	0.48611	0.14316	0.20394	0.16680
100	377	Y	0.19730	0.34206	0.19168	0.26896
100	378	C	0.12412	0.51000	0.12176	0.24412
100	379	-	0.19889	0.29860	0.25113	0.25138
100	380	Y	0.16218	0.35243	0.15965	0.32574
100	381	-	0.19889	0.29860	0.25113	0.25138
100	382	-	0.25415	0.23697	0.20159	0.30729
100	383	-	0.20446	0.23681	0.26017	0.29857
100	384	T	0.13920	0.23863	0.13141	0.49077
100	385	Y	0.18964	0.34107	0.20160	0.26769
100	386	-	0.23220	0.27184	0.23273	0.26323
100	387	-	0.30835	0.18376	0.30588	0.20201
100	388	C	0.12412	0.51000	0.12176	0.24412
100	389	G	0.19877	0.13851	0.50785	0.15486
100	390	C	0.12412	0.51000	0.12176	0.24412
100	391	R	0.28876	0.18298	0.32763	0.20063
100	392	G	0.19877	0.13851	0.50785	0.15486
100	393	-	0.22281	0.24900	0.25628	0.27190
100	394	-	0.21240	0.23655	0.27053	0.28052
100	395	-	0.22610	0.27976	0.21741	0.27673
100	396	Y	0.15355	0.31776	0.14904	0.37965
100	397	-	0.23605	0.23098	0.26199	0.27098
100	398	D	0.32148	0.19101	0.27066	0.21685
100	399	C	0.14269	0.42609	0.13981	0.29141
100	400	-	0.20368	0.21165	0.31946	0.26521
100	401	A	0.46331	0.15398	0.20251	0.18019
100	402	-	0.32808	0.21310	0.22379	0.23503
100	403	A	0.59123	0.10454	0.17465	0.12958
100	404	D	0.23308	0.20878	0.34156	0.21658
100	405	-	0.25705	0.21511	0.28470	0.24313
100	406	-	0.21318	0.24058	0.30253	0.24371
100	407	T	0.16144	0.26830	0.16085	0.40941
100	408	Y	0.18275	0.34300	0.18847	0.28579
100	409	A	0.38483	0.17435	0.24975	0.19107
100	410	-	0.23927	0.28283	0.21369	0.26422
100	411	C	0.11841	0.52835	0.11650	0.23673
100	412	C	0.13441	0.46097	0.13148	0.27314
100	413	Y	0.19539	0.34211	0.18453	0.27798
100	414	D	0.32639	0.19784	0.25142	0.22435
100	415	Y	0.17067	0.35683	0.17237	0.30012
100	416	-	0.23012	0.21820	0.32379	0.22789
100	417	T	0.12712	0.22621	0.11848	0.52819
100	418	Y	0.18269	0.33271	0.18200	0.30260
100	419	T	0.16337	0.25856	0.15870	0.41937
100	420	-	0.19706	0.30501	0.19656	0.30136
100	421	-	0.19713	0.31060	0.20093	0.29134
100	422	-	0.20390	0.30678	0.20898	0.28034
100	423	C	0.11394	0.53981	0.11125	0.23499
100	424	Y	0.16026	0.39566	0.15881	0.28527
100	425	Y	0.17647	0.37628	0.17978	0.26747
100	426	-	0.31730	0.19905	0.19483	0.28882
100	427	-	0.23125	0.26192	0.23183	0.27500
100	428	-	0.29875	0.21819	0.24829	0.23477
100	429	-	0.26252	0.25111	0.21438	0.27199
100	430	-	0.20420	0.28264	0.20524	0.30792
100	431	T	0.14023	0.25864	0.13253	0.46860
100	432	-	0.23845	0.26217	0.22686	0.27252
100	433	C	0.15163	0.43377	0.15072	0.26388
100	434	Y	0.19087	0.32311	0.19002	0.29599
100	435	-	0.24169	0.27287	0.22165	0.26379
100	436	-	0.29212	0.23709	0.21601	0.25478
100	437	Y	0.17602	0.35660	0.17837	0.28901
100	438	-	0.19394	0.29202	0.19534	0.31870
100	439	-	0.20420	0.28264	0.20524	0.30792
100	440	C	0.08562	0.62628	0.08216	0.20594
100	441	-	0.20293	0.30713	0.22588	0.26406
100	442	-	0.24300	0.20868	0.33175	0.21656
100	443	-	0.21910	0.27822	0.22047	0.28221
100	444	Y	0.16698	0.37940	0.16601	0.28762
100	445	-	0.18888	0.31038	0.18821	0.31253
100	446	C	0.11322	0.54211	0.11030	0.23438
100	447	C	0.14137	0.42950	0.13829	0.29085
100	448	-	0.22023	0.28972	0.21572	0.27433
100	449	-	0.20424	0.31487	0.20581	0.27509
100	450	C	0.11623	0.52980	0.12040	0.23357
100	451	Y	0.15006	0.29872	0.14454	0.40668
100	452	Y	0.16025	0.28228	0.15546	0.40201
100	453	-	0.22290	0.26692	0.23166	0.27852
100	454	-	0.20854	0.29380	0.22031	0.27735
100	455	A	0.44842	0.14447	0.24028	0.16682
100	456	-	0.21409	0.27600	0.24140	0.26851
100	457	Y	0.14625	0.35097	0.14178	0.36101
100	458	-	0.21487	0.31578	0.20841	0.26094
100	459	C	0.11813	0.52306	0.11529	0.24352
100	460	-	0.22831	0.28868	0.20954	0.27347
100	461	-	0.22936	0.25902	0.23810	0.27352
100	462	-	0.21679	0.25670	0.23207	0.29444
100	463	G	0.22057	0.20771	0.35306	0.21866
100	464	D	0.33941	0.19181	0.25147	0.21731
100	465	D	0.33941	0.19181	0.25147	0.21731
100	466	A	0.49343	0.14170	0.20028	0.16459
100	467	-	0.25520	0.25052	0.22962	0.26466
100	468	-	0.21401	0.23096	0.30439	0.25065
100	469	-	0.25061	0.20158	0.32597	0.22185
100	470	-	0.30528	0.23554	0.22328	0.23590
100	471	-	0.27545	0.25052	0.21716	0.25687
100	472	-	0.25372	0.29555	0.20231	0.24842
100	473	-	0.25948	0.22624	0.25393	0.26035
100	474	-	0.23106	0.22448	0.31854	0.22592
100	475	C	0.12728	0.48804	0.12444	0.26023
100	476	-	0.29261	0.21269	0.26500	0.22970
100	477	-	0.26074	0.25093	0.23604	0.25229
100	478	-	0.28927	0.22626	0.24248	0.24199
100	479	-	0.22283	0.27141	0.22147	0.28429
100	480	-	0.25183	0.24337	0.24827	0.25654
100	481	-	0.28451	0.22915	0.24133	0.24500
100	482	-	0.20590	0.27589	0.20551	0.31269
100	483	-	0.20930	0.27291	0.21132	0.30648
100	484	Y	0.19060	0.32114	0.19525	0.29301
100	485	R	0.36325	0.18260	0.25198	0.20217
100	486	-	0.28040	0.23477	0.21555	0.26928
100	487	-	0.21487	0.31578	0.20841	0.26094
100	488	C	0.12728	0.48804	0.12444	0.26023
100	489	Y	0.17185	0.36059	0.17819	0.28937
100	490	Y	0.18267	0.28388	0.17145	0.36200
100	491	Y	0.17533	0.34124	0.17707	0.30635
100	492	-	0.20368	0.21165	0.31946	0.26521
100	493	G	0.22520	0.17786	0.40355	0.19338
100	494	D	0.33848	0.19858	0.23871	0.22424
100	495	C	0.12950	0.46934	0.12631	0.27485
100	496	-	0.22413	0.24411	0.27390	0.25786
100	497	-	0.19731	0.28805	0.20158	0.31305
100	498	T	0.13268	0.24038	0.12456	0.50238
100	499	G	0.22654	0.19232	0.37926	0.20188
100	500	G	0.19738	0.13498	0.51634	0.15130
100	501	Y	0.16071	0.39519	0.15951	0.28458
100	502	T	0.14280	0.23699	0.13361	0.48660
100	503	A	0.45937	0.16505	0.19922	0.17636
100	504	A	0.46331	0.15398	0.20251	0.18019
100	505	-	0.22062	0.25757	0.23519	0.28662
100	506	C	0.12728	0.48804	0.12444	0.26023
100	507	-	0.23447	0.28745	0.22168	0.25640
100	508	-	0.30716	0.20140	0.27494	0.21650
100	509	D	0.34417	0.20913	0.22180	0.22490
100	510	R	0.24369	0.20057	0.34494	0.21080
100	511	G	0.22122	0.20359	0.35467	0.22051
100	512	A	0.44775	0.16461	0.20542	0.18222
100	513	A	0.45937	0.16505	0.19922	0.17636
100	514	-	0.33666	0.21190	0.22723	0.22421
100	515	-	0.21401	0.23096	0.30439	0.25065
100	516	-	0.27376	0.24282	0.20326	0.28016
100	517	C	0.11403	0.52009	0.11052	0.25537
100	518	A	0.38038	0.17480	0.24933	0.19549
100	519	G	0.25117	0.16029	0.41049	0.17805
100	520	-	0.20679	0.30223	0.20982	0.28116
100	521	-	0.26235	0.24644	0.23923	0.25197
100	522	T	0.10919	0.20830	0.09910	0.58341
100	523	-	0.22062	0.25757	0.23519	0.28662
100	524	T	0.15874	0.22956	0.13543	0.47627
100	525	-	0.20313	0.27545	0.20343	0.31798
100	526	Y	0.18425	0.36432	0.18229	0.26914
100	527	A	0.39736	0.19350	0.20747	0.20166
100	528	-	0.24347	0.25128	0.25978	0.24547
100	529	-	0.22046	0.23273	0.24704	0.29978
100	530	B	0.19026	0.31610	0.25113	0.24251
100	531	Y	0.17800	0.35534	0.18730	0.27937
100	532	Y	0.18183	0.36315	0.18638	0.26864
100	533	-	0.26070	0.20148	0.32615	0.21167
100	534	-	0.21931	0.25734	0.26474	0.25862
100	535	G	0.22558	0.19269	0.36974	0.21199
100	536	Y	0.16351	0.39269	0.17041	0.27339
100	537	-	0.23163	0.25876	0.22166	0.28795
100	538	-	0.26779	0.24326	0.23979	0.24916
100	539	-	0.26070	0.20148	0.32615	0.21167
100	540	-	0.22453	0.26065	0.25270	0.26213
100	541	-	0.26452	0.24469	0.22650	0.26430
100	542	-	0.22747	0.25861	0.25380	0.26011
100	543	A	0.47349	0.14654	0.19673	0.18325
100	544	A	0.47349	0.14654	0.19673	0.18325
100	545	-	0.24427	0.25049	0.24494	0.26030
100	546	-	0.23293	0.23688	0.28505	0.24515
100	547	-	0.23548	0.29485	0.21764	0.25202
100	548	-	0.24987	0.22050	0.29293	0.23670
100	549	R	0.33687	0.16580	0.31154	0.18579
100	550	-	0.27376	0.24282	0.20326	0.28016
100	551	-	0.25882	0.23515	0.25655	0.24948
100	552	A	0.49667	0.12846	0.22220	0.15268
100	553	-	0.22051	0.24750	0.26860	0.26339
100	554	Y	0.18619	0.26493	0.17647	0.37241
100	555	T	0.13268	0.24038	0.12456	0.50238
100	556	A	0.42134	0.16792	0.20948	0.20125
100	557	G	0.18020	0.11201	0.57953	0.12827
100	558	-	0.30309	0.21661	0.24364	0.23666
100	559	-	0.21795	0.27959	0.22062	0.28184
100	560	Y	0.19523	0.32129	0.19417	0.28932
100	561	T	0.16922	0.24851	0.17724	0.40503
100	562	S	0.21194	0.22196	0.34651	0.21958
100	563	A	0.55816	0.11651	0.18424	0.14109
100	564	Y	0.14737	0.39834	0.14423	0.31007
100	565	-	0.27352	0.24211	0.22411	0.26026
100	566	-	0.22837	0.25943	0.24924	0.26296
100	567	A	0.45019	0.15828	0.21127	0.18025
100	568	-	0.23551	0.26381	0.19953	0.30115
100	569	-	0.28395	0.21796	0.24305	0.25505
100	570	-	0.19585	0.27005	0.22251	0.31159
100	571	T	0.14878	0.27380	0.14279	0.43464
100	572	G	0.25376	0.17097	0.38750	0.18776
100	573	T	0.14878	0.27380	0.14279	0.43464
100	574	T	0.12633	0.22532	0.11784	0.53051
100	575	Y	0.18286	0.25819	0.17833	0.38061
100	576	-	0.22014	0.28471	0.21509	0.28005
100	577	-	0.25039	0.24530	0.24124	0.26307
100	578	-	0.19681	0.31526	0.20221	0.28572
100	579	-	0.29223	0.20711	0.27784	0.22282
100	580	T	0.14878	0.27380	0.14279	0.43464
100	581	-	0.19746	0.30253	0.18820	0.31181
100	582	C	0.13701	0.48150	0.13307	0.24842
100	583	Y	0.16453	0.39817	0.16368	0.27362
100	584	Y	0.17549	0.34741	0.17537	0.30173
100	585	T	0.17213	0.26489	0.16796	0.39501
100	586	Y	0.18035	0.27002	0.17849	0.37114
100	587	-	0.20215	0.26030	0.23095	0.30660
100	588	G	0.24446	0.13636	0.46383	0.15535
100	589	Y	0.17132	0.25764	0.21231	0.35873
100	590	R	0.27620	0.16026	0.38365	0.17989
100	591	R	0.39511	0.15084	0.28009	0.17396
100	592	-	0.23637	0.25274	0.25080	0.26009
100	593	-	0.20483	0.27767	0.21869	0.29881
100	594	Y	0.18201	0.26109	0.18156	0.37534
100	595	-	0.30965	0.21702	0.22360	0.24974
100	596	K	0.21869	0.19471	0.35366	0.23293
100	597	-	0.21008	0.29586	0.21828	0.27578
100	598	-	0.22318	0.23915	0.30024	0.23743
100	599	-	0.22624	0.24754	0.25814	0.26809
100	600	Y	0.18152	0.24503	0.21603	0.35741
100	601	-	0.23382	0.21017	0.32468	0.23133
100	602	G	0.21614	0.18836	0.37192	0.22358
100	603	R	0.24237	0.18770	0.36498	0.20496
100	604	-	0.25312	0.22900	0.27570	0.24218
100	605	-	0.27675	0.21062	0.28550	0.22713
100	606	G	0.19037	0.11649	0.55947	0.13368
100	607	G	0.19098	0.15581	0.43944	0.21377
100	608	-	0.25213	0.23131	0.27139	0.24517
100	609	G	0.21890	0.15623	0.45131	0.17357
100	610	C	0.04312	0.81097	0.03842	0.10749
100	611	A	0.83928	0.05129	0.05221	0.05722
100	612	T	0.01641	0.09349	0.01297	0.87713
100	613	T	0.04666	0.10340	0.03698	0.81296
100	614	C	0.00761	0.94497	0.00673	0.04069
100	615	C	0.02925	0.84790	0.02889	0.09396
100	616	C	0.02258	0.86886	0.02038	0.08818
100	617	C	0.03003	0.84841	0.03047	0.09109
100	618	T	0.05220	0.09406	0.04287	0.81087
100	619	T	0.04581	0.10114	0.03991	0.81315
100	620	T	0.05405	0.09498	0.04689	0.80407
100	621	C	0.02704	0.86990	0.02241	0.08065
100	622	C	0.02059	0.91602	0.01600	0.04738
100	623	C	0.00356	0.97259	0.00312	0.02073
100	624	C	0.00401	0.96078	0.00342	0.03179
100	625	A	0.80418	0.05473	0.07364	0.06745
100	626	G	0.09323	0.05578	0.78484	0.06615
100	627	C	0.00141	0.98638	0.00120	0.01100
100	628	C	0.01426	0.91070	0.01358	0.06145
100	629	A	0.92626	0.00964	0.04897	0.01513
100	630	T	0.00789	0.08582	0.00598	0.90031
100	631	G	0.06114	0.04840	0.84011	0.05036
100	632	G	0.05773	0.01999	0.89604	0.02625
100	633	G	0.08773	0.05336	0.80079	0.05812
100	634	T	0.02632	0.09761	0.02116	0.85491
100	635	T	0.02961	0.10027	0.02415	0.84597
100	636	A	0.88597	0.02015	0.06344	0.03044
100	637	A	0.88493	0.01071	0.08736	0.01699
100	638	A	0.86213	0.02787	0.07051	0.03949
100	639	T	0.05669	0.08794	0.04262	0.81275
100	640	G	0.05542	0.04634	0.84659	0.05165
100	641	G	0.05499	0.07199	0.82132	0.05171
100	642	C	0.00398	0.96934	0.00349	0.02319
100	643	C	0.02968	0.84441	0.02661	0.09931
100	644	C	0.03093	0.83668	0.03240	0.09999
100	645	C	0.03615	0.82592	0.03366	0.10426
100	646	T	0.01378	0.04658	0.01093	0.92872
100	647	C	0.03019	0.83706	0.02787	0.10489
100	648	A	0.83988	0.04027	0.06223	0.05762
100	649	C	0.02868	0.87665	0.03241	0.06226
100	650	C	0.00395	0.96386	0.00339	0.02881
100	651	A	0.92644	0.01307	0.04025	0.02024
100	652	G	0.05235	0.01981	0.90260	0.02524
100	653	G	0.05888	0.02322	0.88744	0.03046
100	654	T	0.00843	0.02837	0.00645	0.95675
100	655	-	0.25955	0.24017	0.21437	0.28592
100	656	-	0.24866	0.28065	0.21268	0.25801
100	657	Y	0.17206	0.32881	0.17048	0.32864
100	658	-	0.21467	0.23909	0.26758	0.27866
100	659	G	0.20383	0.15340	0.47416	0.16861
100	660	-	0.32805	0.21107	0.23334	0.22754
100	661	Y	0.17736	0.37058	0.17862	0.27345
100	662	R	0.22574	0.20563	0.34997	0.21866
100	663	Y	0.17736	0.37058	0.17862	0.27345
100	664	Y	0.17736	0.37058	0.17862	0.27345
100	665	Y	0.17736	0.37058	0.17862	0.27345
100	666	R	0.22574	0.20563	0.34997	0.21866
100	667	Y	0.17736	0.37058	0.17862	0.27345
100	668	Y	0.17736	0.37058	0.17862	0.27345
100	669	R	0.22574	0.20563	0.34997	0.21866
100	670	Y	0.17736	0.37058	0.17862	0.27345
100	671	R	0.22574	0.20563	0.34997	0.21866
100	672	R	0.22574	0.20563	0.34997	0.21866
100	673	-	0.32805	0.21107	0.23334	0.22754
100	674	R	0.22574	0.20563	0.34997	0.21866
100	675	Y	0.18763	0.26835	0.18639	0.35763
100	676	Y	0.18763	0.26835	0.18639	0.35763
100	677	Y	0.17736	0.37058	0.17862	0.27345
100	678	Y	0.17736	0.37058	0.17862	0.27345
100	679	Y	0.18763	0.26835	0.18639	0.35763
100	680	-	0.32805	0.21107	0.23334	0.22754
100	681	R	0.22574	0.20563	0.34997	0.21866
100	682	Y	0.17736	0.37058	0.17862	0.27345
100	683	T	0.01271	0.03420	0.00843	0.94467
100	684	C	0.02333	0.85808	0.05845	0.06014
100	685	G	0.01428	0.00165	0.98169	0.00238
100	686	G	0.08759	0.03141	0.84173	0.03927
100	687	T	0.00405	0.01560	0.00296	0.97739
100	688	G	0.06354	0.03389	0.86285	0.03973
100	689	C	0.00737	0.94894	0.00653	0.03715
100	690	T	0.02395	0.06474	0.01988	0.89143
100	691	G	0.06566	0.01446	0.90014	0.01975
100	692	T	0.05531	0.12503	0.04693	0.77273
100	693	C	0.00150	0.98716	0.00129	0.01005
100	694	T	0.00856	0.08332	0.00653	0.90159
100	695	A	0.76618	0.05715	0.10065	0.07602
100	696	G	0.09834	0.04843	0.79451	0.05872
100	697	G	0.05693	0.02568	0.87926	0.03813
100	698	C	0.04379	0.80810	0.05808	0.09002
100	699	T	0.01369	0.08045	0.01059	0.89527
100	700	T	0.04813	0.08543	0.05033	0.81612
100	701	C	0.03236	0.82660	0.02963	0.11141
100	702	C	0.02826	0.84563	0.02625	0.09986
100	703	A	0.85642	0.02981	0.07180	0.04197
100	704	G	0.06853	0.02200	0.88104	0.02843
100	705	-	0.20310	0.26802	0.24458	0.28430
100	706	C	0.13283	0.46689	0.12876	0.27152
100	707	Y	0.15382	0.31307	0.15486	0.37825
100	708	Y	0.18719	0.29100	0.19604	0.32577
100	709	Y	0.14760	0.31963	0.14278	0.38999
100	710	C	0.07216	0.67538	0.06797	0.18449
100	711	C	0.13184	0.48814	0.12452	0.25550
100	712	Y	0.17668	0.35901	0.17591	0.28840
100	713	-	0.32949	0.20582	0.23990	0.22479
100	714	-	0.21942	0.26996	0.22568	0.28493
100	715	Y	0.17984	0.32523	0.19726	0.29767
100	716	Y	0.19213	0.31960	0.19057	0.29770
100	717	-	0.27969	0.20930	0.27791	0.23310
100	718	-	0.24005	0.26075	0.23517	0.26402
100	719	-	0.25829	0.24749	0.23800	0.25622
100	720	-	0.20825	0.29198	0.21505	0.28472
100	721	-	0.26537	0.22562	0.26313	0.24587
100	722	C	0.17062	0.40875	0.15240	0.26822
100	723	Y	0.17120	0.35798	0.16942	0.30140
100	724	Y	0.17856	0.32403	0.17631	0.32110
100	725	C	0.14490	0.50425	0.10379	0.24706
100	726	-	0.21080	0.28201	0.21095	0.29624
100	727	-	0.20245	0.29144	0.19162	0.31450
100	728	Y	0.18321	0.29033	0.17962	0.34684
100	729	Y	0.14405	0.34270	0.13773	0.37552
100	730	-	0.21662	0.27698	0.21731	0.28908
100	731	Y	0.17254	0.34014	0.17051	0.31681
100	732	Y	0.18013	0.33536	0.17780	0.30671
100	733	-	0.21633	0.29007	0.21113	0.28246
100	734	Y	0.18536	0.32936	0.18642	0.29885
100	735	H	0.20035	0.32227	0.18141	0.29597
100	736	R	0.26168	0.18108	0.36079	0.19645
100	737	G	0.24432	0.18775	0.37179	0.19613
100	738	G	0.12023	0.05691	0.75365	0.06921
100	739	T	0.16010	0.24318	0.10721	0.48951
100	740	G	0.18335	0.12865	0.51854	0.16947
100	741	G	0.11277	0.05395	0.76757	0.06571
100	742	Y	0.16392	0.30491	0.20038	0.33079
100	743	T	0.11207	0.21007	0.10512	0.57274
100	744	G	0.12616	0.06173	0.73740	0.07471
100	745	R	0.26723	0.15942	0.38312	0.19023
100	746	D	0.32353	0.19324	0.27316	0.21007
100	747	G	0.12982	0.06561	0.72565	0.07892
100	748	C	0.14422	0.46044	0.14512	0.25023
100	749	G	0.22430	0.20067	0.36099	0.21405
100	750	-	0.20986	0.27576	0.21234	0.30204
100	751	B	0.19197	0.31966	0.19997	0.28840
100	752	Y	0.18798	0.29389	0.19151	0.32662
100	753	-	0.23669	0.27381	0.22253	0.26698
100	754	A	0.54470	0.09964	0.23167	0.12399
100	755	-	0.23522	0.26772	0.22219	0.27486
100	756	T	0.09193	0.18195	0.08152	0.64459
100	757	-	0.20580	0.29643	0.22009	0.27768
100	758	G	0.24280	0.18410	0.37144	0.20166
100	759	-	0.24644	0.21258	0.31364	0.22734
100	760	-	0.21989	0.30457	0.22494	0.25060
100	761	T	0.16485	0.26592	0.16083	0.40839
100	762	Y	0.14506	0.32243	0.14090	0.39161
100	763	C	0.13077	0.45476	0.15430	0.26017
100	764	-	0.19916	0.28405	0.20043	0.31636
100	765	R	0.36321	0.18572	0.25954	0.19154
100	766	-	0.28760	0.20877	0.27791	0.22572
100	767	T	0.11180	0.32800	0.10311	0.45710
100	768	R	0.35875	0.17602	0.26553	0.19969
100	769	B	0.19164	0.31954	0.20153	0.28729
100	770	-	0.26957	0.24036	0.22850	0.26157
100	771	Y	0.12206	0.37560	0.11561	0.38672
100	772	T	0.04345	0.07418	0.03031	0.85206
100	773	A	0.82531	0.05830	0.05725	0.05913
100	774	A	0.88225	0.01479	0.08040	0.02256
100	775	A	0.99269	0.00164	0.00385	0.00182
100	776	G	0.07858	0.04671	0.82655	0.04816
100	777	A	0.98854	0.00158	0.00708	0.00279
100	778	A	0.86782	0.02453	0.07128	0.03637
100	779	G	0.05950	0.04677	0.83172	0.06201
100	780	T	0.04608	0.10621	0.04185	0.80585
100	781	C	0.00521	0.95634	0.00452	0.03394
100	782	A	0.82239	0.05262	0.05730	0.06769
100	783	A	0.98174	0.00276	0.01078	0.00471
100	784	C	0.00635	0.95321	0.00551	0.03493
100	785	C	0.00313	0.97492	0.00273	0.01922
100	786	G	0.05337	0.02013	0.90018	0.02632
100	787	A	0.85192	0.05233	0.04908	0.04668
100	788	G	0.02901	0.00751	0.95328	0.01020
100	789	C	0.00138	0.98886	0.00290	0.00686
100	790	A	0.84689	0.04564	0.03666	0.07080
100	791	T	0.00551	0.03349	0.00410	0.95690
100	792	T	0.00949	0.10599	0.00743	0.87709
100	793	Y	0.13555	0.36612	0.13020	0.36812
100	794	Y	0.15991	0.35933	0.15304	0.32773
100	795	C	0.12235	0.52539	0.11822	0.23404
100	796	-	0.20061	0.24251	0.27067	0.28622
100	797	A	0.36081	0.21002	0.21512	0.21405
100	798	Y	0.15221	0.28897	0.14689	0.41194
100	799	-	0.20560	0.29311	0.19164	0.30965
100	800	-	0.28226	0.23967	0.23169	0.24638
100	801	Y	0.14877	0.41235	0.14632	0.29256
100	802	-	0.24869	0.24046	0.27078	0.24007
100	803	Y	0.15221	0.28897	0.14689	0.41194
100	804	-	0.24869	0.24046	0.27078	0.24007
100	805	-	0.26130	0.24058	0.25765	0.24047
100	806	Y	0.16305	0.33303	0.16006	0.34387
100	807	-	0.20721	0.27324	0.27454	0.24501
100	808	Y	0.17315	0.37999	0.17388	0.27299
100	809	Y	0.16305	0.33303	0.16006	0.34387
100	810	Y	0.18176	0.31017	0.18463	0.32345
100	811	Y	0.18176	0.31017	0.18463	0.32345
100	812	C	0.15069	0.43695	0.15184	0.26052
100	813	Y	0.15554	0.30744	0.15125	0.38576
100	814	-	0.22747	0.24999	0.28072	0.24181
100	815	C	0.10678	0.56275	0.10398	0.22649
100	816	C	0.13185	0.48181	0.12958	0.25676
100	817	C	0.10678	0.56275	0.10398	0.22649
100	818	Y	0.15012	0.38055	0.14692	0.32241
100	819	-	0.20488	0.28231	0.24851	0.26430
100	820	C	0.15069	0.43695	0.15184	0.26052
100	821	Y	0.15554	0.30744	0.15125	0.38576
100	822	B	0.21160	0.22458	0.34287	0.22095
100	823	B	0.21160	0.22458	0.34287	0.22095
100	824	-	0.22747	0.24999	0.28072	0.24181
100	825	C	0.15548	0.41755	0.15444	0.27252
100	826	-	0.19935	0.27251	0.29974	0.22839
100	827	G	0.21427	0.19795	0.38105	0.20672
100	828	A	0.44946	0.16832	0.19995	0.18226
100	829	G	0.19345	0.13137	0.52904	0.14613
100	830	C	0.16311	0.37759	0.22470	0.23460
100	831	-	0.27700	0.22058	0.26905	0.23337
100	832	Y	0.11884	0.40440	0.11259	0.36417
100	833	Y	0.16446	0.35826	0.16123	0.31604
100	834	C	0.08316	0.53201	0.07730	0.30753
100	835	-	0.18909	0.28673	0.21453	0.30966
100	836	C	0.08361	0.63937	0.07788	0.19914
100	837	-	0.21127	0.30443	0.19358	0.29071
100	838	-	0.23110	0.27795	0.23273	0.25823
100	839	T	0.17574	0.23957	0.21820	0.36649
100	840	Y	0.14153	0.31688	0.13445	0.40713
100	841	T	0.07432	0.15933	0.06430	0.70204
100	842	-	0.21690	0.27751	0.19288	0.31271
100	843	B	0.18227	0.26451	0.21526	0.33795
100	844	G	0.21369	0.17231	0.42545	0.18855
100	845	A	0.62340	0.09344	0.16554	0.11761
100	846	D	0.32541	0.18845	0.27646	0.20968
100	847	C	0.06741	0.56625	0.06164	0.30470
100	848	C	0.10989	0.47100	0.10408	0.31503
100	849	C	0.06653	0.70041	0.06090	0.17215
100	850	Y	0.20910	0.34464	0.17872	0.26755
100	851	Y	0.19201	0.30300	0.18345	0.32155
100	852	Y	0.18257	0.33149	0.18717	0.29877
100	853	Y	0.19535	0.34398	0.19433	0.26634
100	854	Y	0.18494	0.33400	0.18092	0.30014
100	855	C	0.11588	0.51409	0.11247	0.25756
100	856	Y	0.16676	0.39484	0.16460	0.27381
100	857	C	0.15452	0.42215	0.15252	0.27081
100	858	T	0.12541	0.24447	0.11713	0.51298
100	859	-	0.19633	0.28651	0.19805	0.31910
100	860	-	0.21488	0.27152	0.22497	0.28863
100	861	Y	0.19010	0.32051	0.18914	0.30025
100	862	Y	0.18115	0.33486	0.18000	0.30400
100	863	Y	0.16572	0.39194	0.16711	0.27523
100	864	Y	0.17613	0.34602	0.17553	0.30232
100	865	Y	0.18271	0.29555	0.18411	0.33763
100	866	Y	0.17791	0.29482	0.17372	0.35356
100	867	-	0.19540	0.31065	0.22348	0.27046
100	868	-	0.21302	0.26116	0.28162	0.24420
100	869	-	0.27656	0.22591	0.27012	0.22740
100	870	-	0.21883	0.27812	0.22089	0.28216
100	871	C	0.11187	0.54818	0.10926	0.23069
100	872	C	0.15738	0.41959	0.16089	0.26214
100	873	Y	0.15508	0.29672	0.15041	0.39779
100	874	Y	0.18113	0.32177	0.18065	0.31646
100	875	-	0.20070	0.31043	0.21162	0.27724
100	876	G	0.21300	0.21218	0.36124	0.21359
100	877	Y	0.16893	0.38748	0.16939	0.27421
100	878	Y	0.17954	0.34734	0.16573	0.30739
100	879	C	0.10747	0.55971	0.10371	0.22911
100	880	H	0.34161	0.23006	0.20733	0.22099
100	881	C	0.14773	0.43402	0.14546	0.27279
100	882	C	0.09574	0.59415	0.09240	0.21771
100	883	-	0.20223	0.30984	0.20914	0.27880
100	884	-	0.20189	0.30497	0.22858	0.26456
100	885	-	0.22074	0.30870	0.20336	0.26720
100	886	-	0.20189	0.30497	0.22858	0.26456
100	887	-	0.20189	0.30497	0.22858	0.26456
100	888	-	0.20189	0.30497	0.22858	0.26456
100	889	C	0.14267	0.46097	0.14156	0.25480
100	890	-	0.20189	0.30497	0.22858	0.26456
100	891	-	0.22074	0.30870	0.20336	0.26720
100	892	C	0.14267	0.46097	0.14156	0.25480
100	893	-	0.22074	0.30870	0.20336	0.26720
100	894	Y	0.17312	0.38115	0.17401	0.27171
100	895	Y	0.18403	0.26664	0.18220	0.36713
100	896	Y	0.17312	0.38115	0.17401	0.27171
100	897	Y	0.18403	0.26664	0.18220	0.36713
100	898	Y	0.17312	0.38115	0.17401	0.27171
100	899	Y	0.17312	0.38115	0.17401	0.27171
100	900	Y	0.17312	0.38115	0.17401	0.27171
100	901	Y	0.18403	0.26664	0.18220	0.36713
100	902	Y	0.17312	0.38115	0.17401	0.27171
100	903	Y	0.17312	0.38115	0.17401	0.27171
100	904	Y	0.17312	0.38115	0.17401	0.27171
100	905	Y	0.17312	0.38115	0.17401	0.27171
100	906	Y	0.17312	0.38115	0.17401	0.27171
100	907	Y	0.17312	0.38115	0.17401	0.27171
100	908	Y	0.17312	0.38115	0.17401	0.27171
100	909	Y	0.17312	0.38115	0.17401	0.27171
100	910	Y	0.17312	0.38115	0.17401	0.27171
100	911	Y	0.17312	0.38115	0.17401	0.27171
100	912	Y	0.18403	0.26664	0.18220	0.36713
100	913	D	0.33905	0.20603	0.23175	0.22317
100	914	D	0.33905	0.20603	0.23175	0.22317
100	915	Y	0.17312	0.38115	0.17401	0.27171
100	916	G	0.22420	0.20034	0.36172	0.21374
100	917	Y	0.18403	0.26664	0.18220	0.36713
100	918	Y	0.18403	0.26664	0.18220	0.36713
100	919	D	0.33905	0.20603	0.23175	0.22317
100	920	Y	0.17312	0.38115	0.17401	0.27171
100	921	Y	0.18403	0.26664	0.18220	0.36713
100	922	G	0.00416	0.00076	0.99396	0.00112
100	923	A	0.87012	0.00877	0.10691	0.01419
100	924	A	0.85867	0.02892	0.02486	0.08755
100	925	C	0.00585	0.95536	0.00525	0.03354
100	926	A	0.88302	0.01900	0.06971	0.02827
100	927	A	0.96519	0.00642	0.01813	0.01026
100	928	A	0.96152	0.00480	0.02545	0.00823
100	929	A	0.87051	0.00599	0.11359	0.00992
100	930	C	0.02150	0.87520	0.01947	0.08383
100	931	C	0.00512	0.90084	0.00419	0.08985
100	932	T	0.02050	0.01731	0.10212	0.86007
100	933	C	0.00670	0.95814	0.01652	0.01864
100	934	A	0.86788	0.01295	0.01322	0.10594
100	935	G	0.04672	0.03913	0.84102	0.07313
100	936	T	0.01846	0.03471	0.01556	0.93127
100	937	G	0.00052	0.00005	0.99935	0.00009
100	938	G	0.00057	0.00000	0.99941	0.00001
100	939	G	0.00048	0.00003	0.99944	0.00006
100	940	T	0.00015	0.00063	0.00014	0.99908
100	941	A	0.99930	0.00005	0.00054	0.00011
100	942	T	0.00039	0.00196	0.00024	0.99741
100	943	G	0.00009	0.00001	0.99989	0.00001
100	944	G	0.00095	0.00008	0.99884	0.00013
100	945	T	0.00021	0.00189	0.00013	0.99776
100	946	G	0.19822	0.00265	0.79446	0.00467
100	947	G	0.00007	0.00000	0.99991	0.00001
100	948	-	0.29509	0.19816	0.31093	0.19582
100	949	T	0.07179	0.18512	0.06266	0.68042
100	950	G	0.21663	0.12444	0.51037	0.14856
100	951	T	0.13479	0.24197	0.13322	0.49002
100	952	G	0.21003	0.13384	0.50412	0.15201
100	953	-	0.23679	0.25515	0.20505	0.30300
100	954	G	0.22034	0.17252	0.41942	0.18772
