18
rf_1_NC_003976_ 0.0000000 0.6308357 1.2453562 1.6980069 2.0260716 2.5413891 1.8679701 1.9380453 1.8596216 2.1041864 2.1371999 1.9935812 2.0053114 1.9757335 1.7607427 2.0396653 1.9419510 2.0257414 
rf_1_NC_024767_ 0.6308357 0.0000000 0.5875343 2.1072169 2.3256107 2.7186575 1.7080324 1.8061094 1.8171227 1.9858764 2.1891055 2.1713776 2.1337543 2.1304083 1.9604338 2.0141019 2.5615214 2.5032865 
rf_1_NC_024766_ 1.2453562 0.5875343 0.0000000 1.8527216 2.1500230 2.8737301 1.6703807 2.1746088 1.8801559 1.9781349 2.2573606 2.2620083 2.1270203 2.1404358 2.6461713 2.5910139 2.2961855 2.2978061 
rf_1_NC_018668_ 1.6980069 2.1072169 1.8527216 0.0000000 1.2524465 1.4533315 1.4226078 1.5510291 1.7342002 1.7025767 1.3227978 1.3850920 1.5062638 1.5077859 1.6880615 1.4315301 1.7739116 1.7657158 
rf_1_NC_003983_ 2.0260716 2.3256107 2.1500230 1.2524465 0.0000000 1.8158640 1.6559331 1.6189715 1.7539352 1.7938913 1.1752546 1.3984848 1.4412851 1.4359526 2.0105560 1.6507752 1.9738801 2.0804982 
rf_1_NC_010354_ 2.5413891 2.7186575 2.8737301 1.4533315 1.8158640 0.0000000 1.2948259 1.3202945 1.3261670 1.3291915 1.1958911 1.3248949 1.4091832 1.4126800 2.0742528 1.6115595 2.1253647 2.0205539 
rf_1_NC_012802_ 1.8679701 1.7080324 1.6703807 1.4226078 1.6559331 1.2948259 0.0000000 0.2881867 0.3997566 0.4350519 1.1468467 1.2232197 1.1596346 1.1707266 1.5940767 1.8389710 2.0871823 2.0597569 
rf_1_NC_012798_ 1.9380453 1.8061094 2.1746088 1.5510291 1.6189715 1.3202945 0.2881867 0.0000000 0.4513264 0.4502251 1.2393633 1.3025418 1.3524474 1.3436273 1.7156014 1.8371106 2.3273656 2.2774890 
rf_1_NC_012801_ 1.8596216 1.8171227 1.8801559 1.7342002 1.7539352 1.3261670 0.3997566 0.4513264 0.0000000 0.3835762 1.1956319 1.2135482 1.1293561 1.1194419 1.5481953 1.7500798 2.2188679 2.1844114 
rf_1_NC_012800_ 2.1041864 1.9858764 1.9781349 1.7025767 1.7938913 1.3291915 0.4350519 0.4502251 0.3835762 0.0000000 1.1198969 1.1592368 1.1612222 1.1600650 1.6571792 1.6501355 2.2272527 2.1881782 
rf_1_NC_001479_ 2.1371999 2.1891055 2.2573606 1.3227978 1.1752546 1.1958911 1.1468467 1.2393633 1.1956319 1.1198969 0.0000000 0.4857859 0.5515838 0.5529200 1.7339852 1.7218274 1.7048005 1.7673510 
rf_1_NC_001366_ 1.9935812 2.1713776 2.2620083 1.3850920 1.3984848 1.3248949 1.2232197 1.3025418 1.2135482 1.1592368 0.4857859 0.0000000 0.2783800 0.2756736 1.9089835 1.9418001 1.9522877 1.9483631 
rf_1_NC_010810_ 2.0053114 2.1337543 2.1270203 1.5062638 1.4412851 1.4091832 1.1596346 1.3524474 1.1293561 1.1612222 0.5515838 0.2783800 0.0000000 0.0112626 1.8370527 1.7064720 1.7838466 1.7661084 
rf_1_NC_009448_ 1.9757335 2.1304083 2.1404358 1.5077859 1.4359526 1.4126800 1.1707266 1.3436273 1.1194419 1.1600650 0.5529200 0.2756736 0.0112626 0.0000000 1.8119157 1.6808950 1.7822456 1.7644680 
rf_1_NC_021178_ 1.7607427 1.9604338 2.6461713 1.6880615 2.0105560 2.0742528 1.5940767 1.7156014 1.5481953 1.6571792 1.7339852 1.9089835 1.8370527 1.8119157 0.0000000 1.2111384 1.2129956 1.2050622 
rf_1_NC_024770_ 2.0396653 2.0141019 2.5910139 1.4315301 1.6507752 1.6115595 1.8389710 1.8371106 1.7500798 1.6501355 1.7218274 1.9418001 1.7064720 1.6808950 1.2111384 0.0000000 0.6116908 0.6348382 
rf_1_NC_028380_ 1.9419510 2.5615214 2.2961855 1.7739116 1.9738801 2.1253647 2.0871823 2.3273656 2.2188679 2.2272527 1.7048005 1.9522877 1.7838466 1.7822456 1.2129956 0.6116908 0.0000000 0.0787974 
rf_1_NC_023861_ 2.0257414 2.5032865 2.2978061 1.7657158 2.0804982 2.0205539 2.0597569 2.2774890 2.1844114 2.1881782 1.7673510 1.9483631 1.7661084 1.7644680 1.2050622 0.6348382 0.0787974 0.0000000 
