16
rf_1_NC_001617_ 0.0000000 0.9014643 0.9304600 1.0276952 1.0822175 1.0882545 0.9239462 1.0185249 0.9675304 0.8954462 0.8457593 0.8557069 0.8948562 1.0079549 0.8838913 0.8966224 
rf_1_NC_009996_ 0.9014643 0.0000000 0.7520297 1.0613102 1.0729447 1.0755100 1.0354000 0.8906391 0.9561970 0.9960759 0.8944516 0.8872624 0.8908749 0.9435759 0.8817589 0.8900514 
rf_1_NC_001490_ 0.9304600 0.7520297 0.0000000 0.8332773 0.8519137 0.8642296 0.9417672 0.7656419 0.7048988 0.6677517 0.6907501 0.7047448 0.7955820 0.8569866 0.7718036 0.7707060 
rf_1_NC_029905_ 1.0276952 1.0613102 0.8332773 0.0000000 0.8640840 0.8918912 0.8545130 0.6896360 0.7567486 0.7436367 0.7255696 0.6798767 0.8145814 0.9392193 0.8090619 0.7939265 
rf_1_NC_001612_ 1.0822175 1.0729447 0.8519137 0.8640840 0.0000000 0.0244322 0.9671582 0.7314763 0.5876149 0.6227089 0.5924902 0.5886835 0.7168552 0.8166495 0.7539236 0.7390115 
rf_1_NC_030454_ 1.0882545 1.0755100 0.8642296 0.8918912 0.0244322 0.0000000 0.9710678 0.7395143 0.5930416 0.6302791 0.6128342 0.5980077 0.7032690 0.8369913 0.7593408 0.7443033 
rf_1_NC_003988_ 0.9239462 1.0354000 0.9417672 0.8545130 0.9671582 0.9710678 0.0000000 0.6888919 0.6101519 0.5779585 0.5106960 0.5415226 0.6998259 0.7440296 0.7179556 0.7116326 
rf_1_NC_001430_ 1.0185249 0.8906391 0.7656419 0.6896360 0.7314763 0.7395143 0.6888919 0.0000000 0.3729143 0.3952637 0.3980012 0.4159103 0.6533977 0.6894489 0.6205419 0.6243759 
rf_1_NC_002058_ 0.9675304 0.9561970 0.7048988 0.7567486 0.5876149 0.5930416 0.6101519 0.3729143 0.0000000 0.4007719 0.3386958 0.3501259 0.5257782 0.5979549 0.5764061 0.5635507 
rf_1_NC_001472_ 0.8954462 0.9960759 0.6677517 0.7436367 0.6227089 0.6302791 0.5779585 0.3952637 0.4007719 0.0000000 0.2250177 0.2630808 0.5289449 0.5625796 0.5343663 0.5189427 
rf_1_NC_013695_ 0.8457593 0.8944516 0.6907501 0.7255696 0.5924902 0.6128342 0.5106960 0.3980012 0.3386958 0.2250177 0.0000000 0.1298693 0.4671143 0.5586332 0.5052278 0.4812703 
rf_1_NC_010415_ 0.8557069 0.8872624 0.7047448 0.6798767 0.5886835 0.5980077 0.5415226 0.4159103 0.3501259 0.2630808 0.1298693 0.0000000 0.4886431 0.5403723 0.4906523 0.4612203 
rf_1_NC_034267_ 0.8948562 0.8908749 0.7955820 0.8145814 0.7168552 0.7032690 0.6998259 0.6533977 0.5257782 0.5289449 0.4671143 0.4886431 0.0000000 0.4237910 0.4280972 0.4046814 
rf_1_NC_001859_ 1.0079549 0.9435759 0.8569866 0.9392193 0.8166495 0.8369913 0.7440296 0.6894489 0.5979549 0.5625796 0.5586332 0.5403723 0.4237910 0.0000000 0.2377938 0.2156730 
rf_1_NC_008714_ 0.8838913 0.8817589 0.7718036 0.8090619 0.7539236 0.7593408 0.7179556 0.6205419 0.5764061 0.5343663 0.5052278 0.4906523 0.4280972 0.2377938 0.0000000 0.0526450 
rf_1_NC_021220_ 0.8966224 0.8900514 0.7707060 0.7939265 0.7390115 0.7443033 0.7116326 0.6243759 0.5635507 0.5189427 0.4812703 0.4612203 0.4046814 0.2156730 0.0526450 0.0000000 
