Node	Site	State 	p_A	p_C	p_G	p_T
97	1	T	0.06128	0.10039	0.03525	0.80308
97	2	T	0.06128	0.10039	0.03525	0.80308
97	3	T	0.00000	0.00000	0.00000	1.00000
97	4	T	0.00003	0.00002	0.00000	0.99995
97	5	T	0.01318	0.00021	0.00003	0.98658
97	6	A	1.00000	0.00000	0.00000	0.00000
97	7	A	1.00000	0.00000	0.00000	0.00000
97	8	A	0.99997	0.00001	0.00001	0.00001
97	9	C	0.00000	0.99997	0.00000	0.00003
97	10	A	0.99999	0.00000	0.00001	0.00000
97	11	G	0.00003	0.00000	0.99997	0.00000
97	12	C	0.00010	0.97011	0.00002	0.02977
97	13	C	0.00001	0.99980	0.00000	0.00019
97	14	T	0.00016	0.00213	0.00002	0.99769
97	15	G	0.00037	0.00002	0.99957	0.00004
97	16	G	0.00018	0.00001	0.99979	0.00002
97	17	G	0.00000	0.00000	1.00000	0.00000
97	18	G	0.00001	0.00000	0.99999	0.00000
97	19	G	0.00000	0.00000	1.00000	0.00000
97	20	T	0.00000	0.00000	0.00000	1.00000
97	21	G	0.19539	0.14497	0.50644	0.15320
97	22	G	0.19539	0.14497	0.50644	0.15320
97	23	C	0.16446	0.46398	0.14497	0.22659
97	24	A	0.45736	0.16446	0.19539	0.18279
97	25	G	0.19539	0.14497	0.50644	0.15320
97	26	C	0.16446	0.46398	0.14497	0.22659
97	27	T	0.18279	0.22659	0.15320	0.43742
97	28	T	0.18279	0.22659	0.15320	0.43742
97	29	T	0.18279	0.22659	0.15320	0.43742
97	30	G	0.19539	0.14497	0.50644	0.15320
97	31	G	0.19539	0.14497	0.50644	0.15320
97	32	C	0.16446	0.46398	0.14497	0.22659
97	33	T	0.18279	0.22659	0.15320	0.43742
97	34	G	0.19539	0.14497	0.50644	0.15320
97	35	T	0.18279	0.22659	0.15320	0.43742
97	36	C	0.16446	0.46398	0.14497	0.22659
97	37	A	0.45736	0.16446	0.19539	0.18279
97	38	T	0.18279	0.22659	0.15320	0.43742
97	39	G	0.19539	0.14497	0.50644	0.15320
97	40	C	0.16446	0.46398	0.14497	0.22659
97	41	C	0.16446	0.46398	0.14497	0.22659
97	42	G	0.19539	0.14497	0.50644	0.15320
97	43	T	0.00000	0.00000	0.00000	1.00000
97	44	G	0.00000	0.00000	1.00000	0.00000
97	45	T	0.00000	0.00000	0.00000	1.00000
97	46	T	0.03280	0.00488	0.00061	0.96171
97	47	C	0.00000	1.00000	0.00000	0.00000
97	48	C	0.00000	1.00000	0.00000	0.00000
97	49	C	0.00000	0.99999	0.00000	0.00001
97	50	C	0.16446	0.46398	0.14497	0.22659
97	51	T	0.18279	0.22659	0.15320	0.43742
97	52	T	0.18279	0.22659	0.15320	0.43742
97	53	T	0.18279	0.22659	0.15320	0.43742
97	54	T	0.18279	0.22659	0.15320	0.43742
97	55	A	1.00000	0.00000	0.00000	0.00000
97	56	C	0.00000	1.00000	0.00000	0.00000
97	57	C	0.00000	1.00000	0.00000	0.00000
97	58	C	0.00000	1.00000	0.00000	0.00000
97	59	C	0.00002	0.99950	0.00001	0.00047
97	60	T	0.00050	0.00822	0.00007	0.99120
97	61	G	0.00028	0.00001	0.99968	0.00002
97	62	G	0.00013	0.00001	0.99985	0.00001
97	63	G	0.00002	0.00000	0.99998	0.00000
97	64	G	0.00002	0.00000	0.99998	0.00000
97	65	C	0.00000	1.00000	0.00000	0.00000
97	66	C	0.00000	0.99999	0.00000	0.00001
97	67	C	0.00000	1.00000	0.00000	0.00000
97	68	A	1.00000	0.00000	0.00000	0.00000
97	69	C	0.00000	0.99992	0.00000	0.00008
97	70	G	0.00004	0.00000	0.99995	0.00000
97	71	T	0.00001	0.00008	0.00000	0.99990
97	72	G	0.00000	0.00000	1.00000	0.00000
97	73	G	0.00000	0.00000	1.00000	0.00000
97	74	C	0.00001	0.99986	0.00000	0.00013
97	75	G	0.00000	0.00000	1.00000	0.00000
97	76	G	0.13082	0.07403	0.71223	0.08292
97	77	C	0.00005	0.99872	0.00004	0.00118
97	78	T	0.00000	0.00003	0.00000	0.99996
97	79	A	0.99997	0.00000	0.00002	0.00001
97	80	G	0.00000	0.00000	1.00000	0.00000
97	81	T	0.00006	0.01771	0.00001	0.98223
97	82	A	0.99994	0.00000	0.00005	0.00001
97	83	C	0.00000	0.99998	0.00000	0.00002
97	84	T	0.00000	0.00001	0.00000	0.99998
97	85	C	0.00000	0.99997	0.00000	0.00003
97	86	T	0.00000	0.00002	0.00000	0.99998
97	87	G	0.00000	0.00000	1.00000	0.00000
97	88	G	0.00001	0.00000	0.99999	0.00000
97	89	T	0.00000	0.00000	0.00000	1.00000
97	90	A	0.99964	0.00002	0.00006	0.00028
97	91	C	0.00002	0.99885	0.00001	0.00111
97	92	G	0.00038	0.00002	0.99956	0.00004
97	93	C	0.00022	0.98324	0.00005	0.01648
97	94	T	0.00001	0.00008	0.00000	0.99991
97	95	T	0.14470	0.19660	0.10974	0.54897
97	96	T	0.14470	0.19660	0.10974	0.54897
97	97	A	0.57467	0.12220	0.15843	0.14470
97	98	C	0.12220	0.58074	0.10046	0.19660
97	99	C	0.12220	0.58074	0.10046	0.19660
97	100	T	0.14470	0.19660	0.10974	0.54897
97	101	C	0.12220	0.58074	0.10046	0.19660
97	102	G	0.15843	0.10046	0.63137	0.10974
97	103	G	0.15843	0.10046	0.63137	0.10974
97	104	T	0.14470	0.19660	0.10974	0.54897
97	105	A	0.57467	0.12220	0.15843	0.14470
97	106	T	0.14470	0.19660	0.10974	0.54897
97	107	T	0.14470	0.19660	0.10974	0.54897
97	108	A	0.57467	0.12220	0.15843	0.14470
97	109	C	0.12220	0.58074	0.10046	0.19660
97	110	G	0.15843	0.10046	0.63137	0.10974
97	111	G	0.15843	0.10046	0.63137	0.10974
97	112	T	0.14470	0.19660	0.10974	0.54897
97	113	A	0.57467	0.12220	0.15843	0.14470
97	114	C	0.12220	0.58074	0.10046	0.19660
97	115	C	0.12220	0.58074	0.10046	0.19660
97	116	G	0.15843	0.10046	0.63137	0.10974
97	117	A	0.57467	0.12220	0.15843	0.14470
97	118	T	0.14470	0.19660	0.10974	0.54897
97	119	G	0.15843	0.10046	0.63137	0.10974
97	120	T	0.14470	0.19660	0.10974	0.54897
97	121	A	0.57467	0.12220	0.15843	0.14470
97	122	T	0.14470	0.19660	0.10974	0.54897
97	123	A	0.57467	0.12220	0.15843	0.14470
97	124	C	0.05994	0.71597	0.03502	0.18907
97	125	A	0.99997	0.00000	0.00001	0.00001
97	126	G	0.00000	0.00000	1.00000	0.00000
97	127	T	0.00017	0.00012	0.00000	0.99970
97	128	A	0.99999	0.00000	0.00001	0.00000
97	129	C	0.00000	0.99998	0.00000	0.00002
97	130	C	0.00000	0.99999	0.00000	0.00001
97	131	T	0.00002	0.00026	0.00000	0.99972
97	132	T	0.00000	0.00000	0.00000	1.00000
97	133	T	0.18279	0.22659	0.15320	0.43742
97	134	C	0.16446	0.46398	0.14497	0.22659
97	135	C	0.16446	0.46398	0.14497	0.22659
97	136	C	0.16446	0.46398	0.14497	0.22659
97	137	T	0.18279	0.22659	0.15320	0.43742
97	138	G	0.19539	0.14497	0.50644	0.15320
97	139	T	0.18279	0.22659	0.15320	0.43742
97	140	A	0.45736	0.16446	0.19539	0.18279
97	141	G	0.19539	0.14497	0.50644	0.15320
97	142	G	0.19539	0.14497	0.50644	0.15320
97	143	C	0.16446	0.46398	0.14497	0.22659
97	144	T	0.00000	0.00000	0.00000	1.00000
97	145	G	0.00001	0.00000	0.99999	0.00000
97	146	T	0.00001	0.00017	0.00000	0.99983
97	147	A	1.00000	0.00000	0.00000	0.00000
97	148	C	0.00000	1.00000	0.00000	0.00000
97	149	G	0.00000	0.00000	0.99999	0.00000
97	150	C	0.00000	1.00000	0.00000	0.00000
97	151	C	0.00000	1.00000	0.00000	0.00000
97	152	T	0.00000	0.00000	0.00000	1.00000
97	153	G	0.00006	0.00000	0.99993	0.00001
97	154	T	0.00000	0.00000	0.00000	1.00000
97	155	T	0.00000	0.00000	0.00000	1.00000
97	156	T	0.00000	0.00000	0.00000	1.00000
97	157	T	0.00000	0.00002	0.00000	0.99997
97	158	C	0.00070	0.91298	0.00016	0.08615
97	159	C	0.00001	0.99979	0.00000	0.00020
97	160	C	0.00006	0.99867	0.00002	0.00125
97	161	C	0.00004	0.99836	0.00001	0.00159
97	162	T	0.15023	0.21553	0.00129	0.63295
97	163	A	0.54276	0.13344	0.16870	0.15509
97	164	A	0.54276	0.13344	0.16870	0.15509
97	165	C	0.13344	0.54907	0.11203	0.20546
97	166	C	0.13344	0.54907	0.11203	0.20546
97	167	T	0.06914	0.06708	0.02367	0.84011
97	168	C	0.00000	1.00000	0.00000	0.00000
97	169	C	0.00000	1.00000	0.00000	0.00000
97	170	C	0.00005	0.99867	0.00002	0.00126
97	171	T	0.00001	0.00007	0.00000	0.99991
97	172	T	0.00002	0.00009	0.00000	0.99989
97	173	A	0.99987	0.00001	0.00007	0.00005
97	174	A	0.99989	0.00001	0.00006	0.00004
97	175	A	0.99990	0.00001	0.00005	0.00004
97	176	T	0.00037	0.01409	0.00006	0.98548
97	177	A	0.99997	0.00000	0.00001	0.00001
97	178	A	0.99997	0.00000	0.00001	0.00001
97	179	A	0.99987	0.00001	0.00007	0.00005
97	180	T	0.00001	0.00005	0.00000	0.99994
97	181	T	0.00053	0.03806	0.00009	0.96131
97	182	A	0.99997	0.00000	0.00001	0.00001
97	183	A	0.99990	0.00001	0.00005	0.00004
97	184	G	0.00009	0.00000	0.99990	0.00001
97	185	A	0.94787	0.00189	0.04754	0.00270
97	186	T	0.00001	0.00005	0.00000	0.99994
97	187	T	0.00007	0.00048	0.00001	0.99943
97	188	G	0.15470	0.00051	0.84327	0.00152
97	189	C	0.00000	0.99994	0.00000	0.00006
97	190	C	0.00002	0.99952	0.00001	0.00046
97	191	A	0.99602	0.00010	0.00352	0.00036
97	192	C	0.00009	0.99851	0.00008	0.00132
97	193	T	0.00048	0.00260	0.00020	0.99671
97	194	A	0.99989	0.00001	0.00006	0.00004
97	195	C	0.00003	0.99943	0.00001	0.00053
97	196	T	0.00038	0.03881	0.00007	0.96075
97	197	G	0.00006	0.00000	0.99993	0.00001
97	198	A	0.99978	0.00002	0.00011	0.00009
97	199	G	0.00006	0.00000	0.99993	0.00001
97	200	G	0.00006	0.00000	0.99993	0.00001
97	201	G	0.00006	0.00000	0.99993	0.00001
97	202	G	0.00009	0.00000	0.99990	0.00001
97	203	A	0.99997	0.00000	0.00001	0.00001
97	204	G	0.00009	0.00000	0.99990	0.00001
97	205	T	0.00001	0.00005	0.00000	0.99994
97	206	A	0.99989	0.00001	0.00006	0.00004
97	207	G	0.00037	0.00007	0.99950	0.00006
97	208	T	0.00018	0.00070	0.00002	0.99910
97	209	C	0.00001	0.99986	0.00000	0.00013
97	210	C	0.00001	0.99986	0.00000	0.00013
97	211	G	0.00004	0.00000	0.99995	0.00000
97	212	A	0.99994	0.00001	0.00003	0.00002
97	213	C	0.00001	0.99986	0.00000	0.00013
97	214	T	0.00002	0.00011	0.00000	0.99987
97	215	C	0.00004	0.99837	0.00001	0.00158
97	216	C	0.00001	0.99986	0.00000	0.00013
97	217	G	0.00004	0.00000	0.99995	0.00000
97	218	C	0.00001	0.99986	0.00000	0.00013
97	219	T	0.00013	0.00065	0.00002	0.99920
97	220	C	0.00001	0.99986	0.00000	0.00013
97	221	C	0.00001	0.99986	0.00000	0.00013
97	222	A	0.86347	0.00300	0.12929	0.00424
97	223	G	0.00088	0.00012	0.99889	0.00010
97	224	C	0.00064	0.91268	0.00015	0.08654
97	225	A	0.99994	0.00001	0.00003	0.00002
97	226	C	0.01177	0.98096	0.00041	0.00685
97	227	T	0.31288	0.07649	0.06324	0.54739
97	228	G	0.00020	0.00001	0.99977	0.00002
97	229	C	0.00001	0.99975	0.00000	0.00023
97	230	T	0.00133	0.09358	0.00025	0.90484
97	231	G	0.00020	0.00001	0.99976	0.00002
97	232	C	0.00004	0.99917	0.00001	0.00078
97	233	A	0.99761	0.00087	0.00055	0.00096
97	234	C	0.00001	0.99986	0.00000	0.00013
97	235	C	0.00004	0.99917	0.00001	0.00078
97	236	A	0.99966	0.00003	0.00020	0.00012
97	237	G	0.00020	0.00001	0.99977	0.00002
97	238	T	0.00013	0.00065	0.00002	0.99920
97	239	G	0.00054	0.00001	0.99942	0.00003
97	240	C	0.03957	0.94832	0.00081	0.01130
97	241	A	0.99727	0.00014	0.00215	0.00044
97	242	C	0.00001	0.99986	0.00000	0.00013
97	243	T	0.00014	0.00075	0.00002	0.99908
97	244	G	0.00004	0.00000	0.99995	0.00000
97	245	G	0.00020	0.00001	0.99977	0.00002
97	246	T	0.00002	0.00011	0.00000	0.99987
97	247	A	0.99964	0.00004	0.00018	0.00014
97	248	C	0.00012	0.99491	0.00004	0.00494
97	249	G	0.00074	0.00031	0.99879	0.00016
97	250	C	0.00016	0.99659	0.00014	0.00311
97	251	T	0.00018	0.00235	0.00003	0.99745
97	252	A	0.99948	0.00002	0.00040	0.00009
97	253	G	0.00006	0.00000	0.99993	0.00001
97	254	T	0.00010	0.00053	0.00001	0.99935
97	255	A	0.99990	0.00001	0.00005	0.00004
97	256	C	0.00000	0.99991	0.00000	0.00009
97	257	C	0.00001	0.99981	0.00000	0.00018
97	258	T	0.00010	0.00066	0.00001	0.99922
97	259	T	0.00002	0.00012	0.00000	0.99985
97	260	T	0.00015	0.00244	0.00002	0.99739
97	261	T	0.00367	0.00894	0.00774	0.97964
97	262	C	0.00012	0.99274	0.00003	0.00710
97	263	A	0.99991	0.00001	0.00005	0.00003
97	264	C	0.00000	0.99991	0.00000	0.00009
97	265	G	0.00007	0.00000	0.99991	0.00001
97	266	G	0.00016	0.00001	0.99981	0.00002
97	267	A	0.95886	0.00031	0.03987	0.00096
97	268	G	0.00030	0.00002	0.99965	0.00003
97	269	T	0.00001	0.00004	0.00000	0.99996
97	270	A	0.99823	0.00037	0.00075	0.00065
97	271	G	0.00079	0.00002	0.99915	0.00004
97	272	A	0.79480	0.01694	0.00321	0.18505
97	273	T	0.00168	0.26524	0.00025	0.73283
97	274	G	0.00035	0.00002	0.99959	0.00004
97	275	G	0.00011	0.00001	0.99987	0.00001
97	276	T	0.00147	0.07293	0.00020	0.92539
97	277	A	0.99955	0.00004	0.00026	0.00016
97	278	T	0.00028	0.00937	0.00004	0.99031
97	279	C	0.00002	0.99939	0.00001	0.00058
97	280	C	0.00000	0.99999	0.00000	0.00001
97	281	C	0.00000	1.00000	0.00000	0.00000
97	282	C	0.00004	0.98542	0.00001	0.01453
97	283	C	0.01413	0.57523	0.00394	0.40670
97	284	A	0.99630	0.00054	0.00177	0.00139
97	285	T	0.15238	0.20320	0.11813	0.52630
97	286	G	0.16604	0.10897	0.60686	0.11813
97	287	A	0.55109	0.13049	0.16604	0.15238
97	288	T	0.15238	0.20320	0.11813	0.52630
97	289	C	0.00001	0.99968	0.00000	0.00031
97	290	C	0.00008	0.99821	0.00002	0.00169
97	291	C	0.00009	0.99805	0.00003	0.00184
97	292	C	0.00008	0.99827	0.00002	0.00163
97	293	G	0.00000	0.00000	1.00000	0.00000
97	294	T	0.00254	0.00894	0.01104	0.97748
97	295	A	1.00000	0.00000	0.00000	0.00000
97	296	A	1.00000	0.00000	0.00000	0.00000
97	297	C	0.00000	0.99995	0.00000	0.00005
97	298	-	0.27546	0.24911	0.19137	0.28406
97	299	T	0.00003	0.00924	0.00000	0.99073
97	300	A	0.58484	0.11866	0.15512	0.14138
97	301	T	0.14138	0.19367	0.10618	0.55877
97	302	C	0.11866	0.59080	0.09687	0.19367
97	303	T	0.00000	0.00000	0.00000	1.00000
97	304	A	1.00000	0.00000	0.00000	0.00000
97	305	G	0.00000	0.00000	1.00000	0.00000
97	306	A	1.00000	0.00000	0.00000	0.00000
97	307	A	0.99999	0.00000	0.00000	0.00000
97	308	G	0.00000	0.00000	1.00000	0.00000
97	309	C	0.00596	0.74755	0.00205	0.24443
97	310	T	0.21233	0.23438	0.12107	0.43222
97	311	Y	0.19621	0.31889	0.14053	0.34437
97	312	A	0.66730	0.08329	0.09781	0.15160
97	313	W	0.27295	0.19747	0.18150	0.34808
97	314	A	0.99997	0.00000	0.00001	0.00001
97	315	T	0.00420	0.02155	0.00018	0.97407
97	316	T	0.00294	0.00197	0.01122	0.98388
97	317	G	0.00743	0.00162	0.96972	0.02122
97	318	A	0.91759	0.04140	0.00576	0.03525
97	319	A	0.99982	0.00002	0.00009	0.00007
97	320	C	0.00000	0.99994	0.00000	0.00006
97	321	A	1.00000	0.00000	0.00000	0.00000
97	322	C	0.00098	0.99063	0.00043	0.00796
97	323	A	0.99261	0.00116	0.00354	0.00269
97	324	A	0.99977	0.00002	0.00012	0.00009
97	325	A	0.99964	0.00003	0.00014	0.00019
97	326	C	0.00005	0.99886	0.00002	0.00108
97	327	C	0.00013	0.99375	0.00004	0.00608
97	328	A	0.58679	0.11798	0.15448	0.14075
97	329	G	0.00000	0.00000	1.00000	0.00000
97	330	A	0.99905	0.00005	0.00070	0.00020
97	331	C	0.00002	0.99946	0.00001	0.00051
97	332	C	0.00000	1.00000	0.00000	0.00000
97	333	A	0.99999	0.00000	0.00001	0.00000
97	334	A	0.99988	0.00001	0.00006	0.00005
97	335	T	0.00000	0.00001	0.00000	0.99999
97	336	A	1.00000	0.00000	0.00000	0.00000
97	337	G	0.00000	0.00000	1.00000	0.00000
97	338	-	0.22595	0.28265	0.20046	0.29094
97	339	A	0.59529	0.08724	0.20189	0.11559
97	340	G	0.24050	0.14373	0.45375	0.16202
97	341	G	0.12397	0.06983	0.69620	0.11000
97	342	C	0.02446	0.89371	0.01661	0.06521
97	343	G	0.22045	0.08704	0.59090	0.10161
97	344	G	0.01556	0.00128	0.97867	0.00449
97	345	T	0.03307	0.31113	0.19269	0.46311
97	346	G	0.00001	0.00000	0.99999	0.00000
97	347	C	0.00008	0.99829	0.00002	0.00161
97	348	G	0.06399	0.00179	0.93225	0.00197
97	349	C	0.00003	0.99840	0.00001	0.00156
97	350	G	0.00692	0.01551	0.97190	0.00567
97	351	G	0.00041	0.00002	0.99955	0.00003
97	352	C	0.00000	0.99991	0.00000	0.00008
97	353	A	1.00000	0.00000	0.00000	0.00000
97	354	T	0.01460	0.02277	0.06129	0.90135
97	355	C	0.00000	1.00000	0.00000	0.00000
97	356	C	0.00000	0.99999	0.00000	0.00001
97	357	A	0.99999	0.00000	0.00000	0.00000
97	358	G	0.00002	0.00000	0.99997	0.00000
97	359	C	0.00009	0.99026	0.00002	0.00962
97	360	C	0.00130	0.69300	0.00027	0.30544
97	361	G	0.00048	0.00002	0.99946	0.00004
97	362	C	0.00302	0.89773	0.00032	0.09893
97	363	G	0.00016	0.00001	0.99982	0.00002
97	364	C	0.00008	0.97090	0.00002	0.02900
97	365	A	0.92162	0.00346	0.00309	0.07183
97	366	R	0.39082	0.14011	0.30357	0.16549
97	367	G	0.04975	0.00010	0.94991	0.00024
97	368	C	0.00008	0.99812	0.00002	0.00177
97	369	G	0.00000	0.00000	1.00000	0.00000
97	370	G	0.00023	0.00001	0.99973	0.00002
97	371	T	0.00008	0.00044	0.00001	0.99947
97	372	C	0.00000	1.00000	0.00000	0.00000
97	373	A	1.00000	0.00000	0.00000	0.00000
97	374	A	0.99999	0.00000	0.00000	0.00000
97	375	G	0.00001	0.00000	0.99999	0.00000
97	376	C	0.00000	0.99995	0.00000	0.00005
97	377	A	1.00000	0.00000	0.00000	0.00000
97	378	C	0.00000	1.00000	0.00000	0.00000
97	379	T	0.00000	0.00000	0.00000	1.00000
97	380	A	0.40511	0.18420	0.21099	0.19970
97	381	T	0.19970	0.23741	0.17417	0.38871
97	382	A	0.40511	0.18420	0.21099	0.19970
97	383	A	0.40511	0.18420	0.21099	0.19970
97	384	C	0.18420	0.41147	0.16692	0.23741
97	385	T	0.00000	0.00000	0.00000	1.00000
97	386	C	0.00000	1.00000	0.00000	0.00000
97	387	T	0.00000	0.00000	0.00000	1.00000
97	388	G	0.00000	0.00000	1.00000	0.00000
97	389	T	0.00000	0.00000	0.00000	1.00000
97	390	C	0.00007	0.95703	0.00001	0.04289
97	391	T	0.00000	0.00001	0.00000	0.99999
97	392	Y	0.13424	0.38784	0.10593	0.37198
97	393	C	0.00000	1.00000	0.00000	0.00000
97	394	C	0.00000	0.99999	0.00000	0.00001
97	395	C	0.00000	1.00000	0.00000	0.00000
97	396	C	0.00000	0.99999	0.00000	0.00001
97	397	G	0.00000	0.00000	1.00000	0.00000
97	398	G	0.00000	0.00000	1.00000	0.00000
97	399	T	0.00004	0.00023	0.00000	0.99973
97	400	C	0.00008	0.99826	0.00002	0.00164
97	401	C	0.00101	0.91894	0.00022	0.07983
97	402	G	0.00029	0.00002	0.99966	0.00003
97	403	R	0.40567	0.13548	0.28138	0.17747
97	404	G	0.18727	0.12055	0.49263	0.19955
97	405	H	0.22530	0.25399	0.18715	0.33355
97	406	G	0.27453	0.15162	0.40137	0.17248
97	407	-	0.21105	0.26173	0.22287	0.30435
97	408	A	0.54042	0.12953	0.16763	0.16242
97	409	W	0.34310	0.18913	0.15262	0.31515
97	410	A	0.44788	0.12293	0.28207	0.14712
97	411	-	0.23427	0.21927	0.26773	0.27873
97	412	C	0.14610	0.47528	0.16705	0.21157
97	413	G	0.18124	0.12101	0.53767	0.16008
97	414	G	0.21764	0.08521	0.59866	0.09849
97	415	T	0.02869	0.05369	0.01425	0.90337
97	416	A	0.81886	0.02200	0.12404	0.03510
97	417	G	0.21709	0.12654	0.51399	0.14237
97	418	G	0.35119	0.07650	0.47697	0.09534
97	419	C	0.02269	0.83348	0.01358	0.13025
97	420	T	0.02799	0.05243	0.01388	0.90571
97	421	G	0.09952	0.05915	0.69874	0.14258
97	422	T	0.10689	0.20924	0.06539	0.61847
97	423	A	0.55536	0.12178	0.15917	0.16368
97	424	C	0.06023	0.75409	0.04219	0.14349
97	425	C	0.13073	0.52472	0.09962	0.24492
97	426	C	0.03815	0.83897	0.02621	0.09667
97	427	A	0.75103	0.06120	0.09951	0.08825
97	428	C	0.17334	0.49018	0.14464	0.19184
97	429	G	0.07922	0.03374	0.84669	0.04035
97	430	G	0.04048	0.01593	0.92419	0.01940
97	431	C	0.09351	0.52316	0.06337	0.31996
97	432	Y	0.20772	0.26433	0.15543	0.37253
97	433	G	0.12594	0.05338	0.75742	0.06326
97	434	A	0.91648	0.01925	0.03378	0.03049
97	435	A	0.84573	0.03675	0.06193	0.05559
97	436	A	0.64647	0.07027	0.18706	0.09619
97	437	G	0.22159	0.20689	0.37955	0.19197
97	438	Y	0.20493	0.35699	0.15942	0.27865
97	439	G	0.24325	0.13467	0.46382	0.15827
97	440	A	0.76875	0.05950	0.09054	0.08122
97	441	C	0.00128	0.83974	0.00019	0.15879
97	442	A	0.99973	0.00003	0.00014	0.00010
97	443	A	0.99899	0.00009	0.00048	0.00044
97	444	G	0.04348	0.00037	0.95528	0.00088
97	445	G	0.00027	0.00002	0.99968	0.00003
97	446	A	0.99774	0.00004	0.00207	0.00014
97	447	T	0.00001	0.00006	0.00000	0.99992
97	448	C	0.00000	1.00000	0.00000	0.00000
97	449	G	0.00000	0.00000	1.00000	0.00000
97	450	T	0.00000	0.00000	0.00000	1.00000
97	451	T	0.00000	0.00002	0.00000	0.99998
97	452	A	1.00000	0.00000	0.00000	0.00000
97	453	C	0.00095	0.81897	0.00021	0.17988
97	454	C	0.00000	0.99998	0.00000	0.00001
97	455	C	0.00000	1.00000	0.00000	0.00000
97	456	G	0.00000	0.00000	1.00000	0.00000
97	457	C	0.00000	1.00000	0.00000	0.00000
97	458	C	0.00000	0.99995	0.00000	0.00005
97	459	T	0.19970	0.23741	0.17417	0.38871
97	460	T	0.19970	0.23741	0.17417	0.38871
97	461	G	0.21099	0.16692	0.44792	0.17417
97	462	C	0.00003	0.99925	0.00001	0.00071
97	463	A	0.97377	0.00095	0.02411	0.00117
97	464	A	0.54712	0.19215	0.22113	0.03961
97	465	T	0.01328	0.11833	0.00204	0.86635
97	466	C	0.00001	0.99966	0.00000	0.00032
97	467	C	0.00011	0.96058	0.00002	0.03928
97	468	A	0.99999	0.00000	0.00001	0.00000
97	469	C	0.00000	1.00000	0.00000	0.00000
97	470	T	0.00000	0.00000	0.00000	1.00000
97	471	A	0.99993	0.00001	0.00004	0.00003
97	472	C	0.00000	1.00000	0.00000	0.00000
97	473	G	0.00001	0.00000	0.99998	0.00000
97	474	A	0.98610	0.00014	0.01330	0.00046
97	475	G	0.05376	0.00021	0.94551	0.00052
97	476	C	0.16446	0.46398	0.14497	0.22659
97	477	A	0.45736	0.16446	0.19539	0.18279
97	478	T	0.18279	0.22659	0.15320	0.43742
97	479	A	0.99147	0.00001	0.00847	0.00005
97	480	A	1.00000	0.00000	0.00000	0.00000
97	481	G	0.00022	0.00001	0.99975	0.00002
97	482	C	0.00000	0.99999	0.00000	0.00001
97	483	C	0.00000	0.99998	0.00000	0.00002
97	484	T	0.00000	0.00001	0.00000	0.99999
97	485	A	1.00000	0.00000	0.00000	0.00000
97	486	G	0.00032	0.00024	0.99871	0.00074
97	487	T	0.00000	0.00000	0.00000	1.00000
97	488	A	0.99999	0.00000	0.00000	0.00000
97	489	A	0.99798	0.00018	0.00064	0.00120
97	490	C	0.00000	1.00000	0.00000	0.00000
97	491	T	0.00023	0.00845	0.00003	0.99129
97	492	G	0.10356	0.00051	0.89471	0.00123
97	493	G	0.00281	0.00138	0.99017	0.00564
97	494	C	0.00022	0.96794	0.00005	0.03179
97	495	C	0.00008	0.99862	0.00085	0.00045
97	496	G	0.10225	0.04948	0.79098	0.05729
97	497	G	0.19382	0.11422	0.56371	0.12825
97	498	G	0.20351	0.11250	0.55359	0.13040
97	499	G	0.19539	0.14497	0.50644	0.15320
97	500	C	0.16446	0.46398	0.14497	0.22659
97	501	A	0.45736	0.16446	0.19539	0.18279
97	502	A	0.45736	0.16446	0.19539	0.18279
97	503	A	0.45736	0.16446	0.19539	0.18279
97	504	C	0.16446	0.46398	0.14497	0.22659
97	505	T	0.18279	0.22659	0.15320	0.43742
97	506	A	0.45736	0.16446	0.19539	0.18279
97	507	C	0.16446	0.46398	0.14497	0.22659
97	508	G	0.19539	0.14497	0.50644	0.15320
97	509	C	0.16446	0.46398	0.14497	0.22659
97	510	C	0.16446	0.46398	0.14497	0.22659
97	511	C	0.16446	0.46398	0.14497	0.22659
97	512	C	0.16446	0.46398	0.14497	0.22659
97	513	C	0.16446	0.46398	0.14497	0.22659
97	514	A	0.45736	0.16446	0.19539	0.18279
97	515	A	0.99999	0.00000	0.00001	0.00000
97	516	A	0.99979	0.00002	0.00011	0.00008
97	517	G	0.00590	0.00006	0.99391	0.00013
97	518	T	0.00132	0.13112	0.00025	0.86731
97	519	G	0.00606	0.00198	0.95744	0.03453
97	520	A	0.98965	0.00035	0.00764	0.00237
97	521	T	0.12324	0.01170	0.00731	0.85775
97	522	T	0.00300	0.40627	0.00169	0.58904
97	523	G	0.00119	0.00003	0.99872	0.00006
97	524	C	0.05578	0.92518	0.00129	0.01774
97	525	G	0.00146	0.00002	0.99849	0.00004
97	526	A	0.92693	0.00051	0.07097	0.00158
97	527	-	0.21368	0.21304	0.26170	0.31158
97	528	A	0.88496	0.00079	0.11191	0.00234
97	529	G	0.00000	0.00000	1.00000	0.00000
97	530	T	0.00000	0.00000	0.00000	1.00000
97	531	T	0.00000	0.00001	0.00000	0.99999
97	532	G	0.00009	0.00000	0.99990	0.00001
97	533	C	0.00000	1.00000	0.00000	0.00000
97	534	G	0.00001	0.00000	0.99999	0.00000
97	535	C	0.00006	0.97757	0.00001	0.02236
97	536	T	0.00000	0.00001	0.00000	0.99999
97	537	C	0.00000	0.99999	0.00000	0.00001
97	538	A	0.98275	0.01221	0.00234	0.00270
97	539	G	0.00022	0.00000	0.99977	0.00001
97	540	C	0.00000	0.99999	0.00000	0.00001
97	541	C	0.00001	0.99984	0.00000	0.00015
97	542	A	0.99957	0.00004	0.00022	0.00016
97	543	A	0.41072	0.16598	0.22484	0.19846
97	544	-	0.23982	0.26060	0.24763	0.25194
97	545	C	0.00001	0.99973	0.00000	0.00026
97	546	A	0.99815	0.00010	0.00136	0.00039
97	547	A	0.99951	0.00005	0.00024	0.00020
97	548	C	0.00001	0.99967	0.00000	0.00031
97	549	C	0.00000	1.00000	0.00000	0.00000
97	550	C	0.00000	1.00000	0.00000	0.00000
97	551	C	0.00000	0.99999	0.00000	0.00001
97	552	A	0.99829	0.00009	0.00127	0.00035
97	553	R	0.30147	0.17725	0.32802	0.19327
97	554	R	0.35314	0.14016	0.34813	0.15858
97	555	A	0.41048	0.19019	0.20109	0.19823
97	556	G	0.00005	0.00000	0.99994	0.00000
97	557	T	0.00000	0.00000	0.00000	1.00000
97	558	G	0.00002	0.00000	0.99998	0.00000
97	559	T	0.19970	0.23741	0.17417	0.38871
97	560	G	0.21099	0.16692	0.44792	0.17417
97	561	G	0.21099	0.16692	0.44792	0.17417
97	562	G	0.21099	0.16692	0.44792	0.17417
97	563	A	0.40511	0.18420	0.21099	0.19970
97	564	A	0.40511	0.18420	0.21099	0.19970
97	565	A	0.40511	0.18420	0.21099	0.19970
97	566	A	0.40511	0.18420	0.21099	0.19970
97	567	C	0.18420	0.41147	0.16692	0.23741
97	568	A	0.40511	0.18420	0.21099	0.19970
97	569	C	0.18420	0.41147	0.16692	0.23741
97	570	G	0.21099	0.16692	0.44792	0.17417
97	571	A	0.40511	0.18420	0.21099	0.19970
97	572	A	0.40511	0.18420	0.21099	0.19970
97	573	C	0.18420	0.41147	0.16692	0.23741
97	574	T	0.19970	0.23741	0.17417	0.38871
97	575	G	0.21099	0.16692	0.44792	0.17417
97	576	G	0.21099	0.16692	0.44792	0.17417
97	577	T	0.19970	0.23741	0.17417	0.38871
97	578	G	0.00001	0.00000	0.99998	0.00000
97	579	T	0.00000	0.00000	0.00000	1.00000
97	580	A	1.00000	0.00000	0.00000	0.00000
97	581	G	0.00000	0.00000	1.00000	0.00000
97	582	C	0.00007	0.99851	0.00002	0.00140
97	583	T	0.00000	0.00001	0.00000	0.99999
97	584	C	0.00001	0.99976	0.00000	0.00023
97	585	T	0.00030	0.00249	0.00004	0.99716
97	586	G	0.00000	0.00000	1.00000	0.00000
97	587	G	0.03842	0.00005	0.96138	0.00014
97	588	A	0.89255	0.00066	0.10483	0.00196
97	589	A	0.90605	0.00379	0.00292	0.08723
97	590	G	0.00000	0.00000	1.00000	0.00000
97	591	A	1.00000	0.00000	0.00000	0.00000
97	592	T	0.00000	0.00000	0.00000	1.00000
97	593	G	0.00000	0.00000	1.00000	0.00000
97	594	G	0.00002	0.00000	0.99998	0.00000
97	595	G	0.00000	0.00000	1.00000	0.00000
97	596	G	0.00003	0.00000	0.99996	0.00000
97	597	C	0.00000	1.00000	0.00000	0.00000
97	598	T	0.00000	0.00001	0.00000	0.99999
97	599	C	0.00005	0.99892	0.00001	0.00102
97	600	G	0.00001	0.00000	0.99999	0.00000
97	601	C	0.00060	0.99425	0.00027	0.00488
97	602	A	0.92076	0.03676	0.03450	0.00798
97	603	A	0.98188	0.01289	0.00137	0.00387
97	604	C	0.00118	0.96838	0.00011	0.03034
97	605	A	0.82076	0.13008	0.01066	0.03851
97	606	A	0.96032	0.00086	0.00074	0.03808
97	607	C	0.00000	1.00000	0.00000	0.00000
97	608	C	0.00000	1.00000	0.00000	0.00000
97	609	C	0.00000	0.99999	0.00000	0.00001
97	610	C	0.00000	1.00000	0.00000	0.00000
97	611	C	0.00000	0.99999	0.00000	0.00001
97	612	G	0.00002	0.00000	0.99997	0.00001
97	613	T	0.00013	0.00072	0.00002	0.99913
97	614	G	0.00001	0.00000	0.99999	0.00000
97	615	G	0.00000	0.00000	1.00000	0.00000
97	616	T	0.00002	0.00010	0.00000	0.99988
97	617	A	1.00000	0.00000	0.00000	0.00000
97	618	A	1.00000	0.00000	0.00000	0.00000
97	619	C	0.00000	0.99999	0.00000	0.00001
97	620	A	0.99972	0.00003	0.00015	0.00011
97	621	C	0.00005	0.99969	0.00000	0.00026
97	622	G	0.00002	0.00000	0.99998	0.00000
97	623	G	0.00000	0.00000	1.00000	0.00000
97	624	T	0.01202	0.00249	0.00024	0.98525
97	625	T	0.00018	0.00704	0.00003	0.99276
97	626	G	0.00007	0.00000	0.99992	0.00001
97	627	C	0.00000	0.99998	0.00000	0.00002
97	628	T	0.00059	0.04347	0.00010	0.95583
97	629	T	0.00002	0.00011	0.00000	0.99987
97	630	G	0.00000	0.00000	1.00000	0.00000
97	631	C	0.00001	0.99986	0.00000	0.00013
97	632	C	0.00000	0.99997	0.00000	0.00003
97	633	C	0.00000	0.99994	0.00000	0.00005
97	634	G	0.00000	0.00000	1.00000	0.00000
97	635	C	0.00000	1.00000	0.00000	0.00000
97	636	G	0.00000	0.00000	1.00000	0.00000
97	637	T	0.00032	0.06350	0.00006	0.93612
97	638	G	0.00000	0.00000	1.00000	0.00000
97	639	T	0.00001	0.00008	0.00000	0.99991
97	640	G	0.00000	0.00000	1.00000	0.00000
97	641	C	0.00000	1.00000	0.00000	0.00000
97	642	T	0.05526	0.00333	0.00057	0.94083
97	643	T	0.00017	0.05525	0.00003	0.94455
97	644	C	0.00004	0.96996	0.00001	0.02999
97	645	C	0.00000	1.00000	0.00000	0.00000
97	646	G	0.04299	0.01485	0.92347	0.01869
97	647	G	0.15299	0.10160	0.64331	0.10210
97	648	C	0.11053	0.65908	0.06087	0.16952
97	649	C	0.08215	0.60842	0.05753	0.25190
97	650	C	0.16322	0.43311	0.11744	0.28623
97	651	A	0.52758	0.09901	0.24884	0.12457
97	652	C	0.03761	0.83983	0.02568	0.09688
97	653	A	0.41550	0.21070	0.17882	0.19497
97	654	C	0.03453	0.79840	0.02131	0.14576
97	655	C	0.09987	0.67329	0.05188	0.17496
97	656	Y	0.18229	0.29245	0.13530	0.38997
97	657	A	0.38697	0.22125	0.18063	0.21114
97	658	-	0.22392	0.24887	0.21892	0.30828
97	659	-	0.22263	0.25558	0.23134	0.29044
97	660	-	0.22199	0.26936	0.19979	0.30886
97	661	G	0.00001	0.00000	0.99999	0.00000
97	662	G	0.00008	0.00000	0.99991	0.00001
97	663	G	0.00852	0.00224	0.95993	0.02931
97	664	T	0.00016	0.00086	0.00002	0.99896
97	665	T	0.00138	0.14010	0.00025	0.85827
97	666	C	0.03590	0.95031	0.00117	0.01262
97	667	G	0.07533	0.00051	0.92296	0.00120
97	668	G	0.00588	0.01257	0.97814	0.00341
97	669	T	0.00086	0.09646	0.00015	0.90253
97	670	C	0.00004	0.99808	0.00001	0.00187
97	671	T	0.00258	0.00501	0.00012	0.99229
97	672	C	0.00011	0.94299	0.00002	0.05687
97	673	C	0.01648	0.60241	0.05812	0.32299
97	674	G	0.00382	0.00470	0.96963	0.02184
97	675	G	0.01746	0.00004	0.98240	0.00009
97	676	C	0.00003	0.99839	0.00003	0.00156
97	677	T	0.00022	0.25015	0.00004	0.74959
97	678	G	0.00000	0.00000	1.00000	0.00000
97	679	T	0.00001	0.00003	0.00000	0.99997
97	680	T	0.00002	0.00010	0.00000	0.99987
97	681	C	0.00006	0.99876	0.00002	0.00117
97	682	A	0.99942	0.00006	0.00030	0.00022
97	683	C	0.00010	0.99786	0.00003	0.00202
97	684	T	0.00064	0.08316	0.00012	0.91608
97	685	T	0.00014	0.00325	0.00002	0.99659
97	686	C	0.00019	0.98545	0.00005	0.01431
97	687	A	0.99064	0.00017	0.00858	0.00061
97	688	A	0.99917	0.00008	0.00044	0.00031
97	689	C	0.00000	0.99993	0.00000	0.00007
97	690	A	0.97633	0.00172	0.00014	0.02180
97	691	T	0.00020	0.00327	0.00000	0.99652
97	692	C	0.01581	0.98239	0.00010	0.00170
97	693	A	0.97212	0.00027	0.02655	0.00106
97	694	C	0.00011	0.95174	0.00002	0.04812
97	695	G	0.00000	0.00000	1.00000	0.00000
97	696	C	0.00001	0.98348	0.00000	0.01650
97	697	A	0.99994	0.00001	0.00003	0.00002
97	698	A	0.99994	0.00001	0.00003	0.00002
97	699	C	0.00684	0.97845	0.00398	0.01073
97	700	C	0.00036	0.92711	0.00008	0.07245
97	701	A	0.99187	0.00013	0.00756	0.00045
97	702	G	0.00000	0.00000	1.00000	0.00000
97	703	C	0.00019	0.99823	0.00002	0.00155
97	704	C	0.00001	0.99981	0.00002	0.00016
97	705	A	1.00000	0.00000	0.00000	0.00000
97	706	A	1.00000	0.00000	0.00000	0.00000
97	707	G	0.00000	0.00000	1.00000	0.00000
97	708	A	0.99995	0.00002	0.00001	0.00002
97	709	G	0.00000	0.00000	1.00000	0.00000
97	710	C	0.00001	0.99981	0.00000	0.00018
97	711	C	0.00000	1.00000	0.00000	0.00000
97	712	T	0.00087	0.00101	0.00812	0.99000
97	713	A	0.99998	0.00000	0.00001	0.00001
97	714	T	0.00031	0.02008	0.00005	0.97956
97	715	T	0.00000	0.00000	0.00000	1.00000
97	716	G	0.00000	0.00000	1.00000	0.00000
97	717	T	0.00003	0.00017	0.00000	0.99979
97	718	G	0.00000	0.00000	1.00000	0.00000
97	719	C	0.00000	1.00000	0.00000	0.00000
97	720	T	0.00000	0.00000	0.00000	1.00000
97	721	G	0.00310	0.00004	0.99677	0.00009
97	722	C	0.12054	0.51457	0.09320	0.27169
97	723	G	0.00004	0.00000	0.99995	0.00000
97	724	A	0.89583	0.00268	0.07490	0.02659
97	725	D	0.40233	0.01722	0.29465	0.28580
97	726	T	0.00065	0.03526	0.00041	0.96367
97	727	G	0.00023	0.00001	0.99973	0.00002
97	728	G	0.00006	0.00000	0.99993	0.00001
97	729	T	0.00004	0.00023	0.00001	0.99972
97	730	T	0.00015	0.02927	0.00002	0.97056
97	731	T	0.00033	0.00120	0.00003	0.99844
97	732	T	0.00000	0.00001	0.00000	0.99999
97	733	C	0.00000	1.00000	0.00000	0.00000
97	734	C	0.00000	0.99998	0.00000	0.00002
97	735	T	0.00000	0.00000	0.00000	1.00000
97	736	C	0.00000	1.00000	0.00000	0.00000
97	737	C	0.00000	0.99999	0.00000	0.00001
97	738	G	0.00000	0.00000	1.00000	0.00000
97	739	G	0.00000	0.00000	1.00000	0.00000
97	740	G	0.00407	0.00001	0.99590	0.00002
97	741	G	0.00000	0.00000	1.00000	0.00000
97	742	C	0.00001	0.99977	0.00000	0.00021
97	743	C	0.00000	1.00000	0.00000	0.00000
97	744	G	0.00000	0.00000	1.00000	0.00000
97	745	T	0.00000	0.00000	0.00000	1.00000
97	746	G	0.00000	0.00000	1.00000	0.00000
97	747	A	1.00000	0.00000	0.00000	0.00000
97	748	A	1.00000	0.00000	0.00000	0.00000
97	749	T	0.00000	0.00000	0.00000	1.00000
97	750	G	0.00000	0.00000	1.00000	0.00000
97	751	C	0.00000	1.00000	0.00000	0.00000
97	752	T	0.00000	0.00002	0.00000	0.99997
97	753	G	0.00000	0.00000	1.00000	0.00000
97	754	T	0.19970	0.23741	0.17417	0.38871
97	755	C	0.18420	0.41147	0.16692	0.23741
97	756	C	0.00000	1.00000	0.00000	0.00000
97	757	T	0.00000	0.00000	0.00000	1.00000
97	758	A	1.00000	0.00000	0.00000	0.00000
97	759	A	1.00000	0.00000	0.00000	0.00000
97	760	T	0.00000	0.00001	0.00000	0.99998
97	761	C	0.00000	1.00000	0.00000	0.00000
97	762	C	0.00000	0.99991	0.00000	0.00009
97	763	C	0.00019	0.93645	0.00004	0.06331
97	764	A	1.00000	0.00000	0.00000	0.00000
97	765	A	1.00000	0.00000	0.00000	0.00000
97	766	C	0.00000	1.00000	0.00000	0.00000
97	767	C	0.00000	0.99998	0.00000	0.00002
97	768	T	0.00010	0.00102	0.00001	0.99886
97	769	C	0.00000	0.99991	0.00000	0.00008
97	770	C	0.00001	0.99986	0.00000	0.00013
97	771	G	0.00002	0.00000	0.99997	0.00000
97	772	A	1.00000	0.00000	0.00000	0.00000
97	773	G	0.00000	0.00000	1.00000	0.00000
97	774	C	0.00000	0.99999	0.00000	0.00001
97	775	G	0.00025	0.00001	0.99971	0.00003
97	776	T	0.00027	0.00150	0.00004	0.99819
97	777	G	0.00040	0.00002	0.99954	0.00004
97	778	T	0.00004	0.00020	0.00000	0.99976
97	779	G	0.00008	0.00000	0.99990	0.00001
97	780	C	0.00001	0.99985	0.00000	0.00014
97	781	G	0.00043	0.00002	0.99951	0.00004
97	782	C	0.00004	0.99905	0.00001	0.00089
97	783	A	0.99958	0.00004	0.00022	0.00016
97	784	C	0.00000	0.99990	0.00000	0.00009
97	785	A	0.99997	0.00000	0.00001	0.00001
97	786	A	1.00000	0.00000	0.00000	0.00000
97	787	T	0.00056	0.00226	0.00006	0.99712
97	788	C	0.00000	1.00000	0.00000	0.00000
97	789	C	0.00000	1.00000	0.00000	0.00000
97	790	A	0.99999	0.00000	0.00001	0.00001
97	791	G	0.00001	0.00000	0.99999	0.00000
97	792	T	0.00005	0.00029	0.00001	0.99965
97	793	G	0.00026	0.00001	0.99970	0.00003
97	794	D	0.29402	0.17995	0.32512	0.20091
97	795	T	0.00023	0.00126	0.00003	0.99847
97	796	T	0.00003	0.00018	0.00000	0.99978
97	797	G	0.00013	0.00001	0.99986	0.00001
97	798	C	0.00001	0.99975	0.00000	0.00024
97	799	T	0.00031	0.00168	0.00004	0.99797
97	800	A	0.99920	0.00008	0.00042	0.00030
97	801	C	0.00004	0.99903	0.00001	0.00092
97	802	G	0.00000	0.00000	1.00000	0.00000
97	803	T	0.00000	0.00000	0.00000	1.00000
97	804	C	0.00000	0.99999	0.00000	0.00001
97	805	G	0.00000	0.00000	1.00000	0.00000
97	806	T	0.00000	0.00000	0.00000	1.00000
97	807	A	1.00000	0.00000	0.00000	0.00000
97	808	A	1.00000	0.00000	0.00000	0.00000
97	809	C	0.00001	0.99984	0.00000	0.00015
97	810	G	0.00001	0.00000	0.99999	0.00000
97	811	C	0.00001	0.99972	0.00000	0.00026
97	812	G	0.00000	0.00000	1.00000	0.00000
97	813	T	0.00036	0.00947	0.00005	0.99012
97	814	A	1.00000	0.00000	0.00000	0.00000
97	815	A	1.00000	0.00000	0.00000	0.00000
97	816	G	0.00015	0.00001	0.99983	0.00002
97	817	T	0.00000	0.00001	0.00000	0.99999
97	818	T	0.00001	0.00008	0.00000	0.99991
97	819	G	0.00020	0.00001	0.99977	0.00002
97	820	G	0.00000	0.00000	1.00000	0.00000
97	821	A	0.99987	0.00001	0.00007	0.00005
97	822	G	0.00001	0.00000	0.99999	0.00000
97	823	G	0.00019	0.00001	0.99978	0.00002
97	824	C	0.00000	0.99994	0.00000	0.00006
97	825	G	0.00000	0.00000	1.00000	0.00000
97	826	G	0.00000	0.00000	1.00000	0.00000
97	827	A	0.99999	0.00000	0.00000	0.00000
97	828	A	1.00000	0.00000	0.00000	0.00000
97	829	C	0.00000	1.00000	0.00000	0.00000
97	830	A	0.99999	0.00000	0.00000	0.00000
97	831	G	0.00000	0.00000	1.00000	0.00000
97	832	A	1.00000	0.00000	0.00000	0.00000
97	833	C	0.00000	1.00000	0.00000	0.00000
97	834	T	0.00000	0.00000	0.00000	1.00000
97	835	A	1.00000	0.00000	0.00000	0.00000
97	836	C	0.00000	1.00000	0.00000	0.00000
97	837	T	0.00000	0.00000	0.00000	1.00000
97	838	T	0.00000	0.00000	0.00000	1.00000
97	839	T	0.00000	0.00000	0.00000	1.00000
97	840	C	0.00000	0.99999	0.00000	0.00001
97	841	G	0.00000	0.00000	1.00000	0.00000
97	842	G	0.00000	0.00000	1.00000	0.00000
97	843	T	0.00011	0.02660	0.00002	0.97327
97	844	A	0.99998	0.00000	0.00001	0.00001
97	845	C	0.00002	0.99958	0.00001	0.00040
97	846	C	0.00000	0.99708	0.00000	0.00291
97	847	C	0.00000	0.99998	0.00000	0.00002
97	848	C	0.00000	1.00000	0.00000	0.00000
97	849	G	0.00000	0.00000	1.00000	0.00000
97	850	T	0.00000	0.00000	0.00000	1.00000
97	851	G	0.00000	0.00000	1.00000	0.00000
97	852	T	0.00000	0.00000	0.00000	1.00000
97	853	T	0.00000	0.00000	0.00000	1.00000
97	854	T	0.00000	0.00000	0.00000	1.00000
97	855	C	0.00000	1.00000	0.00000	0.00000
97	856	C	0.00001	0.99977	0.00000	0.00022
97	857	T	0.00000	0.00001	0.00000	0.99999
97	858	T	0.00051	0.03861	0.00009	0.96079
97	859	T	0.00000	0.00000	0.00000	1.00000
97	860	A	0.97271	0.01495	0.00276	0.00959
97	861	T	0.01266	0.00091	0.00013	0.98630
97	862	T	0.00001	0.00005	0.00000	0.99994
97	863	T	0.00000	0.00002	0.00000	0.99998
97	864	T	0.00020	0.00190	0.00010	0.99780
97	865	A	0.61043	0.00557	0.00207	0.38194
97	866	T	0.00563	0.00021	0.00003	0.99414
97	867	T	0.00036	0.00155	0.00004	0.99806
97	868	T	0.00222	0.06537	0.00014	0.93226
97	869	T	0.00405	0.01107	0.00092	0.98396
97	870	T	0.00668	0.02984	0.00386	0.95962
97	871	-	0.20865	0.20773	0.27707	0.30655
97	872	W	0.28871	0.20716	0.15998	0.34415
97	873	T	0.03439	0.00346	0.00083	0.96133
97	874	A	0.99284	0.00090	0.00398	0.00227
97	875	A	0.98444	0.00187	0.00913	0.00456
97	876	A	0.60039	0.02811	0.01265	0.35885
97	877	A	0.99993	0.00001	0.00004	0.00003
97	878	T	0.00886	0.00778	0.00032	0.98304
97	879	T	0.00000	0.00003	0.00000	0.99997
97	880	T	0.00000	0.00000	0.00000	1.00000
97	881	T	0.00000	0.00000	0.00000	1.00000
97	882	A	1.00000	0.00000	0.00000	0.00000
97	883	T	0.00000	0.00000	0.00000	1.00000
97	884	G	0.00000	0.00000	1.00000	0.00000
97	885	G	0.00000	0.00000	1.00000	0.00000
97	886	T	0.00000	0.00000	0.00000	1.00000
97	887	G	0.00001	0.00000	0.99999	0.00000
97	888	A	1.00000	0.00000	0.00000	0.00000
97	889	C	0.00000	1.00000	0.00000	0.00000
97	890	A	1.00000	0.00000	0.00000	0.00000
97	891	A	0.99999	0.00000	0.00000	0.00000
97	892	T	0.00003	0.00014	0.00000	0.99983
97	893	T	0.00010	0.00052	0.00001	0.99937
97	894	G	0.00019	0.00001	0.99978	0.00002
97	895	C	0.00118	0.60187	0.00023	0.39672
97	896	T	0.02831	0.00306	0.00044	0.96819
97	897	G	0.00004	0.00000	0.99995	0.00000
97	898	A	0.99964	0.00003	0.00017	0.00016
97	899	G	0.00020	0.00001	0.99977	0.00002
97	900	A	0.99994	0.00001	0.00003	0.00002
97	901	T	0.00011	0.00071	0.00001	0.99916
97	902	T	0.00002	0.00011	0.00000	0.99987
97	903	T	0.00013	0.00065	0.00002	0.99920
97	904	G	0.00020	0.00001	0.99977	0.00002
97	905	T	0.00101	0.16906	0.00018	0.82974
97	906	G	0.00004	0.00000	0.99995	0.00000
97	907	A	0.98362	0.01161	0.00116	0.00362
97	908	T	0.02783	0.00539	0.00088	0.96590
97	909	T	0.14984	0.33971	0.00377	0.50668
97	910	T	0.00002	0.00011	0.00000	0.99987
97	911	T	0.03145	0.00859	0.00064	0.95931
97	912	G	0.00011	0.00001	0.99987	0.00001
97	913	C	0.00006	0.99882	0.00001	0.00111
97	914	G	0.06804	0.00268	0.92708	0.00221
97	915	A	0.99978	0.00002	0.00011	0.00009
97	916	C	0.00295	0.97818	0.00056	0.01831
97	917	T	0.05193	0.07416	0.06043	0.81348
97	918	T	0.00000	0.00005	0.00000	0.99994
97	919	T	0.00001	0.00003	0.00000	0.99997
97	920	A	0.71406	0.00035	0.28454	0.00105
97	921	C	0.00000	0.99997	0.00000	0.00003
97	922	C	0.00001	0.99972	0.00000	0.00027
97	923	R	0.54046	0.01655	0.43642	0.00658
97	924	T	0.00028	0.00466	0.00004	0.99502
97	925	T	0.00001	0.00003	0.00000	0.99996
97	926	G	0.01520	0.00003	0.98469	0.00008
97	927	A	0.99998	0.00000	0.00001	0.00001
97	928	A	1.00000	0.00000	0.00000	0.00000
97	929	T	0.00019	0.05935	0.00003	0.94043
97	930	A	0.99999	0.00000	0.00000	0.00001
97	931	T	0.00031	0.00107	0.00003	0.99859
97	932	T	0.12338	0.03030	0.00809	0.83824
97	933	G	0.00007	0.00000	0.99992	0.00001
97	934	C	0.00212	0.97814	0.01136	0.00838
97	935	C	0.13859	0.83417	0.00186	0.02537
97	936	T	0.00028	0.07719	0.00005	0.92249
97	937	T	0.00000	0.00000	0.00000	1.00000
97	938	G	0.15920	0.10130	0.62893	0.11057
97	939	A	0.57231	0.12302	0.15920	0.14546
97	940	G	0.09279	0.00013	0.90675	0.00033
97	941	T	0.00077	0.06706	0.00014	0.93203
97	942	A	0.99988	0.00001	0.00006	0.00005
97	943	T	0.00016	0.04074	0.00003	0.95907
97	944	T	0.00000	0.00000	0.00000	0.99999
97	945	A	0.99987	0.00001	0.00007	0.00005
97	946	C	0.00065	0.91690	0.00015	0.08229
97	947	C	0.00014	0.90055	0.00003	0.09928
97	948	T	0.00001	0.00004	0.00000	0.99996
97	949	G	0.00720	0.00003	0.99270	0.00007
97	950	G	0.00648	0.00006	0.99333	0.00013
97	951	T	0.00002	0.00008	0.00000	0.99990
97	952	T	0.00040	0.02636	0.00006	0.97318
97	953	G	0.00001	0.00000	0.99998	0.00000
97	954	G	0.09838	0.04460	0.80444	0.05258
97	955	T	0.13626	0.20135	0.08930	0.57310
97	956	G	0.09661	0.04500	0.80569	0.05269
97	957	A	0.73106	0.06905	0.10555	0.09434
97	958	-	0.29461	0.25132	0.18498	0.26909
97	959	A	0.69754	0.07943	0.11786	0.10517
97	960	G	0.17319	0.12339	0.55869	0.14473
97	961	Y	0.16092	0.30600	0.12189	0.41119
97	962	T	0.18364	0.23007	0.16480	0.42149
97	963	A	0.41821	0.17716	0.18335	0.22128
97	964	G	0.17425	0.13191	0.48338	0.21047
97	965	A	0.38806	0.23219	0.17525	0.20451
97	966	C	0.00002	0.99946	0.00001	0.00051
97	967	A	0.95401	0.03160	0.00323	0.01116
97	968	T	0.00001	0.00006	0.00000	0.99992
97	969	T	0.00009	0.00049	0.00001	0.99940
97	970	T	0.00027	0.04304	0.00005	0.95664
97	971	C	0.00042	0.95627	0.00010	0.04321
97	972	A	0.99964	0.00003	0.00019	0.00014
97	973	C	0.00014	0.99531	0.00003	0.00452
97	974	A	0.99975	0.00002	0.00013	0.00010
97	975	A	0.99975	0.00002	0.00011	0.00012
97	976	A	0.99999	0.00000	0.00000	0.00000
97	977	A	0.99957	0.00004	0.00024	0.00015
