7
NC_028364.1 0.0000000 0.7895563 0.5688497 0.4868496 0.7494238 0.6711520 0.8068976 
NC_028981.1 0.7895563 0.0000000 0.5764605 0.4888896 0.4954924 0.7089245 0.6760787 
NC_027818.1 0.5688497 0.5764605 0.0000000 0.3910466 0.4760017 0.6220115 0.5602431 
NC_028365.1 0.4868496 0.4888896 0.3910466 0.0000000 0.4200369 0.6931589 0.9106755 
NC_028366.1 0.7494238 0.4954924 0.4760017 0.4200369 0.0000000 0.6677238 0.7527166 
NC_028363.1 0.6711520 0.7089245 0.6220115 0.6931589 0.6677238 0.0000000 0.5771953 
NC_001489.1 0.8068976 0.6760787 0.5602431 0.9106755 0.7527166 0.5771953 0.0000000 
