Node	Site	State 	p_A	p_C	p_G	p_T
20	1	T	0.04083	0.07818	0.02569	0.85529
20	2	T	0.04083	0.07818	0.02569	0.85529
20	3	T	0.00000	0.00001	0.00000	0.99999
20	4	T	0.00213	0.00015	0.00003	0.99769
20	5	A	0.99998	0.00000	0.00001	0.00001
20	6	A	1.00000	0.00000	0.00000	0.00000
20	7	A	1.00000	0.00000	0.00000	0.00000
20	8	A	0.99861	0.00115	0.00006	0.00018
20	9	C	0.00000	0.99991	0.00000	0.00008
20	10	A	0.99999	0.00000	0.00001	0.00000
20	11	G	0.00312	0.00001	0.99685	0.00003
20	12	C	0.00000	0.99984	0.00000	0.00015
20	13	C	0.00001	0.99964	0.00000	0.00034
20	14	T	0.00040	0.02128	0.00009	0.97823
20	15	G	0.00036	0.00001	0.99959	0.00004
20	16	G	0.00032	0.00001	0.99963	0.00003
20	17	G	0.00000	0.00000	1.00000	0.00000
20	18	G	0.00001	0.00000	0.99999	0.00000
20	19	G	0.00000	0.00000	1.00000	0.00000
20	20	T	0.00000	0.00001	0.00000	0.99999
20	21	T	0.00000	0.00000	0.00000	1.00000
20	22	G	0.00001	0.00000	0.99999	0.00000
20	23	T	0.00000	0.00000	0.00000	1.00000
20	24	A	0.84020	0.00342	0.00303	0.15335
20	25	C	0.00000	1.00000	0.00000	0.00000
20	26	C	0.00000	1.00000	0.00000	0.00000
20	27	C	0.00000	0.99998	0.00000	0.00002
20	28	A	1.00000	0.00000	0.00000	0.00000
20	29	C	0.00000	1.00000	0.00000	0.00000
20	30	C	0.00000	0.99999	0.00000	0.00001
20	31	C	0.00000	1.00000	0.00000	0.00000
20	32	C	0.00004	0.99907	0.00001	0.00089
20	33	T	0.00055	0.02410	0.00011	0.97524
20	34	G	0.02835	0.00017	0.97096	0.00052
20	35	G	0.00014	0.00001	0.99984	0.00001
20	36	G	0.00002	0.00000	0.99998	0.00000
20	37	G	0.00003	0.00000	0.99997	0.00000
20	38	C	0.00000	1.00000	0.00000	0.00000
20	39	C	0.00000	0.99999	0.00000	0.00001
20	40	C	0.00000	0.99999	0.00000	0.00001
20	41	A	1.00000	0.00000	0.00000	0.00000
20	42	C	0.00000	0.99992	0.00000	0.00008
20	43	G	0.00012	0.00000	0.99987	0.00001
20	44	T	0.00007	0.00047	0.00001	0.99945
20	45	G	0.00000	0.00000	0.99999	0.00000
20	46	G	0.00000	0.00000	1.00000	0.00000
20	47	C	0.00002	0.99960	0.00000	0.00038
20	48	G	0.00000	0.00000	1.00000	0.00000
20	49	G	0.14206	0.08032	0.67262	0.10500
20	50	C	0.00606	0.73238	0.03248	0.22909
20	51	T	0.00001	0.00089	0.00000	0.99910
20	52	A	0.99996	0.00000	0.00003	0.00001
20	53	G	0.00000	0.00000	1.00000	0.00000
20	54	T	0.00001	0.00006	0.00000	0.99993
20	55	A	0.99634	0.00001	0.00360	0.00005
20	56	C	0.00000	0.99998	0.00000	0.00002
20	57	T	0.00005	0.01179	0.00001	0.98815
20	58	C	0.00001	0.99670	0.00000	0.00329
20	59	T	0.00000	0.00001	0.00000	0.99999
20	60	G	0.00000	0.00000	0.99999	0.00000
20	61	G	0.00001	0.00000	0.99998	0.00000
20	62	T	0.00000	0.00026	0.00000	0.99974
20	63	A	0.99134	0.00029	0.00039	0.00798
20	64	C	0.00017	0.98364	0.00005	0.01614
20	65	G	0.00043	0.00002	0.99951	0.00005
20	66	C	0.00048	0.91342	0.00010	0.08601
20	67	T	0.00002	0.00013	0.00000	0.99984
20	68	C	0.05355	0.80234	0.02818	0.11593
20	69	A	0.99999	0.00000	0.00001	0.00000
20	70	G	0.00000	0.00000	1.00000	0.00000
20	71	T	0.01017	0.00093	0.00015	0.98875
20	72	A	0.99976	0.00000	0.00023	0.00000
20	73	C	0.00000	0.99997	0.00000	0.00003
20	74	C	0.00000	0.99999	0.00000	0.00001
20	75	T	0.00004	0.00287	0.00001	0.99708
20	76	T	0.00000	0.00000	0.00000	1.00000
20	77	T	0.00000	0.00000	0.00000	1.00000
20	78	G	0.00001	0.00000	0.99999	0.00000
20	79	T	0.00007	0.00849	0.00002	0.99142
20	80	A	0.99999	0.00000	0.00000	0.00000
20	81	C	0.00000	1.00000	0.00000	0.00000
20	82	G	0.00000	0.00000	1.00000	0.00000
20	83	C	0.00000	1.00000	0.00000	0.00000
20	84	C	0.00000	1.00000	0.00000	0.00000
20	85	T	0.00000	0.00001	0.00000	0.99998
20	86	G	0.00012	0.00000	0.99986	0.00001
20	87	T	0.00000	0.00000	0.00000	1.00000
20	88	T	0.00000	0.00000	0.00000	1.00000
20	89	T	0.00000	0.00000	0.00000	1.00000
20	90	T	0.00001	0.00005	0.00000	0.99995
20	91	C	0.00056	0.92797	0.00014	0.07133
20	92	C	0.00001	0.99980	0.00000	0.00019
20	93	C	0.00004	0.99883	0.00001	0.00111
20	94	C	0.00022	0.98160	0.00006	0.01812
20	95	T	0.00034	0.00369	0.00003	0.99594
20	96	T	0.05253	0.09836	0.03406	0.81506
20	97	C	0.00000	0.99999	0.00000	0.00001
20	98	C	0.00000	1.00000	0.00000	0.00000
20	99	C	0.00006	0.99732	0.00002	0.00260
20	100	T	0.00002	0.00017	0.00001	0.99980
20	101	T	0.03383	0.06559	0.02091	0.87967
20	102	T	0.00827	0.01948	0.00448	0.96777
20	103	C	0.00005	0.99936	0.00002	0.00056
20	104	C	0.00000	0.99999	0.00000	0.00000
20	105	C	0.00000	0.99999	0.00000	0.00000
20	106	C	0.00000	0.99994	0.00000	0.00006
20	107	C	0.02661	0.92149	0.00108	0.05081
20	108	A	0.98506	0.00308	0.00632	0.00554
20	109	C	0.00002	0.99939	0.00001	0.00058
20	110	C	0.00007	0.99815	0.00002	0.00175
20	111	C	0.00007	0.99803	0.00002	0.00187
20	112	C	0.00007	0.99809	0.00002	0.00182
20	113	G	0.00000	0.00000	1.00000	0.00000
20	114	T	0.00031	0.01789	0.00008	0.98172
20	115	A	1.00000	0.00000	0.00000	0.00000
20	116	A	1.00000	0.00000	0.00000	0.00000
20	117	C	0.00000	0.99996	0.00000	0.00004
20	118	-	0.24418	0.24535	0.20233	0.30814
20	119	T	0.00001	0.00004	0.00000	0.99995
20	120	A	0.55133	0.12294	0.16433	0.16141
20	121	T	0.13210	0.20317	0.10632	0.55840
20	122	C	0.11251	0.56689	0.09340	0.22719
20	123	T	0.00000	0.00000	0.00000	1.00000
20	124	A	1.00000	0.00000	0.00000	0.00000
20	125	G	0.00000	0.00000	1.00000	0.00000
20	126	A	1.00000	0.00000	0.00000	0.00000
20	127	A	0.99999	0.00000	0.00000	0.00000
20	128	G	0.00000	0.00000	1.00000	0.00000
20	129	T	0.00141	0.27314	0.00033	0.72512
20	130	T	0.17890	0.20070	0.11450	0.50589
20	131	Y	0.18993	0.30596	0.13692	0.36719
20	132	A	0.76959	0.05581	0.09098	0.08361
20	133	T	0.17890	0.20070	0.11450	0.50589
20	134	A	0.99974	0.00003	0.00014	0.00009
20	135	T	0.03252	0.33669	0.00108	0.62970
20	136	T	0.00396	0.00189	0.00032	0.99383
20	137	G	0.00282	0.00003	0.99701	0.00014
20	138	A	0.98068	0.00147	0.00606	0.01180
20	139	A	0.99972	0.00003	0.00015	0.00009
20	140	C	0.00000	0.99991	0.00000	0.00008
20	141	A	0.99999	0.00000	0.00000	0.00000
20	142	C	0.00005	0.99847	0.00001	0.00147
20	143	A	0.98973	0.00146	0.00542	0.00340
20	144	A	0.99973	0.00002	0.00017	0.00008
20	145	A	0.99863	0.00007	0.00023	0.00107
20	146	C	0.00005	0.99864	0.00002	0.00129
20	147	C	0.00018	0.98204	0.00004	0.01774
20	148	A	0.57156	0.11606	0.15825	0.15413
20	149	G	0.00000	0.00000	1.00000	0.00000
20	150	A	0.99461	0.00007	0.00503	0.00029
20	151	C	0.00003	0.99907	0.00001	0.00088
20	152	C	0.00000	1.00000	0.00000	0.00000
20	153	A	0.99999	0.00000	0.00000	0.00000
20	154	A	0.99990	0.00001	0.00006	0.00003
20	155	T	0.00001	0.00005	0.00000	0.99995
20	156	A	1.00000	0.00000	0.00000	0.00000
20	157	G	0.00000	0.00000	1.00000	0.00000
20	158	Y	0.17929	0.31160	0.15254	0.35656
20	159	A	0.62912	0.07801	0.17959	0.11329
20	160	G	0.21975	0.11283	0.52022	0.14720
20	161	G	0.08091	0.03497	0.83438	0.04975
20	162	C	0.04719	0.78812	0.03419	0.13050
20	163	G	0.15663	0.07221	0.67345	0.09770
20	164	D	0.24026	0.18590	0.31944	0.25440
20	165	G	0.00762	0.00022	0.99118	0.00098
20	166	G	0.00002	0.00000	0.99997	0.00000
20	167	C	0.00007	0.99822	0.00002	0.00169
20	168	G	0.00554	0.00455	0.98763	0.00228
20	169	C	0.00024	0.94732	0.00006	0.05238
20	170	G	0.00184	0.00020	0.99653	0.00143
20	171	G	0.02913	0.00018	0.97017	0.00053
20	172	C	0.00001	0.99980	0.00000	0.00019
20	173	A	1.00000	0.00000	0.00000	0.00000
20	174	T	0.01234	0.03338	0.07127	0.88302
20	175	C	0.00000	1.00000	0.00000	0.00000
20	176	C	0.00000	1.00000	0.00000	0.00000
20	177	A	0.99999	0.00000	0.00000	0.00000
20	178	G	0.00006	0.00000	0.99993	0.00001
20	179	T	0.00117	0.39246	0.00029	0.60609
20	180	Y	0.00103	0.51977	0.00023	0.47897
20	181	G	0.03053	0.00020	0.96868	0.00059
20	182	C	0.00855	0.97569	0.00059	0.01518
20	183	G	0.00021	0.00001	0.99976	0.00002
20	184	C	0.00003	0.99230	0.00001	0.00766
20	185	A	0.98857	0.00058	0.00109	0.00976
20	186	A	0.44816	0.12841	0.24797	0.17547
20	187	A	0.99960	0.00001	0.00035	0.00004
20	188	C	0.00016	0.99725	0.00003	0.00257
20	189	G	0.00000	0.00000	1.00000	0.00000
20	190	G	0.00026	0.00001	0.99971	0.00003
20	191	T	0.00015	0.00104	0.00003	0.99877
20	192	C	0.00000	1.00000	0.00000	0.00000
20	193	A	1.00000	0.00000	0.00000	0.00000
20	194	A	0.99999	0.00000	0.00000	0.00000
20	195	G	0.00001	0.00000	0.99999	0.00000
20	196	C	0.00000	0.99996	0.00000	0.00004
20	197	A	1.00000	0.00000	0.00000	0.00000
20	198	C	0.00000	1.00000	0.00000	0.00000
20	199	T	0.00000	0.00000	0.00000	1.00000
20	200	T	0.00000	0.00000	0.00000	1.00000
20	201	C	0.00000	1.00000	0.00000	0.00000
20	202	T	0.00000	0.00000	0.00000	1.00000
20	203	G	0.00000	0.00000	1.00000	0.00000
20	204	T	0.00000	0.00000	0.00000	1.00000
20	205	T	0.00003	0.00901	0.00001	0.99095
20	206	T	0.00000	0.00003	0.00000	0.99997
20	207	Y	0.12469	0.37306	0.10217	0.40008
20	208	C	0.00000	0.99999	0.00000	0.00001
20	209	C	0.00000	0.99999	0.00000	0.00001
20	210	C	0.00000	1.00000	0.00000	0.00000
20	211	C	0.00000	0.99999	0.00000	0.00001
20	212	G	0.00000	0.00000	1.00000	0.00000
20	213	G	0.00000	0.00000	0.99999	0.00000
20	214	T	0.00010	0.00132	0.00002	0.99856
20	215	C	0.00007	0.99824	0.00002	0.00168
20	216	C	0.00035	0.99259	0.00004	0.00702
20	217	G	0.00019	0.00001	0.99978	0.00002
20	218	R	0.39875	0.13148	0.28409	0.18568
20	219	G	0.18426	0.08463	0.61411	0.11701
20	220	T	0.18624	0.24286	0.16563	0.40527
20	221	D	0.31476	0.16325	0.30652	0.21547
20	222	Y	0.18552	0.29833	0.18671	0.32944
20	223	A	0.51542	0.13420	0.16885	0.18153
20	224	W	0.27039	0.21007	0.15570	0.36384
20	225	A	0.60606	0.07343	0.21404	0.10648
20	226	T	0.16778	0.19553	0.25552	0.38117
20	227	C	0.15519	0.41194	0.18037	0.25251
20	228	G	0.18900	0.13674	0.47167	0.20259
20	229	G	0.23980	0.09564	0.53855	0.12601
20	230	T	0.02942	0.06255	0.01735	0.89067
20	231	A	0.80451	0.02221	0.13503	0.03824
20	232	G	0.22308	0.12289	0.49346	0.16057
20	233	G	0.18361	0.06851	0.65189	0.09599
20	234	C	0.02242	0.81626	0.01383	0.14749
20	235	T	0.02885	0.06138	0.01698	0.89279
20	236	G	0.09394	0.04915	0.74390	0.11301
20	237	T	0.09977	0.19490	0.06939	0.63595
20	238	A	0.57205	0.10981	0.16050	0.15764
20	239	C	0.05460	0.75067	0.03877	0.15597
20	240	C	0.11001	0.54611	0.08489	0.25899
20	241	C	0.03629	0.82820	0.02511	0.11041
20	242	A	0.74690	0.05965	0.10126	0.09219
20	243	C	0.13374	0.55347	0.10768	0.20511
20	244	G	0.08079	0.03291	0.83846	0.04784
20	245	G	0.04807	0.01794	0.90708	0.02691
20	246	C	0.07794	0.64985	0.05714	0.21507
20	247	T	0.18461	0.26198	0.14872	0.40468
20	248	G	0.12478	0.05093	0.75210	0.07219
20	249	A	0.89605	0.02300	0.04257	0.03838
20	250	A	0.83603	0.03738	0.06645	0.06015
20	251	A	0.66838	0.06865	0.16013	0.10284
20	252	G	0.20852	0.17158	0.42961	0.19029
20	253	Y	0.19825	0.34564	0.16177	0.29434
20	254	G	0.21877	0.11585	0.50873	0.15665
20	255	A	0.74909	0.06139	0.09853	0.09099
20	256	C	0.00365	0.81005	0.00027	0.18604
20	257	A	0.99962	0.00003	0.00023	0.00011
20	258	A	0.96955	0.00191	0.00260	0.02594
20	259	G	0.00206	0.00003	0.99773	0.00017
20	260	G	0.00027	0.00001	0.99969	0.00003
20	261	A	0.97833	0.00006	0.02138	0.00023
20	262	T	0.00003	0.00019	0.00001	0.99978
20	263	C	0.00000	1.00000	0.00000	0.00000
20	264	G	0.00000	0.00000	1.00000	0.00000
20	265	T	0.00000	0.00000	0.00000	1.00000
20	266	T	0.00000	0.00004	0.00000	0.99996
20	267	A	1.00000	0.00000	0.00000	0.00000
20	268	C	0.00025	0.95579	0.00006	0.04389
20	269	C	0.00000	0.99999	0.00000	0.00001
20	270	C	0.00000	0.99999	0.00000	0.00001
20	271	G	0.00000	0.00000	0.99999	0.00000
20	272	C	0.00000	0.99999	0.00000	0.00001
20	273	C	0.00000	0.99993	0.00000	0.00007
20	274	C	0.00004	0.99899	0.00001	0.00096
20	275	A	0.99281	0.00396	0.00086	0.00237
20	276	G	0.31732	0.04675	0.62006	0.01586
20	277	T	0.21389	0.02339	0.17704	0.58568
20	278	C	0.00001	0.99963	0.00000	0.00036
20	279	T	0.00036	0.12713	0.00008	0.87243
20	280	A	0.99999	0.00000	0.00001	0.00000
20	281	C	0.00000	1.00000	0.00000	0.00000
20	282	T	0.00000	0.00000	0.00000	1.00000
20	283	A	0.99996	0.00000	0.00002	0.00001
20	284	C	0.00000	1.00000	0.00000	0.00000
20	285	G	0.01013	0.00002	0.98977	0.00007
20	286	A	0.79463	0.00023	0.20433	0.00081
20	287	G	0.00807	0.00003	0.99181	0.00009
20	288	C	0.15153	0.45245	0.13542	0.26060
20	289	A	0.43220	0.16557	0.19747	0.20476
20	290	T	0.16758	0.23305	0.14678	0.45259
20	291	A	0.99999	0.00000	0.00001	0.00000
20	292	A	1.00000	0.00000	0.00000	0.00000
20	293	G	0.00024	0.00001	0.99972	0.00003
20	294	C	0.00000	0.99999	0.00000	0.00001
20	295	C	0.00000	0.99997	0.00000	0.00003
20	296	T	0.00000	0.00003	0.00000	0.99997
20	297	A	1.00000	0.00000	0.00000	0.00000
20	298	G	0.00597	0.04231	0.53951	0.41221
20	299	T	0.00000	0.00000	0.00000	1.00000
20	300	A	1.00000	0.00000	0.00000	0.00000
20	301	A	0.98405	0.00131	0.00198	0.01266
20	302	C	0.00000	0.99999	0.00000	0.00001
20	303	T	0.00047	0.06783	0.00009	0.93161
20	304	A	0.99524	0.00010	0.00428	0.00038
20	305	T	0.01856	0.22789	0.19135	0.56220
20	306	T	0.00071	0.17522	0.00016	0.82391
20	307	G	0.00158	0.03498	0.96132	0.00213
20	308	G	0.14284	0.07460	0.68218	0.10038
20	309	G	0.19884	0.11904	0.52571	0.15641
20	310	G	0.17777	0.08668	0.61938	0.11617
20	311	A	0.99996	0.00000	0.00003	0.00001
20	312	A	0.99979	0.00002	0.00013	0.00006
20	313	A	0.59085	0.00092	0.40529	0.00294
20	314	C	0.00027	0.97161	0.00015	0.02798
20	315	T	0.00082	0.01029	0.00092	0.98796
20	316	A	0.68088	0.00565	0.26192	0.05156
20	317	T	0.05015	0.00996	0.01952	0.92037
20	318	T	0.00799	0.16087	0.01696	0.81418
20	319	G	0.01604	0.00015	0.98337	0.00045
20	320	A	0.99863	0.00040	0.00052	0.00045
20	321	A	0.72839	0.00038	0.26998	0.00125
20	322	A	0.98285	0.00010	0.01666	0.00039
20	323	G	0.21685	0.14781	0.40025	0.23509
20	324	G	0.03348	0.00010	0.96609	0.00033
20	325	G	0.00000	0.00000	1.00000	0.00000
20	326	T	0.00000	0.00001	0.00000	0.99998
20	327	T	0.00000	0.00002	0.00000	0.99998
20	328	G	0.00008	0.00000	0.99991	0.00001
20	329	C	0.00000	1.00000	0.00000	0.00000
20	330	G	0.00001	0.00000	0.99999	0.00000
20	331	C	0.00001	0.99980	0.00000	0.00020
20	332	T	0.00000	0.00001	0.00000	0.99998
20	333	C	0.00000	1.00000	0.00000	0.00000
20	334	A	0.99281	0.00108	0.00548	0.00063
20	335	G	0.02137	0.00004	0.97846	0.00013
20	336	C	0.00000	1.00000	0.00000	0.00000
20	337	C	0.00001	0.99986	0.00000	0.00013
20	338	A	0.99969	0.00003	0.00019	0.00010
20	339	A	0.49063	0.13411	0.15098	0.22429
20	340	B	0.18083	0.29136	0.21427	0.31355
20	341	C	0.00002	0.99933	0.00001	0.00064
20	342	A	0.99253	0.00010	0.00697	0.00040
20	343	A	0.98436	0.00072	0.00097	0.01395
20	344	C	0.00001	0.99980	0.00000	0.00019
20	345	C	0.00000	1.00000	0.00000	0.00000
20	346	C	0.00000	1.00000	0.00000	0.00000
20	347	C	0.00000	0.99996	0.00000	0.00004
20	348	A	0.99240	0.00010	0.00709	0.00040
20	349	R	0.33475	0.14202	0.34660	0.17662
20	350	A	0.62370	0.07385	0.19819	0.10426
20	351	-	0.30839	0.21787	0.24829	0.22544
20	352	G	0.00004	0.00000	0.99995	0.00000
20	353	T	0.00000	0.00001	0.00000	0.99999
20	354	G	0.00003	0.00000	0.99997	0.00000
20	355	G	0.00003	0.00000	0.99996	0.00000
20	356	T	0.00000	0.00001	0.00000	0.99999
20	357	A	1.00000	0.00000	0.00000	0.00000
20	358	G	0.00001	0.00000	0.99999	0.00000
20	359	C	0.00006	0.99849	0.00002	0.00143
20	360	T	0.00000	0.00001	0.00000	0.99999
20	361	C	0.00001	0.99966	0.00000	0.00032
20	362	T	0.00085	0.05649	0.00020	0.94246
20	363	G	0.00000	0.00000	1.00000	0.00000
20	364	A	0.99963	0.00000	0.00036	0.00001
20	365	G	0.00370	0.00003	0.99619	0.00008
20	366	T	0.03355	0.00605	0.00067	0.95973
20	367	G	0.00000	0.00000	1.00000	0.00000
20	368	A	1.00000	0.00000	0.00000	0.00000
20	369	T	0.00000	0.00000	0.00000	1.00000
20	370	G	0.00000	0.00000	1.00000	0.00000
20	371	G	0.00003	0.00000	0.99997	0.00000
20	372	G	0.00001	0.00000	0.99999	0.00000
20	373	G	0.00001	0.00000	0.99998	0.00000
20	374	C	0.00000	1.00000	0.00000	0.00000
20	375	T	0.00000	0.00003	0.00000	0.99997
20	376	C	0.00002	0.99947	0.00001	0.00050
20	377	G	0.00002	0.00000	0.99998	0.00000
20	378	C	0.00003	0.99925	0.00001	0.00072
20	379	G	0.23471	0.00061	0.76377	0.00091
20	380	A	0.99930	0.00004	0.00054	0.00012
20	381	Y	0.01914	0.52260	0.00081	0.45745
20	382	M	0.47153	0.45904	0.01146	0.05797
20	383	A	0.95342	0.00137	0.00154	0.04366
20	384	C	0.00000	1.00000	0.00000	0.00000
20	385	C	0.00000	1.00000	0.00000	0.00000
20	386	C	0.00000	0.99997	0.00000	0.00003
20	387	C	0.00000	1.00000	0.00000	0.00000
20	388	C	0.00000	0.99999	0.00000	0.00001
20	389	G	0.00044	0.00008	0.99768	0.00181
20	390	T	0.00008	0.00056	0.00002	0.99935
20	391	G	0.00001	0.00000	0.99999	0.00000
20	392	G	0.00000	0.00000	1.00000	0.00000
20	393	T	0.00003	0.00022	0.00001	0.99975
20	394	A	0.99999	0.00000	0.00000	0.00000
20	395	A	1.00000	0.00000	0.00000	0.00000
20	396	C	0.00000	0.99999	0.00000	0.00001
20	397	A	0.99984	0.00001	0.00010	0.00005
20	398	C	0.00343	0.99398	0.00013	0.00245
20	399	G	0.00003	0.00000	0.99997	0.00000
20	400	G	0.00000	0.00000	1.00000	0.00000
20	401	T	0.21877	0.00429	0.00123	0.77570
20	402	C	0.00043	0.71188	0.00011	0.28759
20	403	G	0.00011	0.00000	0.99987	0.00001
20	404	C	0.00000	0.99996	0.00000	0.00004
20	405	T	0.00006	0.00078	0.00001	0.99914
20	406	T	0.00004	0.00025	0.00001	0.99970
20	407	G	0.00000	0.00000	1.00000	0.00000
20	408	C	0.00000	0.99995	0.00000	0.00005
20	409	C	0.00000	0.99997	0.00000	0.00003
20	410	C	0.00000	0.99993	0.00000	0.00007
20	411	G	0.00000	0.00000	1.00000	0.00000
20	412	C	0.00000	0.99999	0.00000	0.00001
20	413	G	0.00000	0.00000	1.00000	0.00000
20	414	C	0.00002	0.98933	0.00000	0.01064
20	415	G	0.00000	0.00000	1.00000	0.00000
20	416	T	0.00008	0.01429	0.00002	0.98561
20	417	G	0.00000	0.00000	1.00000	0.00000
20	418	C	0.00000	1.00000	0.00000	0.00000
20	419	A	0.99617	0.00008	0.00015	0.00360
20	420	C	0.00001	0.99916	0.00000	0.00083
20	421	T	0.00000	0.00047	0.00000	0.99952
20	422	C	0.00000	1.00000	0.00000	0.00000
20	423	G	0.00697	0.00060	0.99108	0.00135
20	424	G	0.08238	0.03598	0.83079	0.05085
20	425	C	0.04423	0.80030	0.03196	0.12350
20	426	C	0.09331	0.54282	0.07009	0.29378
20	427	C	0.10357	0.52295	0.07918	0.29430
20	428	A	0.63806	0.08302	0.16017	0.11875
20	429	C	0.03686	0.82911	0.02605	0.10799
20	430	A	0.42780	0.19500	0.17685	0.20035
20	431	C	0.03713	0.82466	0.02579	0.11241
20	432	C	0.05994	0.72133	0.04297	0.17576
20	433	Y	0.17963	0.30077	0.14647	0.37313
20	434	A	0.41615	0.19209	0.17454	0.21722
20	435	-	0.21008	0.22562	0.25013	0.31418
20	436	-	0.19664	0.24923	0.23813	0.31599
20	437	B	0.20182	0.24864	0.22002	0.32951
20	438	G	0.00000	0.00000	0.99999	0.00000
20	439	G	0.00008	0.00000	0.99991	0.00001
20	440	T	0.01344	0.00846	0.37873	0.59938
20	441	T	0.00020	0.00145	0.00004	0.99831
20	442	C	0.00011	0.99031	0.00003	0.00956
20	443	A	0.80977	0.16350	0.01246	0.01427
20	444	G	0.00479	0.00027	0.99436	0.00058
20	445	G	0.02474	0.35144	0.58397	0.03985
20	446	C	0.00053	0.80649	0.00013	0.19285
20	447	C	0.00028	0.98714	0.00003	0.01256
20	448	T	0.01236	0.01718	0.00043	0.97003
20	449	T	0.00003	0.00114	0.00001	0.99882
20	450	T	0.00164	0.13430	0.00103	0.86303
20	451	G	0.00126	0.00218	0.99585	0.00071
20	452	G	0.01248	0.00003	0.98739	0.00010
20	453	C	0.00058	0.97332	0.00282	0.02328
20	454	C	0.00021	0.59271	0.00005	0.40703
20	455	G	0.00000	0.00000	1.00000	0.00000
20	456	T	0.00001	0.00005	0.00000	0.99995
20	457	T	0.00003	0.00026	0.00001	0.99970
20	458	C	0.00006	0.99854	0.00002	0.00139
20	459	A	0.99937	0.00005	0.00038	0.00019
20	460	C	0.00008	0.99800	0.00002	0.00191
20	461	C	0.00005	0.98082	0.00001	0.01911
20	462	T	0.00048	0.04705	0.00011	0.95236
20	463	T	0.00141	0.42051	0.00034	0.57774
20	464	G	0.36873	0.00063	0.62867	0.00197
20	465	A	0.99924	0.00006	0.00048	0.00023
20	466	C	0.00058	0.99225	0.00448	0.00269
20	467	A	0.99817	0.00139	0.00008	0.00036
20	468	C	0.00600	0.95262	0.00011	0.04127
20	469	A	0.99998	0.00000	0.00002	0.00000
20	470	G	0.26166	0.00192	0.72079	0.01563
20	471	T	0.00015	0.01976	0.00007	0.98002
20	472	G	0.00005	0.00000	0.99993	0.00001
20	473	T	0.00002	0.00008	0.00001	0.99989
20	474	A	0.99829	0.00021	0.00094	0.00057
20	475	A	0.99829	0.00021	0.00094	0.00057
20	476	G	0.11130	0.00132	0.88409	0.00329
20	477	T	0.00063	0.00279	0.00020	0.99639
20	478	G	0.23715	0.00257	0.75412	0.00616
20	479	G	0.00005	0.00000	0.99993	0.00001
20	480	C	0.00051	0.99121	0.00020	0.00808
20	481	C	0.00074	0.99092	0.00474	0.00361
20	482	A	1.00000	0.00000	0.00000	0.00000
20	483	A	1.00000	0.00000	0.00000	0.00000
20	484	G	0.00000	0.00000	1.00000	0.00000
20	485	A	0.99753	0.00192	0.00015	0.00041
20	486	G	0.00001	0.00000	0.99999	0.00000
20	487	C	0.00001	0.99972	0.00000	0.00027
20	488	C	0.00000	1.00000	0.00000	0.00000
20	489	T	0.00002	0.00016	0.00001	0.99981
20	490	A	0.99997	0.00000	0.00002	0.00001
20	491	T	0.00057	0.24054	0.00012	0.75877
20	492	T	0.00000	0.00001	0.00000	0.99999
20	493	G	0.00000	0.00000	1.00000	0.00000
20	494	T	0.00002	0.00013	0.00000	0.99984
20	495	G	0.00000	0.00000	1.00000	0.00000
20	496	C	0.00000	1.00000	0.00000	0.00000
20	497	T	0.00000	0.00000	0.00000	1.00000
20	498	G	0.03980	0.00017	0.95950	0.00053
20	499	C	0.10847	0.49669	0.08559	0.30925
20	500	G	0.00006	0.00000	0.99993	0.00001
20	501	T	0.39363	0.01590	0.00758	0.58289
20	502	T	0.00894	0.00793	0.01834	0.96478
20	503	T	0.00320	0.00368	0.00503	0.98809
20	504	G	0.00025	0.00001	0.99971	0.00003
20	505	G	0.00007	0.00000	0.99992	0.00001
20	506	T	0.00004	0.00030	0.00001	0.99965
20	507	T	0.00003	0.00032	0.00001	0.99964
20	508	T	0.02540	0.00512	0.00089	0.96860
20	509	T	0.00000	0.00002	0.00000	0.99998
20	510	C	0.00000	1.00000	0.00000	0.00000
20	511	C	0.00000	0.99998	0.00000	0.00002
20	512	T	0.00000	0.00001	0.00000	0.99999
20	513	C	0.00000	1.00000	0.00000	0.00000
20	514	C	0.00000	0.99999	0.00000	0.00001
20	515	G	0.00001	0.00000	0.99999	0.00000
20	516	G	0.00000	0.00000	1.00000	0.00000
20	517	A	0.95555	0.00004	0.04428	0.00013
20	518	G	0.00000	0.00000	1.00000	0.00000
20	519	C	0.00001	0.99980	0.00000	0.00019
20	520	C	0.00000	1.00000	0.00000	0.00000
20	521	G	0.00000	0.00000	1.00000	0.00000
20	522	T	0.00000	0.00000	0.00000	1.00000
20	523	G	0.00000	0.00000	1.00000	0.00000
20	524	A	1.00000	0.00000	0.00000	0.00000
20	525	A	1.00000	0.00000	0.00000	0.00000
20	526	T	0.00000	0.00000	0.00000	1.00000
20	527	G	0.00000	0.00000	1.00000	0.00000
20	528	C	0.00000	0.99999	0.00000	0.00001
20	529	T	0.00000	0.00002	0.00000	0.99997
20	530	G	0.00000	0.00000	1.00000	0.00000
20	531	C	0.00000	0.99999	0.00000	0.00001
20	532	T	0.00000	0.00000	0.00000	1.00000
20	533	A	1.00000	0.00000	0.00000	0.00000
20	534	A	1.00000	0.00000	0.00000	0.00000
20	535	T	0.00001	0.00010	0.00000	0.99989
20	536	C	0.00000	1.00000	0.00000	0.00000
20	537	C	0.00000	0.99990	0.00000	0.00010
20	538	C	0.00021	0.92791	0.00005	0.07183
20	539	A	1.00000	0.00000	0.00000	0.00000
20	540	A	1.00000	0.00000	0.00000	0.00000
20	541	C	0.00000	1.00000	0.00000	0.00000
20	542	C	0.00000	0.99997	0.00000	0.00003
20	543	T	0.00056	0.04595	0.00013	0.95335
20	544	C	0.00000	0.99989	0.00000	0.00010
20	545	C	0.00001	0.99977	0.00000	0.00021
20	546	G	0.01148	0.00003	0.98839	0.00010
20	547	A	1.00000	0.00000	0.00000	0.00000
20	548	G	0.00000	0.00000	1.00000	0.00000
20	549	C	0.00000	0.99999	0.00000	0.00001
20	550	G	0.00025	0.00001	0.99971	0.00003
20	551	T	0.00021	0.00150	0.00005	0.99824
20	552	G	0.00043	0.00002	0.99951	0.00005
20	553	T	0.00005	0.00035	0.00001	0.99959
20	554	G	0.00011	0.00000	0.99987	0.00001
20	555	C	0.00002	0.99941	0.00001	0.00056
20	556	G	0.00043	0.00002	0.99951	0.00005
20	557	C	0.00002	0.99942	0.00001	0.00056
20	558	A	0.99964	0.00003	0.00022	0.00011
20	559	C	0.00000	0.99994	0.00000	0.00006
20	560	A	0.99997	0.00000	0.00002	0.00001
20	561	A	1.00000	0.00000	0.00000	0.00000
20	562	T	0.03163	0.00721	0.00122	0.95994
20	563	C	0.00000	1.00000	0.00000	0.00000
20	564	C	0.00000	1.00000	0.00000	0.00000
20	565	A	1.00000	0.00000	0.00000	0.00000
20	566	G	0.00003	0.00000	0.99996	0.00000
20	567	T	0.00007	0.00053	0.00002	0.99938
20	568	G	0.00020	0.00001	0.99977	0.00002
20	569	G	0.26068	0.15135	0.39282	0.19515
20	570	T	0.00023	0.00157	0.00005	0.99814
20	571	T	0.00003	0.00022	0.00001	0.99974
20	572	G	0.00018	0.00001	0.99980	0.00002
20	573	C	0.00001	0.99969	0.00000	0.00030
20	574	T	0.00030	0.00204	0.00006	0.99760
20	575	A	0.99941	0.00005	0.00036	0.00018
20	576	C	0.00004	0.99893	0.00001	0.00102
20	577	G	0.00000	0.00000	1.00000	0.00000
20	578	T	0.00000	0.00000	0.00000	1.00000
20	579	C	0.00000	0.99999	0.00000	0.00001
20	580	G	0.00001	0.00000	0.99999	0.00000
20	581	T	0.00000	0.00000	0.00000	1.00000
20	582	A	1.00000	0.00000	0.00000	0.00000
20	583	A	1.00000	0.00000	0.00000	0.00000
20	584	C	0.00001	0.99969	0.00000	0.00030
20	585	G	0.00001	0.00000	0.99999	0.00000
20	586	C	0.00001	0.99973	0.00000	0.00026
20	587	G	0.00000	0.00000	1.00000	0.00000
20	588	T	0.00071	0.07583	0.00016	0.92330
20	589	A	1.00000	0.00000	0.00000	0.00000
20	590	A	1.00000	0.00000	0.00000	0.00000
20	591	G	0.00014	0.00001	0.99984	0.00002
20	592	T	0.00000	0.00001	0.00000	0.99999
20	593	T	0.00003	0.00019	0.00001	0.99978
20	594	G	0.00028	0.00001	0.99967	0.00003
20	595	G	0.00000	0.00000	1.00000	0.00000
20	596	A	0.99986	0.00001	0.00008	0.00004
20	597	G	0.00001	0.00000	0.99999	0.00000
20	598	G	0.00016	0.00001	0.99982	0.00002
20	599	C	0.00000	0.99991	0.00000	0.00009
20	600	G	0.00000	0.00000	1.00000	0.00000
20	601	G	0.00000	0.00000	1.00000	0.00000
20	602	A	0.99996	0.00000	0.00002	0.00001
20	603	A	1.00000	0.00000	0.00000	0.00000
20	604	C	0.00000	1.00000	0.00000	0.00000
20	605	A	0.99999	0.00000	0.00000	0.00000
20	606	G	0.00008	0.00000	0.99992	0.00000
20	607	A	1.00000	0.00000	0.00000	0.00000
20	608	C	0.00000	1.00000	0.00000	0.00000
20	609	T	0.00000	0.00000	0.00000	1.00000
20	610	A	1.00000	0.00000	0.00000	0.00000
20	611	C	0.00000	1.00000	0.00000	0.00000
20	612	T	0.00000	0.00000	0.00000	1.00000
20	613	T	0.00000	0.00000	0.00000	1.00000
20	614	T	0.00000	0.00000	0.00000	1.00000
20	615	C	0.00000	0.99998	0.00000	0.00002
20	616	G	0.00000	0.00000	1.00000	0.00000
20	617	G	0.00000	0.00000	1.00000	0.00000
20	618	T	0.00001	0.00011	0.00000	0.99988
20	619	A	0.99998	0.00000	0.00001	0.00001
20	620	C	0.00002	0.99938	0.00001	0.00059
20	621	T	0.00003	0.01728	0.00001	0.98268
20	622	C	0.00000	0.99999	0.00000	0.00001
20	623	C	0.00000	0.99999	0.00000	0.00001
20	624	G	0.00000	0.00000	1.00000	0.00000
20	625	T	0.00000	0.00000	0.00000	1.00000
20	626	G	0.00000	0.00000	1.00000	0.00000
20	627	T	0.00000	0.00000	0.00000	1.00000
20	628	T	0.00000	0.00000	0.00000	1.00000
20	629	T	0.00000	0.00000	0.00000	1.00000
20	630	C	0.00000	1.00000	0.00000	0.00000
20	631	C	0.00002	0.99749	0.00000	0.00249
20	632	T	0.00000	0.00003	0.00000	0.99997
20	633	T	0.00025	0.00245	0.00006	0.99725
20	634	T	0.00000	0.00001	0.00000	0.99999
20	635	A	0.98278	0.00095	0.00890	0.00737
20	636	T	0.00004	0.00027	0.00001	0.99968
20	637	T	0.00015	0.01569	0.00002	0.98415
20	638	T	0.00001	0.00009	0.00000	0.99989
20	639	T	0.00784	0.16080	0.02847	0.80288
20	640	A	0.73940	0.00428	0.00217	0.25416
20	641	T	0.00001	0.00003	0.00000	0.99996
20	642	T	0.00113	0.00214	0.00008	0.99665
20	643	T	0.01077	0.00608	0.00048	0.98267
20	644	T	0.00152	0.00292	0.00012	0.99545
20	645	T	0.00260	0.02539	0.00391	0.96811
20	646	K	0.18642	0.18712	0.30132	0.32514
20	647	W	0.29799	0.19277	0.15003	0.35920
20	648	T	0.42534	0.00920	0.00462	0.56084
20	649	A	0.99437	0.00058	0.00351	0.00153
20	650	A	0.98980	0.00100	0.00661	0.00259
20	651	A	0.99075	0.00292	0.00075	0.00557
20	652	A	0.99988	0.00001	0.00007	0.00004
20	653	T	0.15934	0.16315	0.00452	0.67299
20	654	T	0.00001	0.00005	0.00000	0.99995
20	655	T	0.00000	0.00000	0.00000	1.00000
20	656	T	0.00000	0.00000	0.00000	1.00000
20	657	A	1.00000	0.00000	0.00000	0.00000
20	658	T	0.00000	0.00000	0.00000	1.00000
20	659	G	0.00000	0.00000	1.00000	0.00000
20	660	G	0.00000	0.00000	1.00000	0.00000
20	661	T	0.00000	0.00000	0.00000	1.00000
20	662	G	0.00001	0.00000	0.99999	0.00000
20	663	A	1.00000	0.00000	0.00000	0.00000
20	664	C	0.00000	1.00000	0.00000	0.00000
20	665	A	1.00000	0.00000	0.00000	0.00000
20	666	A	0.99998	0.00000	0.00001	0.00001
20	667	T	0.00005	0.00036	0.00001	0.99958
20	668	T	0.00008	0.00060	0.00002	0.99930
20	669	G	0.14567	0.08401	0.66112	0.10920
20	670	T	0.15429	0.21462	0.10891	0.52218
20	671	A	0.70902	0.06190	0.12959	0.09948
20	672	A	0.88360	0.02394	0.05139	0.04108
20	673	C	0.10694	0.58415	0.09040	0.21851
20	674	G	0.09958	0.02946	0.82578	0.04517
20	675	T	0.00476	0.01011	0.00271	0.98242
20	676	T	0.00476	0.01011	0.00271	0.98242
20	677	G	0.01591	0.00501	0.97119	0.00790
20	678	C	0.00591	0.95594	0.00370	0.03446
20	679	C	0.01035	0.92702	0.00643	0.05620
20	680	A	0.98560	0.00301	0.00603	0.00536
20	681	T	0.03645	0.09844	0.02040	0.84471
20	682	T	0.00964	0.03292	0.00540	0.95205
20	683	G	0.01844	0.00416	0.97074	0.00665
20	684	A	0.97448	0.00439	0.00823	0.01290
20	685	A	0.98890	0.00232	0.00464	0.00414
20	686	T	0.00906	0.01954	0.00514	0.96625
20	687	A	0.98890	0.00232	0.00464	0.00414
20	688	T	0.02606	0.04702	0.02268	0.90423
20	689	T	0.03327	0.10095	0.01829	0.84748
20	690	G	0.04424	0.01397	0.91796	0.02384
20	691	S	0.18225	0.28254	0.40267	0.13253
20	692	C	0.01498	0.91667	0.00921	0.05914
20	693	T	0.01419	0.03084	0.00782	0.94715
20	694	T	0.00340	0.00705	0.00194	0.98761
20	695	G	0.16259	0.10199	0.60597	0.12946
20	696	A	0.54528	0.12502	0.16612	0.16359
20	697	G	0.01904	0.00456	0.96898	0.00742
20	698	T	0.07483	0.06817	0.24084	0.61616
20	699	A	0.91231	0.01752	0.03899	0.03118
20	700	T	0.00874	0.02100	0.00464	0.96561
20	701	T	0.00453	0.01047	0.00243	0.98257
20	702	G	0.13576	0.06480	0.71034	0.08910
20	703	G	0.10471	0.04639	0.78349	0.06541
20	704	C	0.05057	0.76950	0.03604	0.14389
20	705	C	0.05057	0.76950	0.03604	0.14389
20	706	A	0.76398	0.05577	0.09446	0.08579
20	707	T	0.13735	0.22555	0.10436	0.53274
20	708	C	0.05057	0.76950	0.03604	0.14389
20	709	C	0.07737	0.66548	0.05744	0.19970
20	710	G	0.06422	0.02562	0.87266	0.03750
20	711	G	0.15161	0.08945	0.64342	0.11552
20	712	T	0.12294	0.19401	0.09660	0.58645
20	713	G	0.15161	0.08945	0.64342	0.11552
20	714	A	0.57156	0.11606	0.15825	0.15413
20	715	C	0.10622	0.58617	0.08700	0.22061
20	716	C	0.00573	0.96332	0.00346	0.02748
20	717	T	0.00317	0.00736	0.00173	0.98774
20	718	T	0.00052	0.00215	0.00017	0.99716
20	719	A	0.99368	0.00084	0.00323	0.00224
20	720	C	0.00491	0.83987	0.00197	0.15325
20	721	A	0.99585	0.00056	0.00217	0.00143
20	722	T	0.00026	0.00100	0.00009	0.99866
20	723	T	0.13056	0.01811	0.00817	0.84316
20	724	G	0.00351	0.00057	0.99506	0.00087
20	725	A	0.99978	0.00003	0.00011	0.00008
20	726	T	0.00424	0.17020	0.00145	0.82411
20	727	C	0.00036	0.99080	0.00015	0.00870
20	728	T	0.00012	0.00046	0.00004	0.99938
20	729	G	0.13714	0.02267	0.58246	0.25773
20	730	C	0.00107	0.98758	0.00077	0.01057
20	731	T	0.00163	0.01362	0.00056	0.98420
20	732	T	0.01555	0.18763	0.00297	0.79385
20	733	G	0.00124	0.00014	0.99833	0.00029
20	734	T	0.00064	0.00252	0.00022	0.99661
20	735	T	0.00176	0.13629	0.00065	0.86129
20	736	T	0.00012	0.00046	0.00004	0.99938
20	737	A	0.71587	0.01324	0.04332	0.22756
20	738	T	0.00091	0.03399	0.00030	0.96480
20	739	A	0.55311	0.12233	0.16380	0.16076
20	740	C	0.11195	0.56859	0.09283	0.22662
20	741	T	0.13158	0.20267	0.10575	0.56000
20	742	C	0.11195	0.56859	0.09283	0.22662
20	743	G	0.16032	0.09928	0.61394	0.12647
20	744	T	0.13158	0.20267	0.10575	0.56000
20	745	H	0.33233	0.26516	0.16793	0.23459
20	746	T	0.00463	0.28735	0.00161	0.70641
20	747	T	0.00080	0.00317	0.00028	0.99574
20	748	G	0.00232	0.00026	0.99690	0.00052
20	749	A	0.99970	0.00004	0.00016	0.00010
20	750	A	0.99639	0.00048	0.00189	0.00123
20	751	T	0.00333	0.14524	0.00124	0.85019
20	752	C	0.00528	0.79894	0.00209	0.19369
20	753	T	0.00333	0.00955	0.00214	0.98498
20	754	C	0.14577	0.62097	0.01393	0.21932
20	755	A	0.83327	0.11314	0.01314	0.04045
20	756	A	0.99327	0.00081	0.00278	0.00314
20	757	A	0.84834	0.00170	0.14588	0.00408
20	758	T	0.00599	0.35599	0.00220	0.63583
20	759	A	0.99972	0.00004	0.00015	0.00010
20	760	C	0.00207	0.85248	0.00077	0.14468
20	761	A	0.99972	0.00004	0.00015	0.00010
20	762	A	0.99353	0.00075	0.00377	0.00194
20	763	A	0.98308	0.00109	0.01295	0.00287
20	764	T	0.04803	0.05434	0.00243	0.89520
20	765	T	0.00118	0.02726	0.00039	0.97117
20	766	A	0.98340	0.00023	0.01575	0.00063
20	767	R	0.37940	0.11307	0.27692	0.23061
20	768	A	0.98935	0.00123	0.00370	0.00571
20	769	W	0.53645	0.02767	0.01325	0.42263
20	770	C	0.04804	0.90969	0.00357	0.03870
20	771	A	0.98615	0.00140	0.00270	0.00975
20	772	A	0.99459	0.00078	0.00269	0.00193
20	773	G	0.19329	0.00433	0.79290	0.00947
20	774	C	0.01205	0.72369	0.01115	0.25311
20	775	A	0.99956	0.00006	0.00023	0.00015
20	776	A	0.99806	0.00026	0.00102	0.00066
20	777	A	0.98885	0.00329	0.00364	0.00422
20	778	A	0.99956	0.00006	0.00023	0.00015
20	779	T	0.00016	0.00066	0.00005	0.99912
20	780	G	0.00031	0.00003	0.99959	0.00007
29	1	T	0.04561	0.08656	0.02905	0.83877
29	2	T	0.04561	0.08656	0.02905	0.83877
29	3	T	0.00000	0.00000	0.00000	1.00000
29	4	T	0.00006	0.00002	0.00000	0.99992
29	5	A	0.99997	0.00000	0.00000	0.00003
29	6	A	1.00000	0.00000	0.00000	0.00000
29	7	A	1.00000	0.00000	0.00000	0.00000
29	8	A	0.99997	0.00002	0.00000	0.00001
29	9	C	0.00000	0.99997	0.00000	0.00003
29	10	A	1.00000	0.00000	0.00000	0.00000
29	11	G	0.00012	0.00000	0.99988	0.00000
29	12	C	0.00000	0.99986	0.00000	0.00014
29	13	C	0.00000	0.99986	0.00000	0.00014
29	14	T	0.00009	0.00483	0.00001	0.99506
29	15	G	0.00012	0.00000	0.99987	0.00001
29	16	G	0.00012	0.00000	0.99987	0.00001
29	17	G	0.00000	0.00000	1.00000	0.00000
29	18	G	0.00000	0.00000	1.00000	0.00000
29	19	G	0.00000	0.00000	1.00000	0.00000
29	20	T	0.00000	0.00000	0.00000	1.00000
29	21	T	0.00000	0.00000	0.00000	1.00000
29	22	G	0.00000	0.00000	1.00000	0.00000
29	23	T	0.00000	0.00000	0.00000	1.00000
29	24	W	0.48379	0.00390	0.00135	0.51096
29	25	C	0.00000	1.00000	0.00000	0.00000
29	26	C	0.00000	1.00000	0.00000	0.00000
29	27	C	0.00000	0.99999	0.00000	0.00001
29	28	A	1.00000	0.00000	0.00000	0.00000
29	29	C	0.00000	1.00000	0.00000	0.00000
29	30	C	0.00000	1.00000	0.00000	0.00000
29	31	C	0.00000	1.00000	0.00000	0.00000
29	32	C	0.00001	0.99958	0.00000	0.00041
29	33	T	0.00047	0.04002	0.00008	0.95942
29	34	G	0.00408	0.00001	0.99585	0.00005
29	35	G	0.00005	0.00000	0.99995	0.00000
29	36	G	0.00000	0.00000	1.00000	0.00000
29	37	G	0.00001	0.00000	0.99999	0.00000
29	38	C	0.00000	1.00000	0.00000	0.00000
29	39	C	0.00000	1.00000	0.00000	0.00000
29	40	C	0.00000	1.00000	0.00000	0.00000
29	41	A	1.00000	0.00000	0.00000	0.00000
29	42	C	0.00000	0.99997	0.00000	0.00002
29	43	G	0.00004	0.00000	0.99996	0.00000
29	44	T	0.00002	0.00021	0.00000	0.99977
29	45	G	0.00000	0.00000	1.00000	0.00000
29	46	G	0.00000	0.00000	1.00000	0.00000
29	47	C	0.00000	0.99984	0.00000	0.00015
29	48	G	0.00000	0.00000	1.00000	0.00000
29	49	G	0.14034	0.07866	0.67791	0.10309
29	50	C	0.00036	0.97662	0.00072	0.02230
29	51	T	0.00001	0.00317	0.00000	0.99681
29	52	A	0.99999	0.00000	0.00001	0.00000
29	53	G	0.00000	0.00000	1.00000	0.00000
29	54	T	0.00000	0.00006	0.00000	0.99994
29	55	A	0.99985	0.00000	0.00014	0.00000
29	56	C	0.00000	1.00000	0.00000	0.00000
29	57	T	0.00000	0.00077	0.00000	0.99923
29	58	C	0.00000	0.99986	0.00000	0.00014
29	59	T	0.00000	0.00000	0.00000	1.00000
29	60	G	0.00000	0.00000	1.00000	0.00000
29	61	G	0.00000	0.00000	1.00000	0.00000
29	62	T	0.00000	0.00139	0.00000	0.99860
29	63	A	0.99653	0.00005	0.00008	0.00333
29	64	C	0.00002	0.99682	0.00000	0.00315
29	65	G	0.00016	0.00000	0.99982	0.00001
29	66	C	0.00055	0.83318	0.00008	0.16619
29	67	T	0.00000	0.00006	0.00000	0.99993
29	68	C	0.06086	0.77922	0.03211	0.12781
29	69	A	1.00000	0.00000	0.00000	0.00000
29	70	G	0.00000	0.00000	1.00000	0.00000
29	71	T	0.00520	0.00030	0.00003	0.99447
29	72	A	0.99861	0.00000	0.00137	0.00001
29	73	C	0.00000	0.99999	0.00000	0.00001
29	74	C	0.00000	1.00000	0.00000	0.00000
29	75	T	0.00004	0.00709	0.00001	0.99286
29	76	T	0.00000	0.00000	0.00000	1.00000
29	77	T	0.00000	0.00000	0.00000	1.00000
29	78	G	0.00000	0.00000	1.00000	0.00000
29	79	T	0.00001	0.00077	0.00000	0.99922
29	80	A	1.00000	0.00000	0.00000	0.00000
29	81	C	0.00000	1.00000	0.00000	0.00000
29	82	G	0.00000	0.00000	1.00000	0.00000
29	83	C	0.00000	1.00000	0.00000	0.00000
29	84	C	0.00000	1.00000	0.00000	0.00000
29	85	T	0.00000	0.00000	0.00000	1.00000
29	86	G	0.00004	0.00000	0.99996	0.00000
29	87	T	0.00000	0.00000	0.00000	1.00000
29	88	T	0.00000	0.00000	0.00000	1.00000
29	89	T	0.00000	0.00000	0.00000	1.00000
29	90	T	0.00000	0.00001	0.00000	0.99998
29	91	C	0.00013	0.96597	0.00002	0.03388
29	92	C	0.00000	0.99992	0.00000	0.00008
29	93	C	0.00001	0.99947	0.00000	0.00051
29	94	C	0.00003	0.99654	0.00001	0.00342
29	95	T	0.00056	0.00610	0.00002	0.99332
29	96	T	0.04811	0.09087	0.03084	0.83018
29	97	C	0.00000	0.99997	0.00000	0.00003
29	98	C	0.00000	1.00000	0.00000	0.00000
29	99	C	0.00003	0.99694	0.00001	0.00303
29	100	T	0.00001	0.00007	0.00000	0.99993
29	101	T	0.02840	0.05558	0.01732	0.89869
29	102	T	0.00144	0.00588	0.00048	0.99220
29	103	C	0.00000	0.99989	0.00000	0.00010
29	104	C	0.00000	1.00000	0.00000	0.00000
29	105	C	0.00000	1.00000	0.00000	0.00000
29	106	C	0.00000	0.99997	0.00000	0.00003
29	107	C	0.00856	0.94284	0.00027	0.04833
29	108	A	0.99914	0.00010	0.00046	0.00029
29	109	C	0.00001	0.99974	0.00000	0.00025
29	110	C	0.00002	0.99918	0.00000	0.00079
29	111	C	0.00002	0.99911	0.00000	0.00087
29	112	C	0.00002	0.99913	0.00000	0.00084
29	113	G	0.00000	0.00000	1.00000	0.00000
29	114	T	0.00008	0.00379	0.00003	0.99610
29	115	A	1.00000	0.00000	0.00000	0.00000
29	116	A	1.00000	0.00000	0.00000	0.00000
29	117	C	0.00000	0.99999	0.00000	0.00001
29	118	-	0.24477	0.24480	0.20104	0.30938
29	119	T	0.00000	0.00002	0.00000	0.99997
29	120	A	0.55567	0.12145	0.16303	0.15984
29	121	T	0.13082	0.20193	0.10494	0.56231
29	122	C	0.11115	0.57104	0.09201	0.22580
29	123	T	0.00000	0.00000	0.00000	1.00000
29	124	A	1.00000	0.00000	0.00000	0.00000
29	125	G	0.00000	0.00000	1.00000	0.00000
29	126	A	1.00000	0.00000	0.00000	0.00000
29	127	A	1.00000	0.00000	0.00000	0.00000
29	128	G	0.00000	0.00000	1.00000	0.00000
29	129	Y	0.00060	0.48880	0.00010	0.51050
29	130	T	0.17816	0.19841	0.11222	0.51122
29	131	Y	0.18876	0.30711	0.13425	0.36988
29	132	A	0.77584	0.05410	0.08869	0.08137
29	133	T	0.17816	0.19841	0.11222	0.51122
29	134	A	0.99999	0.00000	0.00001	0.00000
29	135	T	0.05283	0.29989	0.00114	0.64615
29	136	T	0.00989	0.00213	0.00079	0.98720
29	137	G	0.00620	0.00004	0.99340	0.00036
29	138	A	0.95450	0.00372	0.01187	0.02991
29	139	A	0.99980	0.00005	0.00008	0.00007
29	140	C	0.00001	0.99993	0.00000	0.00005
29	141	A	1.00000	0.00000	0.00000	0.00000
29	142	C	0.00004	0.99851	0.00001	0.00144
29	143	A	0.99009	0.00139	0.00527	0.00325
29	144	A	0.99992	0.00001	0.00005	0.00002
29	145	A	0.99609	0.00014	0.00026	0.00351
29	146	C	0.00001	0.99943	0.00000	0.00055
29	147	C	0.00018	0.96878	0.00004	0.03100
29	148	A	0.57648	0.11441	0.15675	0.15237
29	149	G	0.00000	0.00000	1.00000	0.00000
29	150	A	0.98851	0.00007	0.01111	0.00031
29	151	C	0.00001	0.99959	0.00000	0.00040
29	152	C	0.00000	1.00000	0.00000	0.00000
29	153	A	1.00000	0.00000	0.00000	0.00000
29	154	A	0.99997	0.00000	0.00002	0.00001
29	155	T	0.00000	0.00001	0.00000	0.99998
29	156	A	1.00000	0.00000	0.00000	0.00000
29	157	G	0.00000	0.00000	1.00000	0.00000
29	158	Y	0.17709	0.31339	0.14973	0.35978
29	159	A	0.63641	0.07560	0.17764	0.11036
29	160	G	0.21874	0.10952	0.52812	0.14362
29	161	G	0.07858	0.03365	0.83976	0.04802
29	162	C	0.04565	0.79406	0.03295	0.12734
29	163	G	0.15446	0.06985	0.68077	0.09492
29	164	G	0.16619	0.11854	0.42333	0.29194
29	165	G	0.01691	0.00076	0.97910	0.00324
29	166	G	0.00001	0.00000	0.99999	0.00000
29	167	C	0.00002	0.99923	0.00000	0.00075
29	168	G	0.00242	0.00026	0.99711	0.00021
29	169	C	0.00005	0.97116	0.00001	0.02879
29	170	G	0.00350	0.00069	0.99048	0.00533
29	171	G	0.00454	0.00001	0.99539	0.00005
29	172	C	0.00000	0.99993	0.00000	0.00007
29	173	A	1.00000	0.00000	0.00000	0.00000
29	174	T	0.00777	0.03462	0.05146	0.90615
29	175	C	0.00000	1.00000	0.00000	0.00000
29	176	C	0.00000	1.00000	0.00000	0.00000
29	177	A	1.00000	0.00000	0.00000	0.00000
29	178	G	0.00002	0.00000	0.99998	0.00000
29	179	C	0.00022	0.90016	0.00004	0.09957
29	180	Y	0.00058	0.53200	0.00010	0.46732
29	181	G	0.00410	0.00002	0.99582	0.00006
29	182	C	0.00093	0.99043	0.00005	0.00858
29	183	G	0.00007	0.00000	0.99992	0.00001
29	184	C	0.00003	0.97910	0.00001	0.02086
29	185	A	0.97301	0.00110	0.00105	0.02485
29	186	A	0.45488	0.12524	0.24743	0.17245
29	187	A	0.99921	0.00000	0.00077	0.00002
29	188	C	0.00027	0.99753	0.00002	0.00218
29	189	G	0.00000	0.00000	1.00000	0.00000
29	190	G	0.00009	0.00000	0.99990	0.00001
29	191	T	0.00006	0.00049	0.00001	0.99944
29	192	C	0.00000	1.00000	0.00000	0.00000
29	193	A	1.00000	0.00000	0.00000	0.00000
29	194	A	1.00000	0.00000	0.00000	0.00000
29	195	G	0.00000	0.00000	1.00000	0.00000
29	196	C	0.00000	0.99999	0.00000	0.00001
29	197	A	1.00000	0.00000	0.00000	0.00000
29	198	C	0.00000	1.00000	0.00000	0.00000
29	199	T	0.00000	0.00000	0.00000	1.00000
29	200	T	0.00000	0.00000	0.00000	1.00000
