24
Falcovirus_A1_strain_kestrel/VOVE0622/2013/HUN           0.0000000 3.2160380 2.5278490 1.7506176 2.0879191 1.5315962 1.7557813 1.6986176 1.7584649 1.7391409 2.3199783 1.9231961 2.0693523 2.4413628 2.1634376 2.0723230 1.7514892 2.0729011 1.8386669 1.7267252 2.0291693 2.0292593 2.0477939 1.9538278 
Bovine_rhinovirus_1_strain_SD-1                          3.2160380 0.0000000 2.3101494 2.1035246 1.7805167 1.9337129 1.6142621 1.8343352 1.8651219 1.6628052 1.8916016 2.6692183 2.4637068 1.8942990 1.6771144 1.7691583 1.6579620 1.7703762 1.7284189 1.6132808 1.6656115 1.5692415 1.6099897 1.7177509 
Ophiostoma_mitovirus_4                                   2.5278490 2.3101494 0.0000000 1.2223739 1.5231464 1.4066980 1.2901340 1.5264968 1.6195796 1.7073503 1.6067713 1.6480098 1.7054130 1.3401646 1.2894936 1.3166656 1.3666465 1.3590568 1.3657803 1.1430103 1.2069606 1.3621887 1.2643218 1.3485842 
Cryphonectria_parasitica_mitovirus_1-NB631               1.7506176 2.1035246 1.2223739 0.0000000 0.9973549 0.8477598 1.0076521 0.7849513 0.7580036 0.8086988 1.0103239 0.9279427 0.8795141 1.2807748 0.7290123 0.6573646 0.6860098 0.6860098 0.8573865 0.6753522 0.7440263 0.9598686 0.7413964 0.7446766 
Bovine_enterovirus                                       2.0879191 1.7805167 1.5231464 0.9973549 0.0000000 0.3802661 0.4020162 0.3218787 0.3452443 0.3730468 0.9082628 0.6834351 0.7649077 0.9356784 0.7982468 0.8295365 0.8316999 0.8556340 0.8209183 0.7758945 0.7945146 0.8281452 0.7707956 0.9094412 
Possum_enterovirus_W1                                    1.5315962 1.9337129 1.4066980 0.8477598 0.3802661 0.0000000 0.3109622 0.2853260 0.3016298 0.2988802 0.8899561 0.7453096 0.7562571 0.8878644 0.7006594 0.8247786 0.7569312 0.8347253 0.8627229 0.7096241 0.7605664 0.8355104 0.7700007 0.8574116 
Enterovirus_goat/JL14                                    1.7557813 1.6142621 1.2901340 1.0076521 0.4020162 0.3109622 0.0000000 0.2684472 0.2764970 0.2893343 0.9420901 0.6841524 0.7767190 0.9435980 0.7280252 0.9565115 0.8553551 0.8999446 0.8747217 0.7757195 0.7784870 0.8081339 0.8703608 0.9860248 
Enterovirus_AN12_genomic_RNA                             1.6986176 1.8343352 1.5264968 0.7849513 0.3218787 0.2853260 0.2684472 0.0000000 0.2122838 0.2078279 0.8754356 0.6631846 0.7076821 1.0104207 0.7202565 0.8570382 0.8219575 0.8374874 0.8659763 0.7397361 0.7530529 0.7712846 0.7537773 0.8779874 
Yak_enterovirus_strain_SWUN-AB001                        1.7584649 1.8651219 1.6195796 0.7580036 0.3452443 0.3016298 0.2764970 0.2122838 0.0000000 0.1560302 0.9044877 0.7347025 0.6887220 0.9409584 0.7284360 0.8948702 0.8788751 0.8686189 0.8432262 0.7399984 0.7392971 0.7559171 0.7943502 0.8662227 
Enterovirus_F_strain_BEV-261_polyprotein_gene            1.7391409 1.6628052 1.7073503 0.8086988 0.3730468 0.2988802 0.2893343 0.2078279 0.1560302 0.0000000 0.9027383 0.6889967 0.6836746 1.0321260 0.7113240 0.8729674 0.8730074 0.9258967 0.8429717 0.7598512 0.7696659 0.8046256 0.8245017 0.9141594 
Human_rhinovirus_14                                      2.3199783 1.8916016 1.6067713 1.0103239 0.9082628 0.8899561 0.9420901 0.8754356 0.9044877 0.9027383 0.0000000 0.7008543 0.6278863 0.6879188 0.5756600 0.6732002 0.6662913 0.6902653 0.6613401 0.7248411 0.6410269 0.6655546 0.6646335 0.6629423 
Human_rhinovirus_C                                       1.9231961 2.6692183 1.6480098 0.9279427 0.6834351 0.7453096 0.6841524 0.6631846 0.7347025 0.6889967 0.7008543 0.0000000 0.4201604 0.8897732 0.7092665 0.6612304 0.6661003 0.6880370 0.6787494 0.5326104 0.5512276 0.6602151 0.6529297 0.7703508 
Human_rhinovirus_89                                      2.0693523 2.4637068 1.7054130 0.8795141 0.7649077 0.7562571 0.7767190 0.7076821 0.6887220 0.6836746 0.6278863 0.4201604 0.0000000 0.8277982 0.5819285 0.7268465 0.7903096 0.7975913 0.6733937 0.5949517 0.6323154 0.6160836 0.6026435 0.7092463 
Enterovirus_SEV-gx                                       2.4413628 1.8942990 1.3401646 1.2807748 0.9356784 0.8878644 0.9435980 1.0104207 0.9409584 1.0321260 0.6879188 0.8897732 0.8277982 0.0000000 0.6341644 0.6129121 0.5372442 0.5678063 0.6327897 0.6129714 0.5789515 0.5947391 0.5964013 0.5793133 
Simian_enterovirus_A                                     2.1634376 1.6771144 1.2894936 0.7290123 0.7982468 0.7006594 0.7280252 0.7202565 0.7284360 0.7113240 0.5756600 0.7092665 0.5819285 0.6341644 0.0000000 0.5691920 0.6228815 0.6408484 0.5663211 0.5683848 0.5483050 0.6117649 0.4919842 0.4912374 
Human_enterovirus_B                                      2.0723230 1.7691583 1.3166656 0.6573646 0.8295365 0.8247786 0.9565115 0.8570382 0.8948702 0.8729674 0.6732002 0.6612304 0.7268465 0.6129121 0.5691920 0.0000000 0.1624861 0.1650992 0.4028484 0.5202479 0.5129307 0.4187659 0.4484056 0.4426032 
Human_enterovirus_strain_V13-0285                        1.7514892 1.6579620 1.3666465 0.6860098 0.8316999 0.7569312 0.8553551 0.8219575 0.8788751 0.8730074 0.6662913 0.6661003 0.7903096 0.5372442 0.6228815 0.1624861 0.0000000 0.1384043 0.4571229 0.4782476 0.4951271 0.4942855 0.5251888 0.4827269 
Human_enterovirus_A                                      2.0729011 1.7703762 1.3590568 0.6860098 0.8556340 0.8347253 0.8999446 0.8374874 0.8686189 0.9258967 0.6902653 0.6880370 0.7975913 0.5678063 0.6408484 0.1650992 0.1384043 0.0000000 0.4854575 0.5226861 0.5098695 0.4476388 0.5075442 0.4691335 
Porcine_enterovirus_9_strain_UKG/410/73_polyprotein_gene 1.8386669 1.7284189 1.3657803 0.8573865 0.8209183 0.8627229 0.8747217 0.8659763 0.8432262 0.8429717 0.6613401 0.6787494 0.6733937 0.6327897 0.5663211 0.4028484 0.4571229 0.4854575 0.0000000 0.6078411 0.5196982 0.4685983 0.4443846 0.5882914 
Poliovirus                                               1.7267252 1.6132808 1.1430103 0.6753522 0.7758945 0.7096241 0.7757195 0.7397361 0.7399984 0.7598512 0.7248411 0.5326104 0.5949517 0.6129714 0.5683848 0.5202479 0.4782476 0.5226861 0.6078411 0.0000000 0.2057098 0.5049077 0.6633291 0.5229789 
Human_enterovirus_D                                      2.0291693 1.6656115 1.2069606 0.7440263 0.7945146 0.7605664 0.7784870 0.7530529 0.7392971 0.7696659 0.6410269 0.5512276 0.6323154 0.5789515 0.5483050 0.5129307 0.4951271 0.5098695 0.5196982 0.2057098 0.0000000 0.4290150 0.5732382 0.4953729 
Enterovirus_J_strain_1631                                2.0292593 1.5692415 1.3621887 0.9598686 0.8281452 0.8355104 0.8081339 0.7712846 0.7559171 0.8046256 0.6655546 0.6602151 0.6160836 0.5947391 0.6117649 0.4187659 0.4942855 0.4476388 0.4685983 0.5049077 0.4290150 0.0000000 0.4181547 0.3566088 
Enterovirus_sp._isolate_CPML_8109/08                     2.0477939 1.6099897 1.2643218 0.7413964 0.7707956 0.7700007 0.8703608 0.7537773 0.7943502 0.8245017 0.6646335 0.6529297 0.6026435 0.5964013 0.4919842 0.4484056 0.5251888 0.5075442 0.4443846 0.6633291 0.5732382 0.4181547 0.0000000 0.3339551 
Enterovirus_J_strain_N203                                1.9538278 1.7177509 1.3485842 0.7446766 0.9094412 0.8574116 0.9860248 0.8779874 0.8662227 0.9141594 0.6629423 0.7703508 0.7092463 0.5793133 0.4912374 0.4426032 0.4827269 0.4691335 0.5882914 0.5229789 0.4953729 0.3566088 0.3339551 0.0000000 
