16
NC_002058  0.0000000 0.8152878 0.7250105 0.7261448 0.7553404 0.9532736 0.9592816 0.9915081 1.1476621 1.0242260 0.9355785 1.1312655 1.3075038 1.4279752 1.4796131 1.3400305 
NC_001472  0.8152878 0.0000000 0.6110436 0.6496113 0.8316539 1.1028442 1.0735449 1.0238340 0.9693281 0.9793198 1.0084443 1.0530591 1.2444952 1.2066167 1.6638648 1.5413731 
NC_013695  0.7250105 0.6110436 0.0000000 0.4891783 0.7998627 1.1609051 1.1760057 0.9854081 1.0335424 0.9671938 0.8985484 0.9895574 1.1591797 1.5195291 1.3337294 1.4679463 
NC_010415  0.7261448 0.6496113 0.4891783 0.0000000 0.7767988 1.0497880 1.1274490 0.9997685 0.9967427 0.9046201 0.9373847 1.0943037 1.2683968 1.3449130 1.4932130 1.4822951 
NC_001430  0.7553404 0.8316539 0.7998627 0.7767988 0.0000000 1.1603157 1.0824594 1.2499646 1.2740243 1.1262177 1.0978385 1.2353509 1.1936083 1.2048286 1.5114883 1.3994517 
NC_001612  0.9532736 1.1028442 1.1609051 1.0497880 1.1603157 0.0000000 0.1858029 1.3901718 1.3467827 1.2933076 1.2840804 1.7331756 1.6488293 1.5986937 1.8505291 1.5935530 
NC_030454  0.9592816 1.0735449 1.1760057 1.1274490 1.0824594 0.1858029 0.0000000 1.3285631 1.3636918 1.4499413 1.3695028 1.7653597 1.6484345 1.5862082 1.7712027 1.7203240 
NC_034267  0.9915081 1.0238340 0.9854081 0.9997685 1.2499646 1.3901718 1.3285631 0.0000000 0.8511806 0.8892710 0.9448827 1.2673636 1.5830610 1.3424567 1.4821638 1.5840070 
NC_001859  1.1476621 0.9693281 1.0335424 0.9967427 1.2740243 1.3467827 1.3636918 0.8511806 0.0000000 0.6741508 0.5674833 1.3700225 1.5150572 1.5739505 1.8494824 1.8222967 
NC_008714  1.0242260 0.9793198 0.9671938 0.9046201 1.1262177 1.2933076 1.4499413 0.8892710 0.6741508 0.0000000 0.2933627 1.3129938 1.4675009 1.5031257 1.4372969 1.5189607 
NC_021220  0.9355785 1.0084443 0.8985484 0.9373847 1.0978385 1.2840804 1.3695028 0.9448827 0.5674833 0.2933627 0.0000000 1.4598089 1.5150983 1.5568407 1.5567700 1.5935743 
NC_003988  1.1312655 1.0530591 0.9895574 1.0943037 1.2353509 1.7331756 1.7653597 1.2673636 1.3700225 1.3129938 1.4598089 0.0000000 1.5961185 1.6360441 1.6249009 1.9288598 
NC_001490  1.3075038 1.2444952 1.1591797 1.2683968 1.1936083 1.6488293 1.6484345 1.5830610 1.5150572 1.4675009 1.5150983 1.5961185 0.0000000 1.2711434 1.4970767 1.3916442 
NC_029905  1.4279752 1.2066167 1.5195291 1.3449130 1.2048286 1.5986937 1.5862082 1.3424567 1.5739505 1.5031257 1.5568407 1.6360441 1.2711434 0.0000000 1.8564668 1.7936244 
NC_001617  1.4796131 1.6638648 1.3337294 1.4932130 1.5114883 1.8505291 1.7712027 1.4821638 1.8494824 1.4372969 1.5567700 1.6249009 1.4970767 1.8564668 0.0000000 1.4515628 
NC_009996  1.3400305 1.5413731 1.4679463 1.4822951 1.3994517 1.5935530 1.7203240 1.5840070 1.8222967 1.5189607 1.5935743 1.9288598 1.3916442 1.7936244 1.4515628 0.0000000 
