18
Ophiostoma_mitovirus_4__                                                                                0.0000000 6.1848102 3.9658057 4.7155356 3.9218383 3.4382302 3.6393676 3.6387344 3.8638907 3.7789554 3.4209939 3.1816080 3.3949612 3.1871965 3.1700050 2.9265532 3.1807866 2.9296350 
Cryphonectria_parasitica_mitovirus_1-NB631__                                                            6.1848102 0.0000000 3.9508305 3.4158313 3.7580959 3.6263672 3.4601755 3.0099718 3.0274154 3.6579563 3.1266894 2.9208528 2.7622221 3.1069077 2.3159680 2.7203837 2.9496115 2.6654614 
Human_rhinovirus_C____3D___5667__7047__                                                                 3.9658057 3.9508305 0.0000000 1.4162935 1.2893853 1.2000548 1.5623314 1.2983535 1.3430135 1.2613757 1.4008815 1.2386260 1.2859090 1.1741317 1.1456625 1.2782128 1.2427260 1.2100314 
Enterovirus_SEV-gx____3D___5856__7287__                                                                 4.7155356 3.4158313 1.4162935 0.0000000 1.5038847 1.1344883 1.2994719 1.3360592 1.3328631 1.1088603 1.3097360 1.2354239 1.2643821 1.0023423 1.1710763 1.0616090 1.1281763 1.2563247 
Human_rhinovirus_89____RNA-directed_RNA_polymerase___5730__7110__                                       3.9218383 3.7580959 1.2893853 1.5038847 0.0000000 1.3546572 1.3957197 1.5416334 1.4738292 1.2365846 1.4870809 1.2175942 1.2804693 1.2371007 1.2762732 1.3887938 1.2705603 1.1594723 
Human_rhinovirus_14____3D___5785__7165__                                                                3.4382302 3.6263672 1.2000548 1.1344883 1.3546572 0.0000000 1.3626297 1.4034930 1.4351962 1.3289576 1.2685231 1.2230331 1.2563272 1.0330335 1.1456949 1.1125467 1.1078322 1.0309197 
Simian_enterovirus_A____3D___5867__7244__                                                               3.6393676 3.4601755 1.5623314 1.2994719 1.3957197 1.3626297 0.0000000 1.4790674 1.4969033 1.0980553 1.1348586 1.1042148 1.1981431 1.0428016 1.0118767 0.9608434 0.9865924 0.9178034 
Human_enterovirus_A____3D___5943__7329__                                                                3.6387344 3.0099718 1.2983535 1.3360592 1.5416334 1.4034930 1.4790674 0.0000000 0.1788244 1.2107404 1.1811336 1.1537355 1.1415328 1.0371591 0.8590383 1.0305065 0.9619907 1.0531839 
Human_enterovirus_strain_V13-0285__partial_genome__3D-pol___5922__7308__                                3.8638907 3.0274154 1.3430135 1.3328631 1.4738292 1.4351962 1.4969033 0.1788244 0.0000000 1.1686283 1.2039887 1.2756216 1.2134273 1.0015096 0.8613305 1.0166089 1.0191664 1.0458029 
Enterovirus_goat/JL14____3D___5903__7337__                                                              3.7789554 3.6579563 1.2613757 1.1088603 1.2365846 1.3289576 1.0980553 1.2107404 1.1686283 0.0000000 0.7633299 0.8067676 0.8441320 1.1013118 0.8798201 0.9377817 0.9075974 0.8862189 
Bovine_enterovirus____3D___5960__7343__                                                                 3.4209939 3.1266894 1.4008815 1.3097360 1.4870809 1.2685231 1.1348586 1.1811336 1.2039887 0.7633299 0.0000000 0.6145052 0.5257367 1.1015002 1.0266080 0.9033465 0.9188902 0.9284547 
Possum_enterovirus_W1____RNA-directed_RNA_polymerase___5933__7316__                                     3.1816080 2.9208528 1.2386260 1.2354239 1.2175942 1.2230331 1.1042148 1.1537355 1.2756216 0.8067676 0.6145052 0.0000000 0.2742031 0.9794356 0.9213459 0.8944028 0.8312634 0.8751400 
Enterovirus_F_strain_BEV-261_polyprotein_gene__complete_cds__RNA-directed_RNA-polymerase___5940__7323__ 3.3949612 2.7622221 1.2859090 1.2643821 1.2804693 1.2563272 1.1981431 1.1415328 1.2134273 0.8441320 0.5257367 0.2742031 0.0000000 0.9562568 0.8435833 0.9105660 0.8520258 0.8180406 
Human_enterovirus_D____3D-POL___5937__7308__                                                            3.1871965 3.1069077 1.1741317 1.0023423 1.2371007 1.0330335 1.0428016 1.0371591 1.0015096 1.1013118 1.1015002 0.9794356 0.9562568 0.0000000 0.7064083 0.7621240 0.7123448 0.7389971 
Poliovirus____RNA-directed_RNA_polymerase___5986__7369__                                                3.1700050 2.3159680 1.1456625 1.1710763 1.2762732 1.1456949 1.0118767 0.8590383 0.8613305 0.8798201 1.0266080 0.9213459 0.8435833 0.7064083 0.0000000 0.7413175 0.6599464 0.6713770 
Human_enterovirus_B____3D___5901__7287__                                                                2.9265532 2.7203837 1.2782128 1.0616090 1.3887938 1.1125467 0.9608434 1.0305065 1.0166089 0.9377817 0.9033465 0.8944028 0.9105660 0.7621240 0.7413175 0.0000000 0.6130163 0.5790341 
Enterovirus_J_strain_1631____3D___5856__7242__                                                          3.1807866 2.9496115 1.2427260 1.1281763 1.2705603 1.1078322 0.9865924 0.9619907 1.0191664 0.9075974 0.9188902 0.8312634 0.8520258 0.7123448 0.6599464 0.6130163 0.0000000 0.4581283 
Enterovirus_J_strain_N203____3D___5885__7271__                                                          2.9296350 2.6654614 1.2100314 1.2563247 1.1594723 1.0309197 0.9178034 1.0531839 1.0458029 0.8862189 0.9284547 0.8751400 0.8180406 0.7389971 0.6713770 0.5790341 0.4581283 0.0000000 
