Node	Site	State 	p_A	p_C	p_G	p_T
0	1	T	0.13033	0.20149	0.10455	0.56363
0	2	T	0.13033	0.20149	0.10455	0.56363
0	3	T	0.00000	0.00002	0.00000	0.99997
0	4	T	0.00001	0.00008	0.00000	0.99990
0	5	A	0.99996	0.00000	0.00002	0.00001
0	6	A	0.99999	0.00000	0.00001	0.00000
0	7	A	0.99999	0.00000	0.00001	0.00000
0	8	A	0.99996	0.00000	0.00002	0.00001
0	9	C	0.00002	0.99921	0.00001	0.00076
0	10	A	0.99995	0.00000	0.00003	0.00002
0	11	G	0.00004	0.00000	0.99995	0.00001
0	12	C	0.00002	0.99960	0.00001	0.00038
0	13	T	0.00062	0.01621	0.00036	0.98282
0	14	C	0.00056	0.97884	0.00017	0.02044
0	15	T	0.00681	0.01250	0.00840	0.97229
0	16	G	0.01273	0.00048	0.98525	0.00153
0	17	G	0.00001	0.00000	0.99999	0.00000
0	18	G	0.00003	0.00000	0.99996	0.00000
0	19	G	0.00001	0.00000	0.99999	0.00000
0	20	T	0.00001	0.00003	0.00000	0.99996
0	21	T	0.00000	0.00002	0.00000	0.99998
0	22	G	0.00003	0.00000	0.99996	0.00000
0	23	T	0.00000	0.00002	0.00000	0.99998
0	24	T	0.08432	0.01608	0.00353	0.89606
0	25	C	0.00000	0.99998	0.00000	0.00002
0	26	C	0.00000	0.99998	0.00000	0.00002
0	27	C	0.00000	0.99992	0.00000	0.00008
0	28	A	0.99999	0.00000	0.00000	0.00000
0	29	C	0.00000	0.99998	0.00000	0.00002
0	30	C	0.00000	0.99995	0.00000	0.00004
0	31	C	0.00000	0.99999	0.00000	0.00001
0	32	C	0.00664	0.98138	0.00064	0.01134
0	33	A	0.98532	0.00321	0.00581	0.00566
0	34	G	0.01204	0.00033	0.98676	0.00087
0	35	A	0.98808	0.00035	0.01068	0.00089
0	36	G	0.00007	0.00000	0.99992	0.00001
0	37	G	0.00012	0.00001	0.99986	0.00002
0	38	C	0.00000	0.99999	0.00000	0.00001
0	39	C	0.00000	0.99997	0.00000	0.00003
0	40	C	0.00000	0.99996	0.00000	0.00004
0	41	A	0.99998	0.00000	0.00001	0.00001
0	42	C	0.00001	0.99968	0.00000	0.00030
0	43	G	0.00048	0.00003	0.99940	0.00009
0	44	T	0.00049	0.00177	0.00040	0.99733
0	45	G	0.00002	0.00000	0.99998	0.00000
0	46	G	0.00001	0.00000	0.99999	0.00000
0	47	C	0.00008	0.99787	0.00003	0.00202
0	48	G	0.00001	0.00000	0.99999	0.00000
0	49	G	0.00171	0.00021	0.99766	0.00042
0	50	C	0.00012	0.99784	0.00004	0.00200
0	51	T	0.00002	0.00015	0.00001	0.99982
0	52	A	0.99982	0.00002	0.00010	0.00006
0	53	G	0.00001	0.00000	0.99999	0.00000
0	54	T	0.00003	0.00016	0.00001	0.99980
0	55	A	0.99992	0.00001	0.00005	0.00002
0	56	C	0.00000	0.99993	0.00000	0.00007
0	57	T	0.00003	0.00015	0.00001	0.99982
0	58	C	0.00000	0.99994	0.00000	0.00005
0	59	C	0.00002	0.99498	0.00001	0.00499
0	60	G	0.00002	0.00000	0.99998	0.00000
0	61	G	0.00006	0.00000	0.99993	0.00001
0	62	T	0.00001	0.00003	0.00000	0.99996
0	63	A	0.99957	0.00004	0.00026	0.00014
0	64	T	0.00180	0.41300	0.00050	0.58471
0	65	C	0.00322	0.66293	0.00094	0.33292
0	66	S	0.20809	0.41576	0.31246	0.06369
0	67	C	0.00002	0.99944	0.00001	0.00054
0	68	C	0.17320	0.44208	0.12392	0.26080
0	69	G	0.00003	0.00000	0.99997	0.00000
0	70	G	0.00002	0.00000	0.99998	0.00000
0	71	T	0.00013	0.00073	0.00003	0.99911
0	72	A	0.99995	0.00000	0.00003	0.00001
0	73	C	0.00001	0.99987	0.00000	0.00012
0	74	C	0.00000	0.99996	0.00000	0.00004
0	75	C	0.00015	0.98647	0.00004	0.01334
0	76	T	0.00000	0.00001	0.00000	0.99999
0	77	T	0.00000	0.00002	0.00000	0.99998
0	78	G	0.00003	0.00000	0.99996	0.00000
0	79	T	0.00006	0.00038	0.00001	0.99955
0	80	A	0.99997	0.00000	0.00002	0.00001
0	81	C	0.00000	0.99998	0.00000	0.00002
0	82	G	0.00001	0.00000	0.99999	0.00000
0	83	C	0.00000	0.99998	0.00000	0.00002
0	84	C	0.00000	0.99998	0.00000	0.00002
0	85	T	0.00001	0.00006	0.00000	0.99993
0	86	G	0.00235	0.00005	0.99747	0.00013
0	87	T	0.00000	0.00002	0.00000	0.99998
0	88	T	0.00000	0.00002	0.00000	0.99998
0	89	T	0.00000	0.00002	0.00000	0.99998
0	90	T	0.00003	0.00018	0.00001	0.99979
0	91	A	0.99682	0.00036	0.00174	0.00108
0	92	T	0.00015	0.00196	0.00004	0.99785
0	93	A	0.98975	0.00163	0.00198	0.00663
0	94	C	0.00025	0.99211	0.00008	0.00755
0	95	T	0.00082	0.02410	0.00021	0.97486
0	96	T	0.12513	0.19630	0.09901	0.57956
0	97	C	0.00000	0.99998	0.00000	0.00002
0	98	C	0.00000	0.99998	0.00000	0.00002
0	99	C	0.00035	0.99126	0.00011	0.00829
0	100	T	0.00010	0.00067	0.00002	0.99920
0	101	T	0.12572	0.19689	0.09963	0.57776
0	102	T	0.00328	0.01520	0.00124	0.98029
0	103	T	0.00221	0.19179	0.00084	0.80517
0	104	C	0.00004	0.99952	0.00002	0.00042
0	105	C	0.00004	0.99952	0.00002	0.00042
0	106	C	0.00026	0.99717	0.00011	0.00246
0	107	H	0.30343	0.32914	0.12091	0.24652
0	108	A	0.86833	0.03065	0.05255	0.04847
0	109	T	0.01606	0.16323	0.00547	0.81524
0	110	C	0.07847	0.77386	0.01767	0.13000
0	111	M	0.45526	0.39841	0.00989	0.13644
0	112	M	0.41270	0.42666	0.00946	0.15119
0	113	G	0.00001	0.00000	0.99999	0.00000
0	114	T	0.00046	0.00224	0.00011	0.99719
0	115	A	0.99999	0.00000	0.00000	0.00000
0	116	A	0.99999	0.00000	0.00000	0.00000
0	117	C	0.00001	0.99983	0.00000	0.00016
0	118	T	0.04196	0.07312	0.02442	0.86050
0	119	T	0.00002	0.00015	0.00001	0.99982
0	120	A	0.58417	0.11186	0.15438	0.14959
0	121	T	0.12235	0.19343	0.09610	0.58813
0	122	C	0.10231	0.59827	0.08310	0.21632
0	123	T	0.00000	0.00002	0.00000	0.99998
0	124	A	0.99999	0.00000	0.00000	0.00000
0	125	G	0.00001	0.00000	0.99999	0.00000
0	126	A	0.99999	0.00000	0.00000	0.00000
0	127	A	0.99179	0.00726	0.00024	0.00071
0	128	G	0.00001	0.00000	0.99999	0.00000
0	129	C	0.30643	0.58603	0.00828	0.09926
0	130	A	0.68419	0.04454	0.03194	0.23933
0	131	C	0.04923	0.73896	0.01698	0.19484
0	132	A	0.98935	0.00173	0.00528	0.00364
0	133	A	0.68419	0.04454	0.03194	0.23933
0	134	A	0.99993	0.00001	0.00004	0.00002
0	135	A	0.99398	0.00072	0.00228	0.00303
0	136	T	0.00143	0.14266	0.00039	0.85552
0	137	A	0.91800	0.05273	0.00999	0.01928
0	138	A	0.99532	0.00052	0.00222	0.00194
0	139	A	0.99909	0.00009	0.00054	0.00028
0	140	C	0.00031	0.99674	0.00014	0.00281
0	141	A	0.92336	0.01670	0.03155	0.02839
0	142	C	0.06552	0.67424	0.04536	0.21489
0	143	A	0.81860	0.04154	0.07418	0.06568
0	144	T	0.16112	0.02718	0.01286	0.79884
0	145	A	0.99044	0.00147	0.00471	0.00338
0	146	A	0.77672	0.13302	0.02301	0.06725
0	147	T	0.01645	0.12577	0.00658	0.85121
0	148	A	0.66577	0.08566	0.12801	0.12056
0	149	G	0.00001	0.00000	0.99999	0.00000
0	150	T	0.00204	0.00881	0.00034	0.98881
0	151	T	0.00075	0.00679	0.00018	0.99227
0	152	C	0.00000	0.99998	0.00000	0.00002
0	153	A	0.99997	0.00000	0.00002	0.00001
0	154	A	0.99958	0.00004	0.00025	0.00013
0	155	T	0.00040	0.16933	0.00010	0.83017
0	156	A	0.99999	0.00000	0.00000	0.00000
0	157	G	0.00001	0.00000	0.99999	0.00000
0	158	G	0.37089	0.02244	0.55322	0.05345
0	159	A	0.99890	0.00008	0.00078	0.00024
0	160	G	0.03563	0.00280	0.95605	0.00552
0	161	G	0.00140	0.00018	0.99807	0.00036
0	162	C	0.02364	0.88391	0.01601	0.07644
0	163	G	0.12485	0.03629	0.78546	0.05340
0	164	G	0.00250	0.00014	0.99701	0.00035
0	165	G	0.00294	0.00015	0.99648	0.00043
0	166	G	0.00009	0.00000	0.99989	0.00001
0	167	T	0.03286	0.10668	0.13681	0.72364
0	168	A	0.68098	0.00170	0.31231	0.00501
0	169	C	0.00081	0.91671	0.00023	0.08226
0	170	A	0.99673	0.00034	0.00190	0.00103
0	171	C	0.23310	0.60109	0.04148	0.12433
0	172	A	0.63114	0.28859	0.01766	0.06261
0	173	A	0.99999	0.00000	0.00001	0.00000
0	174	A	0.98342	0.00305	0.00403	0.00950
0	175	C	0.00000	0.99998	0.00000	0.00002
0	176	C	0.00000	0.99998	0.00000	0.00002
0	177	A	0.99996	0.00000	0.00002	0.00001
0	178	G	0.00028	0.00001	0.99967	0.00003
0	179	T	0.00076	0.00513	0.00020	0.99391
0	180	A	0.98377	0.00245	0.00464	0.00914
0	181	C	0.00390	0.97214	0.00725	0.01671
0	182	C	0.00096	0.97254	0.00036	0.02614
0	183	A	0.98042	0.00040	0.01795	0.00123
0	184	C	0.00022	0.98522	0.00006	0.01450
0	185	C	0.00093	0.98425	0.00022	0.01460
0	186	A	0.60892	0.08396	0.17543	0.13169
0	187	A	0.99956	0.00004	0.00028	0.00013
0	188	C	0.00058	0.98382	0.00018	0.01541
0	189	G	0.00001	0.00000	0.99999	0.00000
0	190	A	0.99627	0.00023	0.00278	0.00073
0	191	A	0.99681	0.00023	0.00209	0.00087
0	192	C	0.00000	0.99998	0.00000	0.00002
0	193	A	0.99999	0.00000	0.00000	0.00000
0	194	A	0.92860	0.06863	0.00062	0.00214
0	195	G	0.10794	0.00011	0.89163	0.00032
0	196	C	0.00001	0.99983	0.00000	0.00016
0	197	A	0.99999	0.00000	0.00000	0.00000
0	198	C	0.00000	0.99999	0.00000	0.00001
0	199	T	0.00000	0.00001	0.00000	0.99999
0	200	T	0.00000	0.00001	0.00000	0.99999
0	201	C	0.00000	0.99998	0.00000	0.00002
0	202	T	0.00000	0.00001	0.00000	0.99999
0	203	G	0.00001	0.00000	0.99999	0.00000
0	204	T	0.00000	0.00001	0.00000	0.99999
0	205	T	0.00005	0.00031	0.00001	0.99963
0	206	T	0.00002	0.00010	0.00000	0.99988
0	207	Y	0.10098	0.39579	0.07809	0.42513
0	208	C	0.00000	0.99995	0.00000	0.00005
0	209	C	0.00000	0.99997	0.00000	0.00003
0	210	C	0.00000	0.99999	0.00000	0.00001
0	211	C	0.00000	0.99996	0.00000	0.00004
0	212	G	0.00002	0.00000	0.99998	0.00000
0	213	G	0.00002	0.00000	0.99998	0.00000
0	214	T	0.00507	0.00289	0.00044	0.99159
0	215	G	0.01043	0.00224	0.98503	0.00230
0	216	A	0.97658	0.00666	0.00559	0.01116
0	217	A	0.72475	0.00928	0.10358	0.16239
0	218	G	0.01093	0.00019	0.98837	0.00051
0	219	T	0.00455	0.00609	0.00840	0.98096
0	220	T	0.00353	0.17100	0.00109	0.82438
0	221	G	0.01505	0.00040	0.98351	0.00105
0	222	C	0.00464	0.61489	0.00146	0.37900
0	223	A	0.99587	0.00105	0.00152	0.00156
0	224	T	0.19481	0.17429	0.09330	0.53760
0	225	A	0.63913	0.04396	0.24850	0.06841
0	226	T	0.12092	0.15937	0.20625	0.51346
0	227	C	0.11475	0.54139	0.11156	0.23231
0	228	G	0.16007	0.09306	0.61035	0.13652
0	229	G	0.17290	0.06903	0.66367	0.09440
0	230	T	0.00001	0.00008	0.00000	0.99991
0	231	A	0.99997	0.00000	0.00002	0.00001
0	232	G	0.00355	0.00013	0.99597	0.00034
0	233	A	0.98480	0.00025	0.01416	0.00079
0	234	C	0.00000	0.99995	0.00000	0.00005
0	235	T	0.00001	0.00007	0.00000	0.99991
0	236	G	0.00009	0.00000	0.99989	0.00001
0	237	T	0.00086	0.07911	0.00022	0.91981
0	238	A	0.94500	0.00305	0.00379	0.04816
0	239	C	0.00023	0.95478	0.00006	0.04493
0	240	C	0.00676	0.93825	0.03156	0.02344
0	241	C	0.00001	0.99985	0.00000	0.00014
0	242	A	0.96743	0.00014	0.03198	0.00046
0	243	C	0.00058	0.93075	0.00016	0.06851
0	244	G	0.00007	0.00000	0.99992	0.00001
0	245	G	0.00002	0.00000	0.99998	0.00000
0	246	T	0.00048	0.01866	0.00012	0.98074
0	247	T	0.00269	0.00900	0.00101	0.98730
0	248	G	0.00019	0.00001	0.99977	0.00003
0	249	A	0.99998	0.00000	0.00001	0.00000
0	250	A	0.99995	0.00000	0.00003	0.00002
0	251	A	0.99770	0.00007	0.00201	0.00022
0	252	G	0.00238	0.00012	0.99718	0.00032
0	253	C	0.00383	0.97839	0.00105	0.01672
0	254	G	0.00154	0.00007	0.99819	0.00020
0	255	A	0.85889	0.03219	0.05740	0.05151
0	256	A	0.99651	0.00037	0.00199	0.00113
0	257	T	0.04861	0.23232	0.00325	0.71581
0	258	G	0.01434	0.00256	0.98018	0.00292
0	259	A	0.65572	0.01166	0.31745	0.01517
0	260	A	0.97892	0.00052	0.01889	0.00167
0	261	T	0.01236	0.00423	0.00077	0.98265
0	262	C	0.00003	0.99923	0.00001	0.00073
0	263	C	0.00000	0.99999	0.00000	0.00001
0	264	G	0.00002	0.00000	0.99998	0.00000
0	265	T	0.00000	0.00001	0.00000	0.99999
0	266	T	0.00001	0.00008	0.00000	0.99991
0	267	A	0.99999	0.00000	0.00000	0.00000
0	268	C	0.00588	0.60364	0.00127	0.38921
0	269	C	0.00000	0.99996	0.00000	0.00004
0	270	C	0.00000	0.99997	0.00000	0.00003
0	271	G	0.00002	0.00000	0.99998	0.00000
0	272	C	0.00000	0.99995	0.00000	0.00005
0	273	T	0.00016	0.01204	0.00004	0.98776
0	274	T	0.00093	0.01839	0.00024	0.98043
0	275	A	0.99935	0.00006	0.00038	0.00021
0	276	K	0.04737	0.13189	0.37527	0.44548
0	277	Y	0.18286	0.29889	0.18981	0.32844
0	278	G	0.00229	0.00301	0.99335	0.00135
0	279	T	0.00030	0.00165	0.00008	0.99798
0	280	A	0.99995	0.00000	0.00003	0.00002
0	281	C	0.00000	0.99999	0.00000	0.00001
0	282	T	0.00000	0.00001	0.00000	0.99999
0	283	T	0.00035	0.00050	0.00003	0.99912
0	284	C	0.00000	0.99999	0.00000	0.00001
0	285	G	0.00010	0.00001	0.99988	0.00001
0	286	A	0.99778	0.00021	0.00136	0.00066
0	287	G	0.00122	0.00006	0.99858	0.00014
0	288	C	0.15840	0.43303	0.14326	0.26531
0	289	A	0.41197	0.17319	0.20266	0.21218
0	290	T	0.17354	0.23724	0.15417	0.43505
0	291	A	0.99995	0.00000	0.00003	0.00002
0	292	A	0.99998	0.00000	0.00001	0.00001
0	293	G	0.00093	0.00005	0.99890	0.00012
0	294	C	0.00000	0.99995	0.00000	0.00004
0	295	C	0.00000	0.99989	0.00000	0.00011
0	296	T	0.00014	0.03179	0.00003	0.96803
0	297	A	0.99999	0.00000	0.00000	0.00000
0	298	G	0.00029	0.00002	0.99965	0.00004
0	299	T	0.00000	0.00001	0.00000	0.99999
0	300	A	0.99998	0.00000	0.00001	0.00001
0	301	T	0.04779	0.27660	0.00557	0.67005
0	302	C	0.00000	0.99996	0.00000	0.00003
0	303	A	0.99842	0.00016	0.00086	0.00056
0	304	Y	0.00385	0.44452	0.00104	0.55059
0	305	C	0.00038	0.99201	0.00012	0.00749
0	306	T	0.00373	0.00871	0.00054	0.98703
0	307	T	0.00070	0.07123	0.00018	0.92789
0	308	G	0.01271	0.00246	0.97994	0.00490
0	309	G	0.00188	0.00013	0.99764	0.00035
0	310	G	0.01038	0.00112	0.98630	0.00220
0	311	A	0.99980	0.00002	0.00012	0.00006
0	312	A	0.99906	0.00008	0.00059	0.00027
0	313	T	0.00884	0.01216	0.00936	0.96964
0	314	C	0.00053	0.97862	0.00016	0.02069
0	315	T	0.00127	0.00474	0.00025	0.99373
0	316	T	0.01809	0.01211	0.00457	0.96522
0	317	C	0.00075	0.97890	0.00023	0.02012
0	318	G	0.01071	0.00280	0.97955	0.00693
0	319	A	0.97794	0.00084	0.01831	0.00291
0	320	T	0.01508	0.00842	0.00173	0.97476
0	321	G	0.00054	0.00003	0.99936	0.00007
0	322	G	0.18630	0.06100	0.66387	0.08883
0	323	G	0.21021	0.08656	0.55734	0.14589
0	324	C	0.00105	0.98065	0.00031	0.01799
0	325	G	0.00001	0.00000	0.99999	0.00000
0	326	T	0.00001	0.00006	0.00000	0.99993
0	327	T	0.00001	0.00006	0.00000	0.99993
0	328	G	0.00063	0.00002	0.99929	0.00006
0	329	C	0.00000	0.99998	0.00000	0.00002
0	330	G	0.00003	0.00000	0.99996	0.00000
0	331	C	0.11417	0.87148	0.00123	0.01313
0	332	T	0.00001	0.00005	0.00000	0.99993
0	333	C	0.00000	0.99998	0.00000	0.00002
0	334	A	0.99911	0.00009	0.00052	0.00028
0	335	G	0.00020	0.00001	0.99977	0.00003
0	336	C	0.00000	0.99998	0.00000	0.00002
0	337	A	0.99971	0.00005	0.00015	0.00010
0	338	C	0.00025	0.99680	0.00008	0.00287
0	339	A	0.65301	0.08102	0.10306	0.16292
0	340	B	0.14530	0.31814	0.22795	0.30861
0	341	T	0.00049	0.00452	0.00013	0.99486
0	342	C	0.00953	0.96969	0.00138	0.01940
0	343	A	0.79657	0.00557	0.00556	0.19230
0	344	A	0.99823	0.00075	0.00044	0.00058
0	345	C	0.00000	0.99999	0.00000	0.00001
0	346	C	0.00000	0.99999	0.00000	0.00001
0	347	C	0.00001	0.99985	0.00000	0.00014
0	348	C	0.00399	0.96923	0.00104	0.02574
0	349	A	0.77694	0.01211	0.18630	0.02465
0	350	G	0.00672	0.00014	0.99279	0.00036
0	351	A	0.98805	0.00182	0.00656	0.00357
0	352	G	0.00015	0.00001	0.99982	0.00002
0	353	T	0.00001	0.00004	0.00000	0.99995
0	354	G	0.00012	0.00001	0.99986	0.00002
0	355	G	0.05374	0.02139	0.89445	0.03042
0	356	T	0.00001	0.00004	0.00000	0.99995
0	357	A	0.99999	0.00000	0.00000	0.00000
0	358	G	0.00002	0.00000	0.99997	0.00000
0	359	C	0.00068	0.98765	0.00019	0.01148
0	360	T	0.00001	0.00004	0.00000	0.99995
0	361	T	0.00045	0.01800	0.00011	0.98143
0	362	G	0.37777	0.01156	0.54160	0.06907
0	363	G	0.00001	0.00000	0.99999	0.00000
0	364	G	0.00006	0.00000	0.99993	0.00001
0	365	T	0.00295	0.25859	0.00082	0.73763
0	366	C	0.00357	0.63495	0.00092	0.36056
0	367	G	0.00001	0.00000	0.99999	0.00000
0	368	A	0.99999	0.00000	0.00000	0.00000
0	369	T	0.00000	0.00002	0.00000	0.99998
0	370	G	0.00001	0.00000	0.99999	0.00000
0	371	A	0.99980	0.00002	0.00012	0.00006
0	372	G	0.00003	0.00000	0.99997	0.00000
0	373	T	0.00008	0.00039	0.00010	0.99943
0	374	C	0.00000	0.99999	0.00000	0.00001
0	375	T	0.00002	0.00011	0.00000	0.99986
0	376	G	0.00085	0.00027	0.99864	0.00024
0	377	G	0.00007	0.00000	0.99992	0.00001
0	378	A	0.98404	0.00029	0.01476	0.00091
0	379	C	0.00009	0.99823	0.00003	0.00164
0	380	A	0.99870	0.00013	0.00077	0.00040
0	381	C	0.00351	0.64053	0.00101	0.35495
0	382	-	0.26497	0.28634	0.18210	0.26659
0	383	C	0.00064	0.97423	0.00018	0.02494
0	384	C	0.00000	0.99999	0.00000	0.00001
0	385	C	0.00000	0.99999	0.00000	0.00001
0	386	W	0.37525	0.14803	0.00148	0.47523
0	387	C	0.00000	0.99999	0.00000	0.00001
0	388	A	0.99998	0.00000	0.00001	0.00001
0	389	C	0.00001	0.99970	0.00000	0.00028
0	390	C	0.00068	0.98282	0.00050	0.01600
0	391	G	0.00002	0.00000	0.99997	0.00000
0	392	G	0.00001	0.00000	0.99999	0.00000
0	393	C	0.00034	0.94108	0.00009	0.05849
0	394	G	0.00002	0.00000	0.99998	0.00000
0	395	A	0.99999	0.00000	0.00000	0.00000
0	396	C	0.00000	0.99995	0.00000	0.00005
0	397	G	0.01005	0.00039	0.98898	0.00058
0	398	G	0.00941	0.00284	0.87406	0.11370
0	399	T	0.00546	0.00559	0.11109	0.87786
0	400	G	0.00001	0.00000	0.99999	0.00000
0	401	T	0.10981	0.19750	0.07794	0.61476
0	402	G	0.00768	0.00128	0.98868	0.00237
0	403	T	0.00066	0.02118	0.00017	0.97799
0	404	C	0.00001	0.99985	0.00000	0.00014
0	405	C	0.00009	0.99766	0.00004	0.00221
0	406	A	0.99960	0.00004	0.00022	0.00014
0	407	G	0.00001	0.00000	0.99999	0.00000
0	408	G	0.00006	0.00002	0.99991	0.00001
0	409	C	0.00001	0.99989	0.00000	0.00011
0	410	T	0.00005	0.00032	0.00001	0.99962
0	411	G	0.00001	0.00000	0.99999	0.00000
0	412	C	0.00000	0.99997	0.00000	0.00003
0	413	G	0.00001	0.00000	0.99999	0.00000
0	414	T	0.00006	0.00039	0.00002	0.99953
0	415	T	0.00001	0.00005	0.00000	0.99993
0	416	G	0.00006	0.00000	0.99993	0.00001
0	417	G	0.00001	0.00000	0.99999	0.00000
0	418	C	0.00000	0.99998	0.00000	0.00002
0	419	G	0.00013	0.00001	0.99985	0.00002
0	420	G	0.00008	0.00000	0.99990	0.00001
0	421	C	0.00000	0.99992	0.00000	0.00007
0	422	C	0.00000	0.99998	0.00000	0.00002
0	423	T	0.01422	0.01075	0.00207	0.97296
0	424	G	0.04877	0.01825	0.90583	0.02715
0	425	C	0.02405	0.88237	0.01634	0.07723
0	426	C	0.05420	0.70973	0.03722	0.19886
0	427	C	0.06773	0.57321	0.04600	0.31307
0	428	A	0.77016	0.04811	0.10688	0.07485
0	429	C	0.01939	0.90373	0.01303	0.06386
0	430	A	0.99721	0.00029	0.00174	0.00077
0	431	C	0.00001	0.99984	0.00000	0.00015
0	432	C	0.00003	0.99942	0.00001	0.00054
0	433	C	0.01083	0.59217	0.00339	0.39360
0	434	A	0.99662	0.00052	0.00150	0.00135
0	435	-	0.20890	0.19637	0.30454	0.29019
0	436	B	0.14913	0.23205	0.28612	0.33270
0	437	T	0.00489	0.01374	0.00323	0.97814
0	438	G	0.00002	0.00000	0.99998	0.00000
0	439	G	0.00032	0.00002	0.99962	0.00004
0	440	C	0.00400	0.97090	0.00756	0.01754
0	441	T	0.00151	0.02201	0.00061	0.97587
0	442	A	0.99743	0.00030	0.00138	0.00088
0	443	A	0.70528	0.00143	0.28921	0.00408
0	444	C	0.00204	0.98704	0.00085	0.01007
0	445	A	0.67593	0.03764	0.25331	0.03312
0	446	C	0.00036	0.99259	0.00014	0.00691
0	447	C	0.00012	0.99779	0.00004	0.00205
0	448	A	0.98836	0.00178	0.00603	0.00384
0	449	T	0.00010	0.00061	0.00003	0.99926
0	450	G	0.00649	0.00029	0.99246	0.00075
0	451	G	0.00039	0.00002	0.99954	0.00005
0	452	G	0.00015	0.00001	0.99982	0.00002
0	453	A	0.99983	0.00002	0.00010	0.00005
0	454	C	0.00006	0.99883	0.00002	0.00109
0	455	G	0.00001	0.00000	0.99999	0.00000
0	456	C	0.00001	0.99984	0.00000	0.00015
0	457	T	0.00031	0.01493	0.00008	0.98468
0	458	C	0.09802	0.50311	0.06117	0.33770
0	459	A	0.99294	0.00081	0.00240	0.00385
0	460	G	0.01110	0.00101	0.98500	0.00290
0	461	T	0.00025	0.00103	0.00005	0.99868
0	462	T	0.00067	0.00367	0.00017	0.99549
0	463	G	0.01586	0.00026	0.98318	0.00070
0	464	T	0.00815	0.01334	0.00111	0.97740
0	465	G	0.00417	0.00018	0.99510	0.00055
0	466	A	0.98944	0.00012	0.01005	0.00039
0	467	A	0.99995	0.00000	0.00003	0.00002
0	468	C	0.00001	0.99975	0.00000	0.00023
0	469	A	0.99998	0.00000	0.00001	0.00001
0	470	A	0.98980	0.00109	0.00374	0.00537
0	471	G	0.00007	0.00000	0.99991	0.00001
0	472	G	0.00001	0.00000	0.99999	0.00000
0	473	T	0.00000	0.00002	0.00000	0.99998
0	474	A	0.66949	0.08490	0.12627	0.11934
0	475	A	0.66949	0.08490	0.12627	0.11934
0	476	G	0.21164	0.12815	0.49826	0.16195
0	477	T	0.09671	0.16294	0.07135	0.66900
0	478	G	0.20372	0.12515	0.51275	0.15838
0	479	G	0.00001	0.00000	0.99999	0.00000
0	480	T	0.00235	0.36149	0.00066	0.63549
0	481	G	0.00024	0.00001	0.99971	0.00003
0	482	A	0.99999	0.00000	0.00000	0.00000
0	483	A	0.99998	0.00000	0.00001	0.00001
0	484	G	0.00002	0.00000	0.99998	0.00000
0	485	A	0.99989	0.00001	0.00006	0.00003
0	486	G	0.00002	0.00000	0.99997	0.00000
0	487	C	0.00005	0.99893	0.00002	0.00101
0	488	C	0.00000	0.99999	0.00000	0.00001
0	489	T	0.00009	0.00053	0.00002	0.99935
0	490	A	0.99986	0.00001	0.00008	0.00005
0	491	T	0.00075	0.00485	0.00019	0.99420
0	492	T	0.00001	0.00003	0.00000	0.99996
0	493	G	0.00001	0.00000	0.99999	0.00000
0	494	A	0.99951	0.00004	0.00017	0.00027
0	495	G	0.00001	0.00000	0.99999	0.00000
0	496	C	0.00000	0.99999	0.00000	0.00001
0	497	T	0.00000	0.00001	0.00000	0.99999
0	498	B	0.18509	0.27952	0.21302	0.32237
0	499	C	0.10207	0.54360	0.08000	0.27433
0	500	A	0.99953	0.00004	0.00029	0.00014
0	501	C	0.00466	0.96887	0.00724	0.01923
0	502	M	0.42125	0.42346	0.07991	0.07539
0	503	T	0.00032	0.00178	0.00008	0.99781
0	504	G	0.07439	0.00055	0.92352	0.00154
0	505	A	0.98779	0.00016	0.01155	0.00051
0	506	G	0.00119	0.00019	0.99693	0.00169
0	507	A	0.99976	0.00002	0.00014	0.00008
0	508	G	0.08080	0.00073	0.91607	0.00241
0	509	T	0.00001	0.00008	0.00000	0.99990
0	510	C	0.00000	0.99999	0.00000	0.00001
0	511	C	0.00000	0.99991	0.00000	0.00009
0	512	T	0.00000	0.00003	0.00000	0.99997
0	513	C	0.00000	0.99999	0.00000	0.00001
0	514	C	0.00000	0.99996	0.00000	0.00004
0	515	G	0.00002	0.00000	0.99997	0.00000
0	516	G	0.00002	0.00000	0.99998	0.00000
0	517	C	0.00002	0.99956	0.00001	0.00041
0	518	C	0.00000	0.99994	0.00000	0.00006
0	519	Y	0.04786	0.48921	0.03040	0.43253
0	520	C	0.00000	0.99999	0.00000	0.00001
0	521	C	0.00000	0.99994	0.00000	0.00006
0	522	T	0.00000	0.00001	0.00000	0.99999
0	523	G	0.00001	0.00000	0.99999	0.00000
0	524	A	0.99999	0.00000	0.00000	0.00000
0	525	A	0.99999	0.00000	0.00000	0.00000
0	526	T	0.00000	0.00001	0.00000	0.99999
0	527	G	0.00001	0.00000	0.99999	0.00000
0	528	C	0.00000	0.99996	0.00000	0.00004
0	529	G	0.00002	0.00000	0.99998	0.00000
0	530	G	0.00001	0.00000	0.99999	0.00000
0	531	C	0.00000	0.99996	0.00000	0.00004
0	532	T	0.00000	0.00001	0.00000	0.99999
0	533	A	0.99999	0.00000	0.00000	0.00000
0	534	A	0.99999	0.00000	0.00000	0.00000
0	535	T	0.00006	0.00085	0.00002	0.99907
0	536	C	0.00000	0.99999	0.00000	0.00001
0	537	C	0.00002	0.99959	0.00001	0.00039
0	538	C	0.00033	0.98114	0.00010	0.01843
0	539	A	0.99999	0.00000	0.00000	0.00000
0	540	A	0.99999	0.00000	0.00000	0.00000
0	541	C	0.00000	0.99999	0.00000	0.00001
0	542	C	0.00001	0.99987	0.00000	0.00013
0	543	W	0.40680	0.14006	0.00650	0.44663
0	544	C	0.00002	0.99960	0.00001	0.00038
0	545	G	0.00025	0.00001	0.99971	0.00003
0	546	G	0.00015	0.00001	0.99982	0.00002
0	547	A	0.99998	0.00000	0.00001	0.00001
0	548	G	0.00001	0.00000	0.99999	0.00000
0	549	C	0.00000	0.99995	0.00000	0.00005
0	550	A	0.99783	0.00023	0.00125	0.00069
0	551	A	0.70343	0.01277	0.22383	0.05996
0	552	A	0.80350	0.00984	0.16992	0.01675
0	553	T	0.00023	0.00228	0.00006	0.99743
0	554	G	0.00120	0.00004	0.99867	0.00009
0	555	C	0.00470	0.94720	0.03201	0.01610
0	556	T	0.00336	0.02573	0.00080	0.97011
0	557	C	0.00014	0.99756	0.00004	0.00226
0	558	A	0.99374	0.00023	0.00524	0.00079
0	559	C	0.00001	0.99975	0.00000	0.00023
0	560	A	0.99986	0.00001	0.00009	0.00004
0	561	A	0.99999	0.00000	0.00000	0.00000
0	562	T	0.14448	0.02349	0.00560	0.82642
0	563	C	0.00000	0.99999	0.00000	0.00001
0	564	C	0.00000	0.99999	0.00000	0.00001
0	565	A	0.99998	0.00000	0.00001	0.00001
0	566	G	0.00012	0.00001	0.99986	0.00002
0	567	T	0.00047	0.00769	0.00011	0.99173
0	568	G	0.00084	0.00004	0.99900	0.00012
0	569	A	0.97824	0.00079	0.01842	0.00255
0	570	G	0.01586	0.00540	0.91015	0.06859
0	571	T	0.00015	0.00165	0.00004	0.99817
0	572	G	0.00825	0.00013	0.99124	0.00037
0	573	G	0.00026	0.00001	0.99969	0.00004
0	574	T	0.00933	0.18518	0.00670	0.79879
0	575	T	0.04460	0.24923	0.01409	0.69208
0	576	T	0.00094	0.00443	0.00033	0.99430
0	577	G	0.00001	0.00000	0.99999	0.00000
0	578	T	0.00000	0.00002	0.00000	0.99998
0	579	C	0.00000	0.99994	0.00000	0.00006
0	580	G	0.00003	0.00000	0.99997	0.00000
0	581	T	0.00000	0.00002	0.00000	0.99998
0	582	A	0.99999	0.00000	0.00000	0.00000
0	583	A	0.99999	0.00000	0.00000	0.00000
0	584	T	0.00079	0.15432	0.00021	0.84469
0	585	G	0.00003	0.00000	0.99997	0.00000
0	586	C	0.00006	0.99898	0.00002	0.00095
0	587	G	0.00001	0.00000	0.99999	0.00000
0	588	C	0.00061	0.97896	0.00019	0.02024
0	589	A	0.99999	0.00000	0.00000	0.00000
0	590	A	0.99999	0.00000	0.00000	0.00000
0	591	G	0.00053	0.00003	0.99936	0.00008
0	592	T	0.00000	0.00003	0.00000	0.99997
0	593	C	0.00003	0.99932	0.00001	0.00064
0	594	T	0.00259	0.15046	0.00079	0.84616
0	595	G	0.00002	0.00000	0.99998	0.00000
0	596	T	0.00217	0.00291	0.00594	0.98898
0	597	G	0.00006	0.00000	0.99993	0.00001
0	598	G	0.00500	0.00007	0.99474	0.00019
0	599	C	0.00002	0.99959	0.00001	0.00039
0	600	G	0.00001	0.00000	0.99999	0.00000
0	601	G	0.00001	0.00000	0.99999	0.00000
0	602	A	0.99963	0.00002	0.00030	0.00006
0	603	A	0.99999	0.00000	0.00000	0.00000
0	604	C	0.00000	0.99999	0.00000	0.00001
0	605	C	0.00000	0.99995	0.00000	0.00005
0	606	G	0.00002	0.00000	0.99998	0.00000
0	607	A	0.99999	0.00000	0.00000	0.00000
0	608	C	0.00000	0.99999	0.00000	0.00001
0	609	T	0.00000	0.00001	0.00000	0.99999
0	610	A	0.99999	0.00000	0.00000	0.00000
0	611	C	0.00000	0.99999	0.00000	0.00001
0	612	T	0.00000	0.00001	0.00000	0.99999
0	613	T	0.00000	0.00001	0.00000	0.99999
0	614	T	0.00000	0.00001	0.00000	0.99999
0	615	G	0.00002	0.00000	0.99997	0.00000
0	616	G	0.00001	0.00000	0.99999	0.00000
0	617	G	0.00002	0.00000	0.99998	0.00000
0	618	T	0.00005	0.00027	0.00001	0.99967
0	619	G	0.00006	0.00000	0.99994	0.00001
0	620	G	0.13108	0.21021	0.51236	0.14635
0	621	T	0.00002	0.00012	0.00000	0.99986
0	622	C	0.00000	0.99995	0.00000	0.00005
0	623	C	0.00000	0.99997	0.00000	0.00003
0	624	G	0.00001	0.00000	0.99999	0.00000
0	625	T	0.00000	0.00001	0.00000	0.99999
0	626	G	0.00001	0.00000	0.99999	0.00000
0	627	T	0.00000	0.00001	0.00000	0.99999
0	628	T	0.00000	0.00001	0.00000	0.99999
0	629	T	0.00000	0.00001	0.00000	0.99999
0	630	C	0.00000	0.99999	0.00000	0.00001
0	631	C	0.00004	0.99925	0.00001	0.00070
0	632	T	0.00002	0.00011	0.00000	0.99987
0	633	T	0.00600	0.00865	0.00905	0.97630
0	634	T	0.00001	0.00003	0.00000	0.99996
0	635	T	0.00035	0.00192	0.00009	0.99764
0	636	A	0.99129	0.00057	0.00080	0.00734
0	637	T	0.00005	0.00027	0.00001	0.99968
0	638	T	0.00010	0.00036	0.00002	0.99951
0	639	T	0.00101	0.02715	0.00026	0.97158
0	640	T	0.00125	0.01246	0.00032	0.98597
0	641	T	0.01859	0.00103	0.00021	0.98018
0	642	A	0.87052	0.00798	0.00664	0.11486
0	643	T	0.00079	0.00405	0.00017	0.99499
0	644	T	0.05862	0.02244	0.13126	0.78768
0	645	T	0.39630	0.04125	0.00913	0.55332
0	646	K	0.16018	0.15958	0.29618	0.38405
0	647	T	0.30048	0.16257	0.11087	0.42609
0	648	T	0.00047	0.00168	0.00017	0.99769
0	649	G	0.00066	0.00002	0.99925	0.00006
0	650	G	0.00081	0.00005	0.99903	0.00011
0	651	C	0.00017	0.99675	0.00005	0.00303
0	652	T	0.00045	0.00116	0.00007	0.99832
0	653	G	0.00167	0.00011	0.99794	0.00029
0	654	C	0.00001	0.99984	0.00000	0.00015
0	655	T	0.00000	0.00002	0.00000	0.99998
0	656	T	0.00000	0.00002	0.00000	0.99998
0	657	A	0.99999	0.00000	0.00000	0.00000
0	658	T	0.00000	0.00002	0.00000	0.99998
0	659	G	0.00001	0.00000	0.99999	0.00000
0	660	G	0.00001	0.00000	0.99999	0.00000
0	661	T	0.00000	0.00002	0.00000	0.99998
0	662	G	0.00003	0.00000	0.99996	0.00000
0	663	A	0.99999	0.00000	0.00000	0.00000
0	664	C	0.00000	0.99998	0.00000	0.00002
0	665	A	0.99999	0.00000	0.00000	0.00000
0	666	A	0.99993	0.00001	0.00004	0.00002
0	667	T	0.00021	0.00155	0.00005	0.99819
0	668	C	0.00022	0.98622	0.00006	0.01349
0	669	G	0.11497	0.05711	0.75017	0.07775
0	670	T	0.11154	0.01213	0.00353	0.87280
0	671	G	0.16421	0.15288	0.63176	0.05116
0	672	A	0.99867	0.00010	0.00090	0.00033
0	673	G	0.01031	0.00113	0.98598	0.00259
0	674	A	0.97977	0.00052	0.01812	0.00158
0	675	T	0.00001	0.00009	0.00000	0.99989
0	676	T	0.00001	0.00009	0.00000	0.99989
0	677	G	0.00018	0.00001	0.99979	0.00002
0	678	T	0.00007	0.00052	0.00002	0.99939
0	679	T	0.00024	0.00186	0.00006	0.99784
0	680	A	0.99997	0.00000	0.00002	0.00001
0	681	T	0.00149	0.02025	0.00043	0.97783
0	682	C	0.00002	0.99957	0.00001	0.00041
0	683	A	0.99977	0.00002	0.00016	0.00006
0	684	T	0.00002	0.00010	0.00000	0.99988
0	685	A	0.99999	0.00000	0.00001	0.00000
0	686	T	0.02434	0.00170	0.00035	0.97361
0	687	A	0.99999	0.00000	0.00001	0.00000
0	688	G	0.00043	0.00002	0.99949	0.00006
0	689	C	0.00032	0.99319	0.00010	0.00640
0	690	T	0.01552	0.01447	0.17966	0.79034
0	691	A	0.99707	0.00030	0.00169	0.00093
0	692	A	0.63305	0.25482	0.02726	0.08487
0	693	T	0.00014	0.00081	0.00003	0.99902
0	694	T	0.00000	0.00002	0.00000	0.99997
0	695	G	0.13853	0.07628	0.68460	0.10059
0	696	A	0.62447	0.09866	0.14165	0.13521
0	697	G	0.00007	0.00000	0.99992	0.00001
0	698	G	0.00030	0.00002	0.99965	0.00004
0	699	A	0.99933	0.00006	0.00041	0.00019
0	700	T	0.00003	0.00015	0.00001	0.99982
0	701	T	0.00001	0.00004	0.00000	0.99996
0	702	G	0.19334	0.00052	0.80469	0.00145
0	703	G	0.00017	0.00001	0.99980	0.00002
0	704	C	0.00002	0.99960	0.00001	0.00037
0	705	C	0.00002	0.99960	0.00001	0.00037
0	706	A	0.99981	0.00002	0.00012	0.00006
0	707	T	0.00077	0.00389	0.00021	0.99513
0	708	C	0.00002	0.99960	0.00001	0.00037
0	709	C	0.00006	0.99873	0.00002	0.00119
0	710	G	0.00004	0.00000	0.99995	0.00001
0	711	G	0.11910	0.05954	0.74045	0.08091
0	712	T	0.09331	0.15944	0.06766	0.67959
0	713	G	0.11910	0.05954	0.74045	0.08091
0	714	A	0.66577	0.08566	0.12801	0.12056
0	715	C	0.07835	0.67550	0.06027	0.18588
0	716	C	0.05101	0.70207	0.03459	0.21233
0	717	T	0.02539	0.05122	0.01543	0.90796
0	718	T	0.04982	0.08899	0.04237	0.81881
0	719	T	0.20642	0.23384	0.08226	0.47748
0	720	T	0.14200	0.22997	0.08851	0.53952
0	721	W	0.39645	0.11805	0.08611	0.39938
0	722	T	0.03450	0.07169	0.02119	0.87261
0	723	T	0.11553	0.16816	0.07155	0.64476
0	724	G	0.13521	0.06292	0.71446	0.08740
0	725	A	0.93417	0.01430	0.02716	0.02437
0	726	Y	0.14065	0.33855	0.08316	0.43764
0	727	T	0.06256	0.18561	0.04001	0.71182
0	728	T	0.02337	0.04731	0.01404	0.91528
0	729	G	0.20907	0.08155	0.59408	0.11529
0	730	Y	0.09401	0.36673	0.06408	0.47519
0	731	T	0.10854	0.15265	0.14208	0.59672
0	732	T	0.13516	0.28892	0.11292	0.46300
0	733	G	0.09335	0.09923	0.73028	0.07714
0	734	T	0.16967	0.09853	0.04701	0.68480
0	735	T	0.04441	0.08902	0.02772	0.83884
0	736	T	0.02337	0.04731	0.01404	0.91528
0	737	A	0.42218	0.15899	0.16729	0.25155
0	738	T	0.05203	0.10493	0.03302	0.81001
0	739	A	0.63625	0.09490	0.13782	0.13103
0	740	C	0.08680	0.64761	0.06808	0.19751
0	741	T	0.10716	0.17661	0.08076	0.63547
0	742	C	0.08680	0.64761	0.06808	0.19751
0	743	G	0.13478	0.07279	0.69587	0.09656
0	744	T	0.10716	0.17661	0.08076	0.63547
0	745	A	0.39831	0.27226	0.12664	0.20279
0	746	Y	0.18028	0.40232	0.10405	0.31335
0	747	T	0.07611	0.11658	0.08770	0.71960
0	748	A	0.60475	0.07142	0.21635	0.10748
0	749	A	0.92645	0.01606	0.03033	0.02716
0	750	A	0.57642	0.07994	0.17949	0.16414
0	751	T	0.09121	0.14092	0.05137	0.71649
0	752	C	0.13258	0.46949	0.08067	0.31726
0	753	W	0.34494	0.15217	0.10537	0.39752
0	754	T	0.10031	0.20990	0.06756	0.62223
0	755	T	0.13235	0.26637	0.08057	0.52072
0	756	A	0.60018	0.08307	0.16988	0.14688
0	757	A	0.78368	0.04961	0.08858	0.07813
0	758	Y	0.17351	0.40238	0.13756	0.28655
0	759	A	0.92769	0.01577	0.02981	0.02672
0	760	C	0.08012	0.58397	0.05579	0.28012
0	761	A	0.92769	0.01577	0.02981	0.02672
0	762	T	0.12555	0.26687	0.07118	0.53640
0	763	C	0.11248	0.50914	0.06775	0.31063
0	764	A	0.67486	0.08039	0.12107	0.12369
0	765	C	0.04822	0.75249	0.03315	0.16614
0	766	A	0.86262	0.03079	0.05636	0.05023
0	767	T	0.16600	0.21806	0.20404	0.41190
0	768	A	0.63268	0.09857	0.12924	0.13951
0	769	Y	0.18218	0.30542	0.15507	0.35734
0	770	A	0.52599	0.19172	0.11591	0.16638
0	771	A	0.80347	0.04535	0.07819	0.07299
0	772	C	0.24655	0.47194	0.08313	0.19838
0	773	C	0.15855	0.38210	0.21723	0.24212
0	774	H	0.24902	0.36344	0.12189	0.26565
0	775	A	0.91483	0.01869	0.03522	0.03126
0	776	A	0.76075	0.05400	0.07561	0.10964
0	777	A	0.49188	0.12871	0.12094	0.25848
0	778	A	0.91483	0.01869	0.03522	0.03126
0	779	T	0.02555	0.05200	0.01550	0.90695
0	780	G	0.03951	0.01435	0.92448	0.02166
3	1	T	0.13020	0.20136	0.10440	0.56405
3	2	T	0.13020	0.20136	0.10440	0.56405
3	3	T	0.00000	0.00002	0.00000	0.99998
3	4	T	0.00001	0.00007	0.00000	0.99991
3	5	A	0.99997	0.00000	0.00002	0.00001
3	6	A	0.99999	0.00000	0.00001	0.00000
3	7	A	0.99999	0.00000	0.00001	0.00000
3	8	A	0.99997	0.00000	0.00002	0.00001
3	9	C	0.00002	0.99922	0.00001	0.00076
3	10	A	0.99996	0.00000	0.00002	0.00001
3	11	G	0.00004	0.00000	0.99996	0.00000
3	12	C	0.00002	0.99962	0.00001	0.00036
3	13	T	0.00062	0.01682	0.00036	0.98220
3	14	C	0.00055	0.97812	0.00017	0.02116
3	15	T	0.00700	0.01272	0.00874	0.97153
3	16	G	0.01319	0.00048	0.98475	0.00157
3	17	G	0.00001	0.00000	0.99999	0.00000
3	18	G	0.00003	0.00000	0.99997	0.00000
3	19	G	0.00001	0.00000	0.99999	0.00000
3	20	T	0.00000	0.00003	0.00000	0.99997
3	21	T	0.00000	0.00002	0.00000	0.99998
3	22	G	0.00003	0.00000	0.99997	0.00000
3	23	T	0.00000	0.00002	0.00000	0.99998
3	24	T	0.08799	0.01639	0.00356	0.89205
3	25	C	0.00000	0.99998	0.00000	0.00002
3	26	C	0.00000	0.99998	0.00000	0.00002
3	27	C	0.00000	0.99993	0.00000	0.00007
3	28	A	0.99999	0.00000	0.00000	0.00000
3	29	C	0.00000	0.99999	0.00000	0.00001
3	30	C	0.00000	0.99996	0.00000	0.00004
3	31	C	0.00000	0.99999	0.00000	0.00001
3	32	C	0.00692	0.98080	0.00065	0.01163
3	33	A	0.98497	0.00331	0.00592	0.00581
3	34	G	0.01247	0.00033	0.98633	0.00088
3	35	A	0.98768	0.00035	0.01109	0.00088
3	36	G	0.00006	0.00000	0.99993	0.00001
3	37	G	0.00011	0.00000	0.99988	0.00001
3	38	C	0.00000	0.99999	0.00000	0.00001
3	39	C	0.00000	0.99997	0.00000	0.00002
3	40	C	0.00000	0.99996	0.00000	0.00003
3	41	A	0.99999	0.00000	0.00001	0.00000
3	42	C	0.00001	0.99971	0.00000	0.00028
3	43	G	0.00045	0.00003	0.99943	0.00009
3	44	T	0.00049	0.00175	0.00041	0.99735
3	45	G	0.00002	0.00000	0.99998	0.00000
3	46	G	0.00000	0.00000	1.00000	0.00000
3	47	C	0.00007	0.99789	0.00002	0.00201
3	48	G	0.00000	0.00000	1.00000	0.00000
3	49	G	0.00174	0.00021	0.99761	0.00043
3	50	C	0.00011	0.99787	0.00003	0.00199
3	51	T	0.00002	0.00013	0.00000	0.99984
3	52	A	0.99985	0.00001	0.00009	0.00005
3	53	G	0.00001	0.00000	0.99999	0.00000
3	54	T	0.00002	0.00015	0.00000	0.99982
3	55	A	0.99994	0.00001	0.00004	0.00002
3	56	C	0.00000	0.99994	0.00000	0.00006
3	57	T	0.00002	0.00014	0.00000	0.99984
3	58	C	0.00000	0.99995	0.00000	0.00005
3	59	C	0.00002	0.99478	0.00001	0.00520
3	60	G	0.00002	0.00000	0.99998	0.00000
3	61	G	0.00005	0.00000	0.99994	0.00001
3	62	T	0.00000	0.00003	0.00000	0.99997
3	63	A	0.99960	0.00004	0.00024	0.00012
3	64	T	0.00168	0.38790	0.00044	0.60998
3	65	C	0.00315	0.64873	0.00089	0.34724
3	66	S	0.21664	0.39305	0.32670	0.06361
3	67	C	0.00002	0.99946	0.00001	0.00052
3	68	C	0.17308	0.44248	0.12375	0.26069
3	69	G	0.00002	0.00000	0.99998	0.00000
3	70	G	0.00001	0.00000	0.99999	0.00000
3	71	T	0.00012	0.00070	0.00003	0.99915
3	72	A	0.99996	0.00000	0.00002	0.00001
3	73	C	0.00000	0.99989	0.00000	0.00011
3	74	C	0.00000	0.99997	0.00000	0.00003
3	75	C	0.00015	0.98595	0.00004	0.01387
3	76	T	0.00000	0.00001	0.00000	0.99999
3	77	T	0.00000	0.00001	0.00000	0.99998
3	78	G	0.00003	0.00000	0.99997	0.00000
3	79	T	0.00005	0.00036	0.00001	0.99958
3	80	A	0.99998	0.00000	0.00001	0.00001
3	81	C	0.00000	0.99999	0.00000	0.00001
3	82	G	0.00001	0.00000	0.99999	0.00000
3	83	C	0.00000	0.99999	0.00000	0.00001
3	84	C	0.00000	0.99999	0.00000	0.00001
3	85	T	0.00001	0.00005	0.00000	0.99994
3	86	G	0.00241	0.00004	0.99743	0.00012
3	87	T	0.00000	0.00001	0.00000	0.99998
3	88	T	0.00000	0.00001	0.00000	0.99998
3	89	T	0.00000	0.00001	0.00000	0.99998
3	90	T	0.00002	0.00016	0.00001	0.99981
3	91	A	0.99691	0.00034	0.00169	0.00105
3	92	T	0.00014	0.00199	0.00003	0.99784
3	93	A	0.98949	0.00167	0.00197	0.00686
3	94	C	0.00024	0.99197	0.00007	0.00771
3	95	T	0.00081	0.02500	0.00021	0.97398
3	96	T	0.12498	0.19614	0.09886	0.58002
3	97	C	0.00000	0.99998	0.00000	0.00002
3	98	C	0.00000	0.99998	0.00000	0.00002
3	99	C	0.00033	0.99117	0.00010	0.00840
3	100	T	0.00009	0.00065	0.00002	0.99924
3	101	T	0.12557	0.19674	0.09947	0.57822
3	102	T	0.00339	0.01576	0.00128	0.97958
3	103	T	0.00228	0.20001	0.00086	0.79684
3	104	C	0.00004	0.99950	0.00002	0.00044
3	105	C	0.00004	0.99950	0.00002	0.00044
3	106	C	0.00027	0.99707	0.00012	0.00254
3	107	H	0.30392	0.32957	0.12035	0.24615
3	108	A	0.86941	0.03039	0.05212	0.04808
3	109	T	0.01529	0.16222	0.00498	0.81751
3	110	C	0.07786	0.77742	0.01694	0.12778
3	111	M	0.43361	0.41674	0.00951	0.14014
3	112	M	0.38930	0.44626	0.00903	0.15542
3	113	G	0.00001	0.00000	0.99999	0.00000
3	114	T	0.00045	0.00221	0.00010	0.99724
3	115	A	0.99999	0.00000	0.00000	0.00000
3	116	A	0.99999	0.00000	0.00000	0.00000
3	117	C	0.00001	0.99985	0.00000	0.00014
3	118	T	0.04363	0.07591	0.02543	0.85504
3	119	T	0.00002	0.00013	0.00000	0.99984
3	120	A	0.58471	0.11168	0.15421	0.14940
3	121	T	0.12219	0.19326	0.09593	0.58862
3	122	C	0.10214	0.59879	0.08294	0.21613
3	123	T	0.00000	0.00001	0.00000	0.99998
3	124	A	0.99999	0.00000	0.00000	0.00000
3	125	G	0.00001	0.00000	0.99999	0.00000
3	126	A	0.99999	0.00000	0.00000	0.00000
3	127	A	0.99145	0.00758	0.00024	0.00073
3	128	G	0.00001	0.00000	0.99999	0.00000
3	129	C	0.27901	0.61328	0.00762	0.10010
3	130	A	0.68610	0.04383	0.03098	0.23909
3	131	C	0.04854	0.74159	0.01641	0.19345
3	132	A	0.99066	0.00145	0.00474	0.00315
3	133	A	0.68610	0.04383	0.03098	0.23909
3	134	A	0.99994	0.00000	0.00003	0.00002
3	135	A	0.99399	0.00071	0.00223	0.00307
3	136	T	0.00139	0.14871	0.00037	0.84953
3	137	A	0.91489	0.05512	0.01023	0.01977
3	138	A	0.99539	0.00050	0.00218	0.00193
3	139	A	0.99915	0.00008	0.00052	0.00026
3	140	C	0.00032	0.99663	0.00014	0.00290
3	141	A	0.92409	0.01654	0.03126	0.02812
3	142	C	0.06501	0.67589	0.04494	0.21416
3	143	A	0.81988	0.04121	0.07369	0.06522
3	144	T	0.16810	0.02804	0.01330	0.79057
3	145	A	0.99012	0.00152	0.00486	0.00349
3	146	A	0.76776	0.13896	0.02370	0.06958
3	147	T	0.01699	0.13086	0.00679	0.84535
3	148	A	0.66660	0.08541	0.12773	0.12026
3	149	G	0.00001	0.00000	0.99999	0.00000
3	150	T	0.00206	0.00895	0.00033	0.98866
3	151	T	0.00073	0.00691	0.00017	0.99219
3	152	C	0.00000	0.99999	0.00000	0.00001
3	153	A	0.99998	0.00000	0.00001	0.00001
3	154	A	0.99961	0.00004	0.00023	0.00012
3	155	T	0.00031	0.13368	0.00007	0.86594
3	156	A	0.99999	0.00000	0.00000	0.00000
3	157	G	0.00001	0.00000	0.99999	0.00000
3	158	G	0.38699	0.02325	0.53426	0.05550
3	159	A	0.99892	0.00007	0.00078	0.00023
3	160	G	0.03709	0.00290	0.95429	0.00572
3	161	G	0.00144	0.00018	0.99800	0.00037
3	162	C	0.02344	0.88477	0.01586	0.07592
3	163	G	0.12448	0.03598	0.78655	0.05299
3	164	G	0.00248	0.00013	0.99706	0.00033
3	165	G	0.00293	0.00014	0.99651	0.00042
3	166	G	0.00008	0.00000	0.99991	0.00001
3	167	T	0.03368	0.11069	0.14291	0.71272
3	168	A	0.66789	0.00162	0.32563	0.00487
3	169	C	0.00080	0.91326	0.00022	0.08572
3	170	A	0.99680	0.00033	0.00187	0.00100
3	171	C	0.23332	0.60330	0.04075	0.12263
3	172	A	0.63222	0.28878	0.01708	0.06192
3	173	A	0.99999	0.00000	0.00000	0.00000
3	174	A	0.98300	0.00314	0.00404	0.00981
3	175	C	0.00000	0.99999	0.00000	0.00001
3	176	C	0.00000	0.99998	0.00000	0.00002
3	177	A	0.99997	0.00000	0.00002	0.00001
3	178	G	0.00027	0.00001	0.99969	0.00003
3	179	T	0.00074	0.00515	0.00019	0.99392
3	180	A	0.98338	0.00250	0.00469	0.00944
3	181	C	0.00402	0.97132	0.00756	0.01710
3	182	C	0.00096	0.97173	0.00035	0.02696
3	183	A	0.97974	0.00039	0.01865	0.00122
3	184	C	0.00021	0.98468	0.00006	0.01505
3	185	C	0.00093	0.98397	0.00022	0.01489
3	186	A	0.61038	0.08345	0.17502	0.13115
3	187	A	0.99959	0.00003	0.00026	0.00011
3	188	C	0.00057	0.98350	0.00017	0.01576
3	189	G	0.00001	0.00000	0.99999	0.00000
3	190	A	0.99628	0.00021	0.00281	0.00070
3	191	A	0.99681	0.00022	0.00211	0.00086
3	192	C	0.00000	0.99999	0.00000	0.00001
3	193	A	0.99999	0.00000	0.00000	0.00000
3	194	A	0.96899	0.02913	0.00046	0.00143
3	195	G	0.06984	0.00006	0.92991	0.00019
3	196	C	0.00001	0.99985	0.00000	0.00015
3	197	A	0.99999	0.00000	0.00000	0.00000
3	198	C	0.00000	0.99999	0.00000	0.00001
3	199	T	0.00000	0.00001	0.00000	0.99999
3	200	T	0.00000	0.00001	0.00000	0.99999
3	201	C	0.00000	0.99999	0.00000	0.00001
3	202	T	0.00000	0.00001	0.00000	0.99999
3	203	G	0.00000	0.00000	1.00000	0.00000
3	204	T	0.00000	0.00001	0.00000	0.99999
3	205	T	0.00004	0.00029	0.00001	0.99965
3	206	T	0.00001	0.00009	0.00000	0.99989
3	207	Y	0.10079	0.39597	0.07790	0.42534
3	208	C	0.00000	0.99996	0.00000	0.00004
3	209	C	0.00000	0.99997	0.00000	0.00002
3	210	C	0.00000	0.99999	0.00000	0.00001
3	211	C	0.00000	0.99997	0.00000	0.00003
3	212	G	0.00001	0.00000	0.99999	0.00000
3	213	G	0.00002	0.00000	0.99998	0.00000
3	214	T	0.00526	0.00290	0.00045	0.99139
3	215	G	0.01076	0.00233	0.98455	0.00236
3	216	A	0.97589	0.00691	0.00567	0.01153
3	217	A	0.71329	0.00942	0.10783	0.16946
3	218	G	0.01132	0.00019	0.98798	0.00051
3	219	T	0.00468	0.00616	0.00875	0.98041
3	220	T	0.00353	0.17818	0.00107	0.81722
3	221	G	0.01559	0.00040	0.98296	0.00105
3	222	C	0.00460	0.59862	0.00143	0.39535
3	223	A	0.99583	0.00108	0.00152	0.00158
3	224	T	0.19469	0.17355	0.09279	0.53896
