35
NC_034453.1 0.0000000 0.0000010 0.0000010 0.0000010 0.0000010 0.0000010 0.0000010 0.0000010 0.0000010 0.0000010 0.0000010 0.0000010 0.0000010 0.0000010 0.0000010 0.0000010 0.0000010 0.0000010 0.0000010 0.0000010 0.0000010 0.0000010 0.0000010 0.0000010 0.0000010 0.0000010 0.0000010 0.0000010 0.0000010 0.0000010 0.0000010 0.0000010 0.0000010 0.0000010 0.0000010 
NC_034617.1 0.0000010 0.0000000 0.9283444 0.0000010 0.9539521 1.0891216 1.0156998 0.6718850 1.0306928 0.6693419 0.9511935 0.5381217 1.1768153 0.8999622 1.3699793 0.9356646 0.9585800 0.8357711 1.1435599 1.1046326 1.3468174 0.8986401 1.0974538 1.0511169 1.0733583 0.9329792 1.0635621 1.1222530 1.1416445 1.2860426 1.2613601 0.9771099 1.2577852 1.1891132 1.2929470 
NC_004004.1 0.0000010 0.9283444 0.0000000 0.0000010 1.2211686 0.9773531 0.8990173 1.1984685 1.2321353 0.9845724 1.2319048 1.1091155 0.6269478 0.4214658 1.1453151 0.6794596 0.8411360 0.8892725 0.6309846 0.4946982 0.8892057 0.8043367 0.4906534 0.6740315 0.7198871 0.8161989 0.8911826 0.8580582 0.7124104 0.8226037 0.7031176 0.6172518 0.7961241 0.6791286 0.6733178 
NC_021178.1 0.0000010 0.0000010 0.0000010 0.0000000 0.0000010 0.0000010 0.0000010 0.0000010 0.0000010 0.0000010 0.0000010 0.0000010 0.0000010 0.0000010 0.0000010 0.0000010 0.0000010 0.0000010 0.0000010 0.0000010 0.0000010 0.0000010 0.0000010 0.0000010 0.0000010 0.0000010 0.0000010 0.0000010 0.0000010 0.0000010 0.0000010 0.0000010 0.0000010 0.0000010 0.0000010 
NC_018400.1 0.0000010 0.9539521 1.2211686 0.0000010 0.0000000 0.3344145 0.3033068 0.7851523 1.0664385 0.7173032 0.6696108 0.5009654 0.9943402 1.1440016 1.2252626 1.1893764 1.0111309 1.0838100 0.9115800 1.1262274 1.1207921 1.2521781 1.4137916 1.1686196 1.1961285 1.0051094 1.2035632 1.0291501 1.2246257 1.1831598 1.2529430 1.0740257 1.4908770 1.2426120 1.2354679 
NC_028964.1 0.0000010 1.0891216 0.9773531 0.0000010 0.3344145 0.0000000 0.0960764 0.7370673 0.9557238 0.6051643 0.7510238 0.5060781 1.1706537 1.2971946 1.4367759 1.3721237 1.1883701 1.1306894 0.9612706 1.3124806 1.1459217 1.2501515 1.4471583 1.4053130 1.5367160 1.4767935 1.2817872 1.1278352 1.3041901 1.2337684 1.3605288 1.2713514 1.4751089 1.1764858 1.2860105 
NC_024770.1 0.0000010 1.0156998 0.8990173 0.0000010 0.3033068 0.0960764 0.0000000 0.7427172 0.9400126 0.5791656 0.8679781 0.5741592 1.1910854 1.2583950 1.2679055 1.3985207 1.1654186 1.1694013 1.0628069 1.2388804 1.0989966 1.1400390 1.4205546 1.3332730 1.4387315 1.2423436 1.2638738 1.0425643 1.1809778 1.1756135 1.1980295 1.0044838 1.3912786 1.0820446 1.2179623 
NC_024766.1 0.0000010 0.6718850 1.1984685 0.0000010 0.7851523 0.7370673 0.7427172 0.0000000 0.7013008 0.4922752 0.6344711 0.5192982 1.0090652 1.2794116 1.0995332 1.0586903 1.1387266 0.8869639 0.8457120 1.0133463 1.1263647 0.9653508 1.0070709 1.0857270 1.0198751 1.0535914 0.9552404 1.0180767 0.9547829 1.1957714 1.0987063 0.9204868 1.5913567 0.9073377 1.0558039 
NC_028970.1 0.0000010 1.0306928 1.2321353 0.0000010 1.0664385 0.9557238 0.9400126 0.7013008 0.0000000 0.0811199 0.8449717 0.5554698 1.2161293 1.1671316 1.2196780 1.1645513 1.3143326 1.0710528 1.2886303 1.2332676 1.4293527 1.1228978 0.8591674 1.0814826 1.4410120 1.0465068 1.3612390 1.3829689 1.4771209 1.4527578 1.3679682 1.3079153 1.3497379 1.1841936 1.1555333 
NC_024767.1 0.0000010 0.6693419 0.9845724 0.0000010 0.7173032 0.6051643 0.5791656 0.4922752 0.0811199 0.0000000 0.5045685 0.5212982 0.8386151 0.8130890 0.7698327 0.9108669 0.9031898 0.7928898 0.6208670 0.7297992 0.9179795 0.6784436 0.7628859 0.8351456 1.0593427 1.0321850 0.9491107 1.0423079 1.0236922 1.0494845 1.0285118 1.6362804 0.8899253 0.7782025 0.7340651 
NC_028380.1 0.0000010 0.9511935 1.2319048 0.0000010 0.6696108 0.7510238 0.8679781 0.6344711 0.8449717 0.5045685 0.0000000 0.2083361 0.9172421 1.0267795 1.6234237 1.3187761 1.4431271 1.2074424 1.3513615 1.4375391 1.3110242 1.0513027 1.2574111 1.0041115 1.0828997 0.7587104 1.3640667 1.4886889 1.6790256 1.6997473 1.7617805 1.4269779 1.4853415 1.5026912 1.4294288 
NC_023861.1 0.0000010 0.5381217 1.1091155 0.0000010 0.5009654 0.5060781 0.5741592 0.5192982 0.5554698 0.5212982 0.2083361 0.0000000 0.5192902 0.9290098 1.1100565 0.7274327 0.9284742 0.7782751 0.8309196 0.8720740 1.0720759 0.9034627 0.8330212 0.9396931 0.8790506 0.7902065 0.6418697 0.8340100 1.0538874 1.0756316 1.1268335 1.5286636 1.2542861 0.8227875 0.8061091 
NC_003976.2 0.0000010 1.1768153 0.6269478 0.0000010 0.9943402 1.1706537 1.1910854 1.0090652 1.2161293 0.8386151 0.9172421 0.5192902 0.0000000 0.6983323 0.8457290 0.5239036 0.5045666 0.4784955 0.5526443 0.7266568 0.6617683 0.6333049 0.7877919 0.5006770 0.6296904 0.8753549 0.8867346 0.8564822 0.8937315 0.9766182 0.9300487 0.9536787 0.7732753 0.7228346 0.7681792 
NC_003983.1 0.0000010 0.8999622 0.4214658 0.0000010 1.1440016 1.2971946 1.2583950 1.2794116 1.1671316 0.8130890 1.0267795 0.9290098 0.6983323 0.0000000 1.0441852 0.5883889 0.6469864 0.6503382 0.6690926 0.7783014 0.8584429 0.7387736 0.5905158 0.7360588 0.8211198 0.8723129 0.6699951 0.6707087 0.6564433 0.7252972 0.6854163 0.8713902 0.8870417 0.6021888 0.7093597 
NC_003982.1 0.0000010 1.3699793 1.1453151 0.0000010 1.2252626 1.4367759 1.2679055 1.0995332 1.2196780 0.7698327 1.6234237 1.1100565 0.8457290 1.0441852 0.0000000 0.7992182 0.7824123 0.7882863 0.8912211 0.9200963 1.0334624 0.9336817 1.0371874 0.8171425 0.8843496 0.9261727 0.7966390 0.7315851 0.7981559 0.8606248 0.8754146 1.0625048 0.9498629 0.6790102 0.7853446 
NC_031106.1 0.0000010 0.9356646 0.6794596 0.0000010 1.1893764 1.3721237 1.3985207 1.0586903 1.1645513 0.9108669 1.3187761 0.7274327 0.5239036 0.5883889 0.7992182 0.0000000 0.4051161 0.4528806 0.5469755 0.7303058 0.9412663 0.5857558 0.6830924 0.6976835 0.5913264 0.5601260 0.8500518 0.7484081 0.8220101 0.8232705 0.8529891 0.7506393 0.8945919 0.9050828 0.9483006 
NC_031105.1 0.0000010 0.9585800 0.8411360 0.0000010 1.0111309 1.1883701 1.1654186 1.1387266 1.3143326 0.9031898 1.4431271 0.9284742 0.5045666 0.6469864 0.7824123 0.4051161 0.0000000 0.4897730 0.7043677 0.8470854 1.0675074 0.7079320 0.8491217 0.6600082 0.6110644 0.6519465 0.7827097 0.6923472 0.8222184 0.7812361 0.7327741 0.5766807 1.0084305 0.9485303 1.0340805 
NC_024070.1 0.0000010 0.8357711 0.8892725 0.0000010 1.0838100 1.1306894 1.1694013 0.8869639 1.0710528 0.7928898 1.2074424 0.7782751 0.4784955 0.6503382 0.7882863 0.4528806 0.4897730 0.0000000 0.6193395 0.6167958 0.9259943 0.5564724 1.0983782 0.6688952 0.7011113 0.6400220 0.8540173 0.7663617 0.8893071 0.8814955 0.8323380 0.5362972 0.8595713 0.8513360 0.9100520 
NC_021482.1 0.0000010 1.1435599 0.6309846 0.0000010 0.9115800 0.9612706 1.0628069 0.8457120 1.2886303 0.6208670 1.3513615 0.8309196 0.5526443 0.6690926 0.8912211 0.5469755 0.7043677 0.6193395 0.0000000 0.7183410 0.9136831 0.5543105 0.9770643 0.6145229 0.6603673 0.8265973 0.8815308 0.6906701 0.7576878 0.8180808 0.7973351 0.6813815 0.7800967 0.8153879 0.8037349 
NC_001479.1 0.0000010 1.1046326 0.4946982 0.0000010 1.1262274 1.3124806 1.2388804 1.0133463 1.2332676 0.7297992 1.4375391 0.8720740 0.7266568 0.7783014 0.9200963 0.7303058 0.8470854 0.6167958 0.7183410 0.0000000 0.7652332 0.6900195 1.0076440 0.7169807 0.8564046 0.6789672 0.9776317 0.8251633 0.9970587 1.0502776 0.9360796 0.6309719 0.6271091 0.6939774 0.7712877 
NC_023987.1 0.0000010 1.3468174 0.8892057 0.0000010 1.1207921 1.1459217 1.0989966 1.1263647 1.4293527 0.9179795 1.3110242 1.0720759 0.6617683 0.8584429 1.0334624 0.9412663 1.0675074 0.9259943 0.9136831 0.7652332 0.0000000 0.8968136 0.8441174 1.0178151 0.8517360 0.8022886 1.0331291 0.8558871 0.9432738 1.0146795 0.9215516 0.7147757 1.0085015 0.9833949 0.9845366 
NC_001897.1 0.0000010 0.8986401 0.8043367 0.0000010 1.2521781 1.2501515 1.1400390 0.9653508 1.1228978 0.6784436 1.0513027 0.9034627 0.6333049 0.7387736 0.9336817 0.5857558 0.7079320 0.5564724 0.5543105 0.6900195 0.8968136 0.0000000 0.7675210 0.5384420 0.5358573 0.7205283 0.6619749 0.7296207 0.7562265 0.7808064 0.8166786 0.7783993 0.7506057 0.8126582 0.8825383 
NC_010354.1 0.0000010 1.0974538 0.4906534 0.0000010 1.4137916 1.4471583 1.4205546 1.0070709 0.8591674 0.7628859 1.2574111 0.8330212 0.7877919 0.5905158 1.0371874 0.6830924 0.8491217 1.0983782 0.9770643 1.0076440 0.8441174 0.7675210 0.0000000 0.9910310 0.9383276 0.5373239 0.8630529 0.9078401 0.8823282 0.8749809 0.8546937 0.3856615 0.9982208 0.8702082 0.9317687 
NC_025675.1 0.0000010 1.0511169 0.6740315 0.0000010 1.1686196 1.4053130 1.3332730 1.0857270 1.0814826 0.8351456 1.0041115 0.9396931 0.5006770 0.7360588 0.8171425 0.6976835 0.6600082 0.6688952 0.6145229 0.7169807 1.0178151 0.5384420 0.9910310 0.0000000 0.2702888 0.7655048 0.7530474 0.6508625 0.8083145 0.8251116 0.7428525 0.5384794 0.7357543 0.8314110 0.8427503 
NC_018668.1 0.0000010 1.0733583 0.7198871 0.0000010 1.1961285 1.5367160 1.4387315 1.0198751 1.4410120 1.0593427 1.0828997 0.8790506 0.6296904 0.8211198 0.8843496 0.5913264 0.6110644 0.7011113 0.6603673 0.8564046 0.8517360 0.5358573 0.9383276 0.2702888 0.0000000 0.5782781 0.6498410 0.5974502 0.6413268 0.6980281 0.6798520 0.4438132 0.7089174 0.7228587 0.7979732 
NC_034385.1 0.0000010 0.9329792 0.8161989 0.0000010 1.0051094 1.4767935 1.2423436 1.0535914 1.0465068 1.0321850 0.7587104 0.7902065 0.8753549 0.8723129 0.9261727 0.5601260 0.6519465 0.6400220 0.8265973 0.6789672 0.8022886 0.7205283 0.5373239 0.7655048 0.5782781 0.0000000 0.3587357 0.4459926 0.3541687 0.2888410 0.3545526 0.3499087 0.5119158 0.5681552 0.6194436 
NC_025961.1 0.0000010 1.0635621 0.8911826 0.0000010 1.2035632 1.2817872 1.2638738 0.9552404 1.3612390 0.9491107 1.3640667 0.6418697 0.8867346 0.6699951 0.7966390 0.8500518 0.7827097 0.8540173 0.8815308 0.9776317 1.0331291 0.6619749 0.8630529 0.7530474 0.6498410 0.3587357 0.0000000 0.1679972 0.2221843 0.2125267 0.2439954 0.2803123 0.9090983 0.7507030 0.7465252 
NC_012800.1 0.0000010 1.1222530 0.8580582 0.0000010 1.0291501 1.1278352 1.0425643 1.0180767 1.3829689 1.0423079 1.4886889 0.8340100 0.8564822 0.6707087 0.7315851 0.7484081 0.6923472 0.7663617 0.6906701 0.8251633 0.8558871 0.7296207 0.9078401 0.6508625 0.5974502 0.4459926 0.1679972 0.0000000 0.1584136 0.1611366 0.1586085 0.2610397 0.6941500 0.6687754 0.6787482 
NC_012801.1 0.0000010 1.1416445 0.7124104 0.0000010 1.2246257 1.3041901 1.1809778 0.9547829 1.4771209 1.0236922 1.6790256 1.0538874 0.8937315 0.6564433 0.7981559 0.8220101 0.8222184 0.8893071 0.7576878 0.9970587 0.9432738 0.7562265 0.8823282 0.8083145 0.6413268 0.3541687 0.2221843 0.1584136 0.0000000 0.1797527 0.1831063 0.2457907 0.8984333 0.7395646 0.7378803 
NC_012802.1 0.0000010 1.2860426 0.8226037 0.0000010 1.1831598 1.2337684 1.1756135 1.1957714 1.4527578 1.0494845 1.6997473 1.0756316 0.9766182 0.7252972 0.8606248 0.8232705 0.7812361 0.8814955 0.8180808 1.0502776 1.0146795 0.7808064 0.8749809 0.8251116 0.6980281 0.2888410 0.2125267 0.1611366 0.1797527 0.0000000 0.0961531 0.1400467 0.9019107 0.8105565 0.8301085 
NC_023984.1 0.0000010 1.2613601 0.7031176 0.0000010 1.2529430 1.3605288 1.1980295 1.0987063 1.3679682 1.0285118 1.7617805 1.1268335 0.9300487 0.6854163 0.8754146 0.8529891 0.7327741 0.8323380 0.7973351 0.9360796 0.9215516 0.8166786 0.8546937 0.7428525 0.6798520 0.3545526 0.2439954 0.1586085 0.1831063 0.0961531 0.0000000 0.1191310 0.9207848 0.7783907 0.8244090 
NC_012798.1 0.0000010 0.9771099 0.6172518 0.0000010 1.0740257 1.2713514 1.0044838 0.9204868 1.3079153 1.6362804 1.4269779 1.5286636 0.9536787 0.8713902 1.0625048 0.7506393 0.5766807 0.5362972 0.6813815 0.6309719 0.7147757 0.7783993 0.3856615 0.5384794 0.4438132 0.3499087 0.2803123 0.2610397 0.2457907 0.1400467 0.1191310 0.0000000 0.5236712 0.5778232 0.6190665 
NC_001366.1 0.0000010 1.2577852 0.7961241 0.0000010 1.4908770 1.4751089 1.3912786 1.5913567 1.3497379 0.8899253 1.4853415 1.2542861 0.7732753 0.8870417 0.9498629 0.8945919 1.0084305 0.8595713 0.7800967 0.6271091 1.0085015 0.7506057 0.9982208 0.7357543 0.7089174 0.5119158 0.9090983 0.6941500 0.8984333 0.9019107 0.9207848 0.5236712 0.0000000 0.2499456 0.2886381 
NC_009448.2 0.0000010 1.1891132 0.6791286 0.0000010 1.2426120 1.1764858 1.0820446 0.9073377 1.1841936 0.7782025 1.5026912 0.8227875 0.7228346 0.6021888 0.6790102 0.9050828 0.9485303 0.8513360 0.8153879 0.6939774 0.9833949 0.8126582 0.8702082 0.8314110 0.7228587 0.5681552 0.7507030 0.6687754 0.7395646 0.8105565 0.7783907 0.5778232 0.2499456 0.0000000 0.0693977 
NC_010810.1 0.0000010 1.2929470 0.6733178 0.0000010 1.2354679 1.2860105 1.2179623 1.0558039 1.1555333 0.7340651 1.4294288 0.8061091 0.7681792 0.7093597 0.7853446 0.9483006 1.0340805 0.9100520 0.8037349 0.7712877 0.9845366 0.8825383 0.9317687 0.8427503 0.7979732 0.6194436 0.7465252 0.6787482 0.7378803 0.8301085 0.8244090 0.6190665 0.2886381 0.0693977 0.0000000 
