22
NC_034245.1 0.0000000 3.6404579 2.1163833 2.1916817 1.9956907 2.1385817 2.0232681 2.0553149 2.2097044 2.1332516 2.4302338 2.1226900 1.9555870 1.9052000 1.6502166 1.7525045 1.9182053 1.7209732 1.8154776 1.6552427 2.0224221 2.1137006 
NC_026921.1 3.6404579 0.0000000 1.9497027 1.3678159 1.6763742 1.6010987 1.7295909 1.6234708 1.9549460 1.7910533 1.8208967 2.0090512 1.6386301 1.8879051 1.6761185 1.9295377 1.6027236 1.7529554 1.7732938 1.8207656 1.7830122 1.6616452 
NC_001859.1 2.1163833 1.9497027 0.0000000 0.3990996 0.4236943 0.3412841 0.3799528 0.4034501 0.9601967 0.7700046 0.8374019 0.9824870 0.8689147 0.8919066 0.9083301 0.9316842 0.8773466 0.9035040 0.8973261 0.7969547 0.8659164 0.9228988 
NC_008714.1 2.1916817 1.3678159 0.3990996 0.0000000 0.3161230 0.2691668 0.2806740 0.2926138 0.8627077 0.7298576 0.7517415 0.9344349 0.7413690 0.8105569 0.7730555 0.8793284 0.8514099 0.7215104 0.7828537 0.7912183 0.7619448 0.8056357 
NC_034267.1 1.9956907 1.6763742 0.4236943 0.3161230 0.0000000 0.2643636 0.2873859 0.3070672 0.9963238 0.7816287 0.8624606 0.9989074 0.8084005 0.9999484 0.9200103 1.0125576 0.9113167 0.8170892 0.7971707 0.8033840 0.9583376 0.9763645 
NC_033695.1 2.1385817 1.6010987 0.3412841 0.2691668 0.2643636 0.0000000 0.2170256 0.2205614 0.8933745 0.7575227 0.7444552 1.0692220 0.7752436 0.8750033 0.8647282 0.9038827 0.9080455 0.8005616 0.7711346 0.7320593 0.8781462 0.8831552 
NC_029854.1 2.0232681 1.7295909 0.3799528 0.2806740 0.2873859 0.2170256 0.0000000 0.1668969 0.9279844 0.7490639 0.7085889 1.0069700 0.7373289 0.9028525 0.9182377 0.9178838 0.8521948 0.8107231 0.7912471 0.7180191 0.8551382 0.8417098 
NC_021220.1 2.0553149 1.6234708 0.4034501 0.2926138 0.3070672 0.2205614 0.1668969 0.0000000 0.9115072 0.7557236 0.6975982 1.0664570 0.7304944 0.8919783 0.9269443 0.9759807 0.8861431 0.7997353 0.7900474 0.7454419 0.9006497 0.8542155 
NC_001490.1 2.2097044 1.9549460 0.9601967 0.8627077 0.9963238 0.8933745 0.9279844 0.9115072 0.0000000 0.7202089 0.6388347 0.7295669 0.6071662 0.6540959 0.6074033 0.6509190 0.6529601 0.6816859 0.5904921 0.6614127 0.6562025 0.6306183 
NC_009996.1 2.1332516 1.7910533 0.7700046 0.7298576 0.7816287 0.7575227 0.7490639 0.7557236 0.7202089 0.0000000 0.4166692 0.8764656 0.7283708 0.6432393 0.6731536 0.6689607 0.6425864 0.5273262 0.5480130 0.6342102 0.6288912 0.6993672 
NC_001617.1 2.4302338 1.8208967 0.8374019 0.7517415 0.8624606 0.7444552 0.7085889 0.6975982 0.6388347 0.4166692 0.0000000 0.8905905 0.6244958 0.7556776 0.8300954 0.8255845 0.6706739 0.6346838 0.6307019 0.6110026 0.6182668 0.7415495 
NC_029905.1 2.1226900 2.0090512 0.9824870 0.9344349 0.9989074 1.0692220 1.0069700 1.0664570 0.7295669 0.8764656 0.8905905 0.0000000 0.6794243 0.6162070 0.5547486 0.6019351 0.6122994 0.6614838 0.6420955 0.6059769 0.5829251 0.6137618 
NC_003988.1 1.9555870 1.6386301 0.8689147 0.7413690 0.8084005 0.7752436 0.7373289 0.7304944 0.6071662 0.7283708 0.6244958 0.6794243 0.0000000 0.5962261 0.6398737 0.6648620 0.5856360 0.6166371 0.5952566 0.5635460 0.5255553 0.4970863 
NC_001472.1 1.9052000 1.8879051 0.8919066 0.8105569 0.9999484 0.8750033 0.9028525 0.8919783 0.6540959 0.6432393 0.7556776 0.6162070 0.5962261 0.0000000 0.1559054 0.1570253 0.4075819 0.5157770 0.5005757 0.3974849 0.4239587 0.4193352 
NC_030454.1 1.6502166 1.6761185 0.9083301 0.7730555 0.9200103 0.8647282 0.9182377 0.9269443 0.6074033 0.6731536 0.8300954 0.5547486 0.6398737 0.1559054 0.0000000 0.1369978 0.4220524 0.4714004 0.4941614 0.4350229 0.4969226 0.4803333 
NC_001612.1 1.7525045 1.9295377 0.9316842 0.8793284 1.0125576 0.9038827 0.9178838 0.9759807 0.6509190 0.6689607 0.8255845 0.6019351 0.6648620 0.1570253 0.1369978 0.0000000 0.4732745 0.5160949 0.5017119 0.4302025 0.4656361 0.4716659 
NC_004441.1 1.9182053 1.6027236 0.8773466 0.8514099 0.9113167 0.9080455 0.8521948 0.8861431 0.6529601 0.6425864 0.6706739 0.6122994 0.5856360 0.4075819 0.4220524 0.4732745 0.0000000 0.6366123 0.5500137 0.4313474 0.4694818 0.5328032 
NC_002058.3 1.7209732 1.7529554 0.9035040 0.7215104 0.8170892 0.8005616 0.8107231 0.7997353 0.6816859 0.5273262 0.6346838 0.6614838 0.6166371 0.5157770 0.4714004 0.5160949 0.6366123 0.0000000 0.1990719 0.5061967 0.6153278 0.5174886 
NC_001430.1 1.8154776 1.7732938 0.8973261 0.7828537 0.7971707 0.7711346 0.7912471 0.7900474 0.5904921 0.5480130 0.6307019 0.6420955 0.5952566 0.5005757 0.4941614 0.5017119 0.5500137 0.1990719 0.0000000 0.4198954 0.5279717 0.4909012 
NC_010415.1 1.6552427 1.8207656 0.7969547 0.7912183 0.8033840 0.7320593 0.7180191 0.7454419 0.6614127 0.6342102 0.6110026 0.6059769 0.5635460 0.3974849 0.4350229 0.4302025 0.4313474 0.5061967 0.4198954 0.0000000 0.4130375 0.3596335 
NC_024073.1 2.0224221 1.7830122 0.8659164 0.7619448 0.9583376 0.8781462 0.8551382 0.9006497 0.6562025 0.6288912 0.6182668 0.5829251 0.5255553 0.4239587 0.4969226 0.4656361 0.4694818 0.6153278 0.5279717 0.4130375 0.0000000 0.3133878 
NC_013695.1 2.1137006 1.6616452 0.9228988 0.8056357 0.9763645 0.8831552 0.8417098 0.8542155 0.6306183 0.6993672 0.7415495 0.6137618 0.4970863 0.4193352 0.4803333 0.4716659 0.5328032 0.5174886 0.4909012 0.3596335 0.3133878 0.0000000 
