18
Ophiostoma_mitovirus_4_                                                                           0.0000000 6.4257711 4.0754088 4.8660283 4.0285250 3.5257252 3.7310133 3.7315287 3.9684351 3.8793878 3.5034985 3.2539811 3.4756554 3.2605937 3.2437789 2.9891583 3.2547798 2.9942503 
Cryphonectria_parasitica_mitovirus_1-NB631_                                                       6.4257711 0.0000000 4.0618830 3.4982929 3.8575181 3.7214014 3.5466364 3.0787312 3.0966699 3.7565758 3.1995778 2.9857752 2.8225618 3.1761130 2.3597618 2.7775699 3.0152493 2.7208550 
Human_rhinovirus_C__3D_5667_7047_                                                                 4.0754088 4.0618830 0.0000000 1.4371779 1.3068234 1.2157176 1.5870594 1.3163144 1.3623676 1.2787421 1.4209041 1.2551367 1.3035923 1.1889258 1.1602043 1.2955718 1.2596895 1.2257920 
Enterovirus_SEV-gx__3D_5856_7287_                                                                 4.8660283 3.4982929 1.4371779 0.0000000 1.5261278 1.1486695 1.3171395 1.3547044 1.3517581 1.1228227 1.3280248 1.2516439 1.2814743 1.0133584 1.1854046 1.0742471 1.1419160 1.2733693 
Human_rhinovirus_89__RNA-directed_RNA_polymerase_5730_7110_                                       4.0285250 3.8575181 1.3068234 1.5261278 0.0000000 1.3734333 1.4152078 1.5653516 1.4958948 1.2531052 1.5088770 1.2328384 1.2971849 1.2520381 1.2928537 1.4083690 1.2868882 1.1735192 
Human_rhinovirus_14__3D_5785_7165_                                                                3.5257252 3.7214014 1.2157176 1.1486695 1.3734333 0.0000000 1.3822363 1.4237319 1.4563938 1.3479517 1.2854597 1.2388372 1.2734723 1.0445991 1.1601814 1.1263380 1.1209289 1.0426314 
Simian_enterovirus_A__3D_5867_7244_                                                               3.7310133 3.5466364 1.5870594 1.3171395 1.4152078 1.3822363 0.0000000 1.5004910 1.5191466 1.1112731 1.1486944 1.1171958 1.2136295 1.0545657 1.0230265 0.9709328 0.9970774 0.9272555 
Human_enterovirus_A__3D_5943_7329_                                                                3.7315287 3.0787312 1.3163144 1.3547044 1.5653516 1.4237319 1.5004910 0.0000000 0.1791247 1.2268877 1.1965166 1.1682486 1.1563353 1.0487893 0.8677332 1.0424632 0.9723901 1.0653661 
Human_enterovirus_strain_V13-0285_partial_genome_3D-pol_5922_7308_                                3.9684351 3.0966699 1.3623676 1.3517581 1.4958948 1.4563938 1.5191466 0.1791247 0.0000000 1.1840999 1.2196566 1.2929828 1.2294547 1.0125666 0.8699743 1.0284663 1.0306844 1.0579701 
Enterovirus_goat/JL14__3D_5903_7337_                                                              3.8793878 3.7565758 1.2787421 1.1228227 1.2531052 1.3479517 1.1112731 1.2268877 1.1840999 0.0000000 0.7703631 0.8144894 0.8528776 1.1145338 0.8887566 0.9481973 0.9169842 0.8951359 
Bovine_enterovirus__3D_5960_7343_                                                                 3.5034985 3.1995778 1.4209041 1.3280248 1.5088770 1.2854597 1.1486944 1.1965166 1.2196566 0.7703631 0.0000000 0.6192797 0.5295363 1.1144310 1.0382704 0.9129225 0.9285305 0.9381271 
Possum_enterovirus_W1__RNA-directed_RNA_polymerase_5933_7316_                                     3.2539811 2.9857752 1.2551367 1.2516439 1.2328384 1.2388372 1.1171958 1.1682486 1.2929828 0.8144894 0.6192797 0.0000000 0.2750891 0.9897507 0.9309979 0.9036970 0.8392701 0.8836323 
Enterovirus_F_strain_BEV-261_polyprotein_gene_complete_cds_RNA-directed_RNA-polymerase_5940_7323_ 3.4756554 2.8225618 1.3035923 1.2814743 1.2971849 1.2734723 1.2136295 1.1563353 1.2294547 0.8528776 0.5295363 0.2750891 0.0000000 0.9662827 0.8522764 0.9205118 0.8606743 0.8259622 
Human_enterovirus_D__3D-POL_5937_7308_                                                            3.2605937 3.1761130 1.1889258 1.0133584 1.2520381 1.0445991 1.0545657 1.0487893 1.0125666 1.1145338 1.1144310 0.9897507 0.9662827 0.0000000 0.7123330 0.7685815 0.7183267 0.7451538 
Poliovirus__RNA-directed_RNA_polymerase_5986_7369_                                                3.2437789 2.3597618 1.1602043 1.1854046 1.2928537 1.1601814 1.0230265 0.8677332 0.8699743 0.8887566 1.0382704 0.9309979 0.8522764 0.7123330 0.0000000 0.7479718 0.6652073 0.6765518 
Human_enterovirus_B__3D_5901_7287_                                                                2.9891583 2.7775699 1.2955718 1.0742471 1.4083690 1.1263380 0.9709328 1.0424632 1.0284663 0.9481973 0.9129225 0.9036970 0.9205118 0.7685815 0.7479718 0.0000000 0.6176361 0.5833238 
Enterovirus_J_strain_1631__3D_5856_7242_                                                          3.2547798 3.0152493 1.2596895 1.1419160 1.2868882 1.1209289 0.9970774 0.9723901 1.0306844 0.9169842 0.9285305 0.8392701 0.8606743 0.7183267 0.6652073 0.6176361 0.0000000 0.4607566 
Enterovirus_J_strain_N203__3D_5885_7271_                                                          2.9942503 2.7208550 1.2257920 1.2733693 1.1735192 1.0426314 0.9272555 1.0653661 1.0579701 0.8951359 0.9381271 0.8836323 0.8259622 0.7451538 0.6765518 0.5833238 0.4607566 0.0000000 
