Node	Site	State 	p_A	p_C	p_G	p_T
80	1	G	0.19238	0.07391	0.65754	0.07617
80	2	C	0.14422	0.53708	0.08169	0.23701
80	3	A	0.67177	0.08942	0.13182	0.10699
80	4	C	0.14422	0.53708	0.08169	0.23701
80	5	A	0.67177	0.08942	0.13182	0.10699
80	6	A	0.77816	0.05940	0.09296	0.06948
80	7	G	0.26256	0.11713	0.49073	0.12958
80	8	G	0.11169	0.03923	0.81068	0.03840
80	9	T	0.18371	0.21060	0.10291	0.50278
80	10	T	0.11386	0.19661	0.05524	0.63430
80	11	T	0.07423	0.11937	0.03519	0.77121
80	12	T	0.17988	0.19978	0.08213	0.53821
80	13	T	0.07423	0.11937	0.03519	0.77121
80	14	G	0.11169	0.03923	0.81068	0.03840
80	15	T	0.17988	0.19978	0.08213	0.53821
80	16	G	0.26256	0.11713	0.49073	0.12958
80	17	C	0.08549	0.70596	0.04700	0.16155
80	18	T	0.17988	0.19978	0.08213	0.53821
80	19	G	0.26256	0.11713	0.49073	0.12958
80	20	C	0.20698	0.42383	0.10563	0.26356
80	21	C	0.08549	0.70596	0.04700	0.16155
80	22	H	0.26352	0.36211	0.11466	0.25971
80	23	T	0.04168	0.07765	0.01884	0.86184
80	24	G	0.05654	0.01856	0.90872	0.01618
80	25	A	0.86480	0.03593	0.05849	0.04079
80	26	A	0.62472	0.10553	0.13901	0.13074
80	27	G	0.26905	0.10622	0.51581	0.10892
80	28	A	0.65592	0.09882	0.13140	0.11386
80	29	G	0.05654	0.01856	0.90872	0.01618
80	30	G	0.16187	0.05210	0.73417	0.05186
80	31	T	0.13057	0.17812	0.06178	0.62954
80	32	H	0.26352	0.36211	0.11466	0.25971
80	33	T	0.07777	0.14573	0.03664	0.73986
80	34	T	0.22715	0.20449	0.09191	0.47644
80	35	A	0.65592	0.09882	0.13140	0.11386
80	36	T	0.13634	0.18070	0.06435	0.61861
80	37	T	0.16016	0.21289	0.07566	0.55129
80	38	T	0.13634	0.18070	0.06435	0.61861
80	39	C	0.11505	0.47853	0.06163	0.34478
80	40	G	0.27234	0.13984	0.44163	0.14619
80	41	T	0.21205	0.21485	0.11117	0.46193
80	42	G	0.28066	0.11186	0.48580	0.12168
80	43	A	0.68965	0.07461	0.14884	0.08689
80	44	A	0.55084	0.11943	0.18445	0.14528
80	45	A	0.62472	0.10553	0.13901	0.13074
80	46	G	0.29413	0.07815	0.54630	0.08142
80	47	A	0.48301	0.14545	0.15388	0.21766
80	48	A	0.68965	0.07461	0.14884	0.08689
80	49	C	0.14573	0.54986	0.07720	0.22721
80	50	A	0.48301	0.14545	0.15388	0.21766
80	51	G	0.27561	0.13740	0.42196	0.16503
80	52	G	0.00030	0.00002	0.99967	0.00000
80	53	G	0.00020	0.00002	0.99978	0.00000
80	54	T	0.08155	0.26054	0.01846	0.63945
80	55	G	0.13654	0.05096	0.77557	0.03693
80	56	M	0.38556	0.36864	0.00579	0.24001
80	57	A	0.62877	0.09216	0.21036	0.06871
80	58	A	0.99821	0.00024	0.00144	0.00011
80	59	G	0.10798	0.03762	0.81687	0.03752
80	60	G	0.24217	0.07718	0.60086	0.07979
80	61	T	0.10945	0.19408	0.05285	0.64362
80	62	A	0.56155	0.12508	0.15053	0.16284
80	63	T	0.07232	0.11699	0.03442	0.77626
80	64	G	0.24217	0.07718	0.60086	0.07979
80	65	A	0.56155	0.12508	0.15053	0.16284
80	66	T	0.10945	0.19408	0.05285	0.64362
80	67	G	0.25742	0.11447	0.50379	0.12432
80	68	T	0.07232	0.11699	0.03442	0.77626
80	69	T	0.17548	0.19766	0.07864	0.54822
80	70	A	0.58352	0.12840	0.14788	0.14021
80	71	G	0.24217	0.07718	0.60086	0.07979
80	72	A	0.56155	0.12508	0.15053	0.16284
80	73	C	0.20336	0.43458	0.10259	0.25948
80	74	C	0.12734	0.51805	0.06935	0.28527
80	75	T	0.07232	0.11699	0.03442	0.77626
80	76	G	0.25742	0.11447	0.50379	0.12432
80	77	C	0.12734	0.51805	0.06935	0.28527
80	78	A	0.56155	0.12508	0.15053	0.16284
80	79	A	0.78203	0.05809	0.09170	0.06817
80	80	C	0.20336	0.43458	0.10259	0.25948
80	81	G	0.24217	0.07718	0.60086	0.07979
80	82	G	0.24217	0.07718	0.60086	0.07979
80	83	T	0.00000	0.00015	0.00000	0.99985
80	84	W	0.35850	0.18001	0.11456	0.34693
80	85	W	0.35850	0.18001	0.11456	0.34693
80	86	W	0.41291	0.17076	0.11395	0.30238
80	87	W	0.41896	0.16925	0.11484	0.29696
80	88	G	0.04600	0.01363	0.93036	0.01002
80	89	-	0.23900	0.28184	0.27780	0.20137
80	90	C	0.01529	0.67543	0.00510	0.30418
80	91	A	0.98044	0.00389	0.01220	0.00347
80	92	Y	0.10832	0.45695	0.06431	0.37042
80	93	T	0.18859	0.14933	0.03298	0.62911
80	94	T	0.12166	0.24572	0.02977	0.60286
80	95	A	0.76771	0.10247	0.06520	0.06463
80	96	T	0.02809	0.06984	0.00235	0.89972
80	97	G	0.36305	0.00200	0.63432	0.00063
80	98	A	0.99881	0.00024	0.00083	0.00012
80	99	R	0.44377	0.02955	0.50838	0.01829
80	100	T	0.00151	0.31271	0.00042	0.68536
80	101	-	0.22358	0.21025	0.31601	0.25015
80	102	T	0.09018	0.31282	0.05709	0.53991
80	103	A	0.90869	0.05651	0.01822	0.01657
80	104	A	0.67395	0.07485	0.16682	0.08438
80	105	T	0.05670	0.10275	0.02528	0.81528
80	106	G	0.08880	0.02883	0.85498	0.02740
80	107	T	0.00072	0.05884	0.00013	0.94030
80	108	D	0.22015	0.20060	0.33896	0.24029
80	109	G	0.05163	0.00098	0.94716	0.00023
80	110	A	0.96959	0.00944	0.00388	0.01709
80	111	G	0.05599	0.00261	0.94054	0.00086
80	112	A	0.72883	0.05840	0.13329	0.07947
80	113	C	0.01164	0.91386	0.00379	0.07071
80	114	Y	0.23344	0.26866	0.11924	0.37867
80	115	A	0.62683	0.05702	0.26921	0.04694
80	116	H	0.33363	0.26610	0.10217	0.29811
80	117	H	0.28486	0.31475	0.12545	0.27493
80	118	A	0.99483	0.00133	0.00322	0.00062
80	119	A	0.99280	0.00385	0.00159	0.00175
80	120	G	0.32138	0.00948	0.66402	0.00512
80	121	A	0.59900	0.00701	0.39126	0.00273
80	122	A	0.94323	0.00182	0.05430	0.00064
80	123	A	0.49464	0.13278	0.25011	0.12247
80	124	R	0.34764	0.13800	0.37341	0.14095
80	125	C	0.00078	0.94057	0.00014	0.05851
80	126	A	0.66761	0.09814	0.11912	0.11513
80	127	G	0.00105	0.00016	0.99876	0.00003
80	128	G	0.00669	0.00105	0.99196	0.00029
80	129	A	0.48147	0.08681	0.34750	0.08422
80	130	T	0.28696	0.10935	0.01942	0.58427
80	131	A	0.95038	0.01176	0.02823	0.00963
80	132	T	0.03639	0.30807	0.01180	0.64374
80	133	C	0.00016	0.99865	0.00005	0.00114
80	134	C	0.00188	0.98458	0.00067	0.01287
80	135	A	0.80721	0.05386	0.08464	0.05429
80	136	A	0.57479	0.11605	0.13007	0.17909
80	137	T	0.17938	0.19841	0.07977	0.54244
80	138	G	0.24103	0.11459	0.53627	0.10811
80	139	G	0.25936	0.11680	0.49617	0.12768
80	140	A	0.61226	0.08963	0.19316	0.10495
80	141	C	0.12683	0.51379	0.06886	0.29052
80	142	A	0.55558	0.12713	0.15043	0.16687
80	143	A	0.55558	0.12713	0.15043	0.16687
80	144	A	0.55558	0.12713	0.15043	0.16687
80	145	A	0.78535	0.05713	0.09058	0.06694
80	146	T	0.07098	0.11605	0.03372	0.77925
80	147	C	0.08237	0.71420	0.04517	0.15826
80	148	T	0.18147	0.20979	0.10228	0.50645
80	149	C	0.00124	0.69214	0.00021	0.30641
80	150	C	0.02583	0.72089	0.00955	0.24373
80	151	G	0.11856	0.00047	0.88088	0.00009
80	152	T	0.00011	0.00332	0.00001	0.99656
80	153	C	0.17665	0.61133	0.04015	0.17187
80	154	A	0.99000	0.00847	0.00083	0.00070
80	155	A	0.99970	0.00006	0.00021	0.00003
80	156	T	0.00156	0.03511	0.00029	0.96305
80	157	G	0.34526	0.00415	0.64893	0.00166
80	158	C	0.00048	0.95669	0.00009	0.04274
80	159	T	0.13070	0.16999	0.06596	0.63335
80	160	A	0.64781	0.09605	0.13927	0.11687
80	161	T	0.13070	0.16999	0.06596	0.63335
80	162	A	0.64781	0.09605	0.13927	0.11687
80	163	A	0.45676	0.15873	0.20932	0.17518
80	164	C	0.00041	0.96040	0.00011	0.03908
80	165	C	0.00000	0.99991	0.00000	0.00008
80	166	A	0.71177	0.10576	0.10302	0.07944
80	167	W	0.35025	0.16312	0.04337	0.44325
80	168	C	0.00020	0.99660	0.00005	0.00315
80	169	C	0.01506	0.67885	0.00417	0.30193
80	170	A	0.95829	0.02911	0.00684	0.00576
80	171	A	0.99870	0.00026	0.00091	0.00013
80	172	A	0.66203	0.01707	0.30986	0.01104
80	173	A	0.99959	0.00010	0.00025	0.00006
80	174	C	0.00003	0.99948	0.00001	0.00049
80	175	C	0.02903	0.90092	0.00420	0.06585
80	176	A	0.99000	0.00847	0.00083	0.00070
80	177	A	0.97076	0.00077	0.02823	0.00024
80	178	A	0.86721	0.01733	0.10222	0.01323
80	179	C	0.00128	0.96840	0.00035	0.02998
80	180	T	0.00005	0.00173	0.00000	0.99821
80	181	A	0.70684	0.06199	0.17240	0.05877
80	182	C	0.01640	0.91231	0.03062	0.04067
80	183	A	0.99978	0.00005	0.00016	0.00002
80	184	A	0.49129	0.28460	0.08594	0.13817
80	185	C	0.00002	0.99959	0.00001	0.00038
80	186	C	0.00000	0.99991	0.00000	0.00008
80	187	T	0.01873	0.38944	0.00427	0.58755
80	188	H	0.23232	0.33646	0.14589	0.28533
80	189	A	0.47786	0.14404	0.18592	0.19219
80	190	A	0.47786	0.14404	0.18592	0.19219
80	191	T	0.21492	0.19783	0.12870	0.45855
80	192	T	0.21492	0.19783	0.12870	0.45855
80	193	H	0.23232	0.33646	0.14589	0.28533
80	194	T	0.21492	0.19783	0.12870	0.45855
80	195	A	0.47786	0.14404	0.18592	0.19219
80	196	T	0.21492	0.19783	0.12870	0.45855
80	197	T	0.21492	0.19783	0.12870	0.45855
80	198	A	0.47786	0.14404	0.18592	0.19219
80	199	A	0.47786	0.14404	0.18592	0.19219
80	200	A	0.47786	0.14404	0.18592	0.19219
80	201	T	0.21492	0.19783	0.12870	0.45855
80	202	A	0.47786	0.14404	0.18592	0.19219
80	203	A	0.47786	0.14404	0.18592	0.19219
80	204	A	0.47786	0.14404	0.18592	0.19219
80	205	A	0.47786	0.14404	0.18592	0.19219
80	206	T	0.21492	0.19783	0.12870	0.45855
80	207	A	0.47786	0.14404	0.18592	0.19219
80	208	A	0.47786	0.14404	0.18592	0.19219
80	209	H	0.23232	0.33646	0.14589	0.28533
80	210	G	0.27132	0.13200	0.42873	0.16795
80	211	G	0.27132	0.13200	0.42873	0.16795
80	212	A	0.47786	0.14404	0.18592	0.19219
80	213	T	0.21492	0.19783	0.12870	0.45855
80	214	H	0.23232	0.33646	0.14589	0.28533
80	215	T	0.21492	0.19783	0.12870	0.45855
80	216	A	0.47786	0.14404	0.18592	0.19219
80	217	G	0.27132	0.13200	0.42873	0.16795
80	218	T	0.21492	0.19783	0.12870	0.45855
80	219	H	0.23232	0.33646	0.14589	0.28533
80	220	T	0.21492	0.19783	0.12870	0.45855
80	221	T	0.21492	0.19783	0.12870	0.45855
80	222	A	0.47786	0.14404	0.18592	0.19219
80	223	G	0.27132	0.13200	0.42873	0.16795
80	224	G	0.27132	0.13200	0.42873	0.16795
80	225	A	0.47786	0.14404	0.18592	0.19219
80	226	H	0.23232	0.33646	0.14589	0.28533
80	227	T	0.21492	0.19783	0.12870	0.45855
80	228	A	0.47786	0.14404	0.18592	0.19219
80	229	A	0.47786	0.14404	0.18592	0.19219
80	230	A	0.47786	0.14404	0.18592	0.19219
80	231	A	0.99776	0.00054	0.00135	0.00035
80	232	G	0.00196	0.00022	0.99779	0.00004
80	233	T	0.00472	0.04036	0.00097	0.95395
80	234	G	0.00010	0.00001	0.99990	0.00000
80	235	T	0.00002	0.00071	0.00000	0.99927
80	236	Y	0.16651	0.35230	0.06240	0.41880
80	237	T	0.00001	0.00040	0.00000	0.99959
80	238	T	0.00002	0.00077	0.00000	0.99921
80	239	C	0.00123	0.59775	0.00022	0.40080
80	240	C	0.00090	0.98206	0.00015	0.01690
80	241	A	0.99965	0.00007	0.00024	0.00003
80	242	T	0.00326	0.16269	0.00063	0.83342
80	243	G	0.00306	0.00028	0.99659	0.00007
80	244	A	0.99994	0.00001	0.00004	0.00000
80	245	T	0.03873	0.18758	0.00976	0.76393
80	246	G	0.00046	0.00004	0.99949	0.00001
80	247	T	0.00001	0.00025	0.00000	0.99975
80	248	T	0.11076	0.24227	0.06343	0.58353
80	249	T	0.00001	0.00025	0.00000	0.99975
80	250	T	0.00002	0.00077	0.00000	0.99921
80	251	T	0.00285	0.27371	0.00053	0.72291
80	252	C	0.00077	0.99351	0.00089	0.00482
80	253	C	0.00243	0.98962	0.00039	0.00757
80	254	W	0.35009	0.21455	0.10073	0.33463
80	255	G	0.00010	0.00001	0.99990	0.00000
80	256	G	0.00002	0.00000	0.99997	0.00000
80	257	W	0.37285	0.19439	0.16606	0.26669
80	258	G	0.13286	0.00863	0.85399	0.00452
80	259	T	0.14350	0.29205	0.03223	0.53221
80	260	W	0.35900	0.18880	0.21348	0.23872
80	261	A	0.99967	0.00007	0.00023	0.00003
80	262	A	0.99994	0.00001	0.00004	0.00000
80	263	G	0.41440	0.00782	0.57360	0.00417
80	264	G	0.00012	0.00001	0.99987	0.00000
80	265	H	0.23581	0.32913	0.14861	0.28645
80	266	T	0.21888	0.19860	0.13185	0.45067
80	267	T	0.21888	0.19860	0.13185	0.45067
80	268	H	0.23581	0.32913	0.14861	0.28645
80	269	A	0.47038	0.14620	0.18769	0.19573
80	270	T	0.21888	0.19860	0.13185	0.45067
80	271	A	0.47038	0.14620	0.18769	0.19573
80	272	T	0.21888	0.19860	0.13185	0.45067
80	273	A	0.47038	0.14620	0.18769	0.19573
80	274	A	0.47038	0.14620	0.18769	0.19573
80	275	H	0.23581	0.32913	0.14861	0.28645
80	276	A	0.47038	0.14620	0.18769	0.19573
80	277	A	0.47038	0.14620	0.18769	0.19573
80	278	G	0.27391	0.13446	0.41956	0.17206
80	279	A	0.47038	0.14620	0.18769	0.19573
80	280	T	0.21888	0.19860	0.13185	0.45067
80	281	A	0.47038	0.14620	0.18769	0.19573
80	282	T	0.21888	0.19860	0.13185	0.45067
80	283	A	0.47038	0.14620	0.18769	0.19573
80	284	T	0.21888	0.19860	0.13185	0.45067
80	285	G	0.27391	0.13446	0.41956	0.17206
80	286	T	0.21888	0.19860	0.13185	0.45067
80	287	G	0.27391	0.13446	0.41956	0.17206
80	288	T	0.21888	0.19860	0.13185	0.45067
80	289	G	0.27391	0.13446	0.41956	0.17206
80	290	G	0.27391	0.13446	0.41956	0.17206
80	291	T	0.21888	0.19860	0.13185	0.45067
80	292	A	0.47038	0.14620	0.18769	0.19573
80	293	A	0.99994	0.00001	0.00004	0.00000
80	294	A	0.94299	0.00241	0.05359	0.00101
80	295	C	0.00000	0.99995	0.00000	0.00005
80	296	C	0.00000	0.99997	0.00000	0.00003
80	297	A	0.59159	0.13746	0.06421	0.20675
80	298	G	0.00054	0.00004	0.99941	0.00001
80	299	C	0.00000	0.99991	0.00000	0.00008
80	300	A	0.63013	0.12129	0.10743	0.14115
80	301	G	0.00241	0.00016	0.99740	0.00003
80	302	T	0.00072	0.06862	0.00009	0.93057
80	303	T	0.02286	0.15302	0.00547	0.81866
80	304	C	0.00229	0.78124	0.00046	0.21600
80	305	T	0.00007	0.00232	0.00001	0.99761
80	306	H	0.34024	0.24267	0.15762	0.25948
80	307	A	0.63432	0.26899	0.02440	0.07229
80	308	A	0.65692	0.02270	0.30623	0.01415
80	309	T	0.02399	0.35146	0.00779	0.61676
80	310	A	0.78435	0.12692	0.05607	0.03266
80	311	R	0.46519	0.09000	0.38295	0.06185
80	312	Y	0.12865	0.43714	0.05166	0.38254
80	313	A	0.99019	0.00228	0.00587	0.00166
80	314	A	0.91452	0.01339	0.06208	0.01000
80	315	D	0.32686	0.18940	0.26334	0.22039
80	316	G	0.00039	0.00003	0.99957	0.00000
80	317	A	0.99994	0.00001	0.00004	0.00000
80	318	T	0.00176	0.02991	0.00035	0.96798
80	319	T	0.21492	0.19783	0.12870	0.45855
80	320	C	0.00147	0.98751	0.00029	0.01073
80	321	C	0.00147	0.98751	0.00029	0.01073
80	322	A	0.49438	0.15981	0.23548	0.11032
80	323	A	0.82922	0.09668	0.03570	0.03840
80	324	G	0.00037	0.00003	0.99959	0.00000
80	325	A	0.60487	0.06070	0.28446	0.04997
80	326	C	0.00177	0.83047	0.00034	0.16742
80	327	T	0.00072	0.01239	0.00015	0.98674
80	328	R	0.34594	0.17795	0.28398	0.19213
80	329	G	0.04326	0.00374	0.95120	0.00180
80	330	A	0.98934	0.00142	0.00840	0.00084
80	331	A	0.84349	0.01369	0.13318	0.00964
80	332	G	0.04792	0.00185	0.94967	0.00055
80	333	T	0.00495	0.15836	0.00105	0.83564
80	334	T	0.17302	0.28171	0.04140	0.50388
80	335	G	0.00663	0.00053	0.99266	0.00018
80	336	A	0.99925	0.00015	0.00053	0.00007
80	337	C	0.01560	0.78445	0.00421	0.19574
80	338	T	0.00020	0.03630	0.00002	0.96348
80	339	T	0.00000	0.00015	0.00000	0.99985
80	340	T	0.01347	0.20256	0.00397	0.78000
80	341	G	0.04832	0.00080	0.95072	0.00016
80	342	A	0.95827	0.03527	0.00321	0.00325
80	343	H	0.19847	0.31585	0.17468	0.31100
80	344	G	0.33525	0.05312	0.56200	0.04963
80	345	C	0.16713	0.80993	0.00343	0.01951
80	346	A	0.60732	0.03959	0.32304	0.03005
80	347	G	0.00101	0.00010	0.99887	0.00002
80	348	C	0.00000	0.99995	0.00000	0.00005
80	349	A	0.46348	0.18468	0.09556	0.25628
80	350	G	0.27391	0.13446	0.41956	0.17206
80	351	G	0.27391	0.13446	0.41956	0.17206
80	352	C	0.11283	0.73846	0.06635	0.08235
80	353	T	0.00001	0.00025	0.00000	0.99975
80	354	T	0.12797	0.30160	0.02445	0.54598
80	355	T	0.00613	0.00482	0.00008	0.98897
80	356	T	0.00001	0.00040	0.00000	0.99959
80	357	Y	0.03972	0.46452	0.04459	0.45117
80	358	T	0.00003	0.00117	0.00000	0.99880
80	359	C	0.00001	0.99972	0.00000	0.00026
80	360	C	0.09836	0.71961	0.01765	0.16438
80	361	A	0.99994	0.00001	0.00004	0.00000
80	362	A	0.99994	0.00001	0.00004	0.00000
80	363	A	0.73551	0.01938	0.23180	0.01331
80	364	T	0.00005	0.00173	0.00000	0.99821
80	365	A	0.99892	0.00022	0.00076	0.00010
80	366	T	0.00413	0.32672	0.00078	0.66837
80	367	A	0.98944	0.00114	0.00877	0.00064
80	368	A	0.97337	0.00801	0.00523	0.01339
80	369	R	0.52555	0.03827	0.40881	0.02738
80	370	G	0.00004	0.00000	0.99995	0.00000
80	371	T	0.21492	0.19783	0.12870	0.45855
80	372	G	0.27132	0.13200	0.42873	0.16795
80	373	T	0.21492	0.19783	0.12870	0.45855
80	374	G	0.00002	0.00000	0.99997	0.00000
80	375	T	0.09980	0.26933	0.04214	0.58872
80	376	A	0.99892	0.00022	0.00076	0.00010
80	377	A	0.99977	0.00005	0.00016	0.00002
80	378	T	0.00125	0.05544	0.00021	0.94310
80	379	A	0.68255	0.06241	0.22204	0.03299
80	380	T	0.00232	0.08585	0.00041	0.91142
80	381	T	0.21837	0.25593	0.04416	0.48154
80	382	G	0.37607	0.01101	0.60687	0.00605
80	383	A	0.86558	0.06646	0.02725	0.04071
80	384	T	0.02461	0.28911	0.00581	0.68047
80	385	A	0.80654	0.03154	0.11981	0.04212
80	386	Y	0.11267	0.40582	0.06573	0.41578
80	387	-	0.26800	0.24003	0.23499	0.25698
80	388	C	0.03153	0.71291	0.22922	0.02635
80	389	A	0.94145	0.03711	0.01171	0.00973
80	390	A	0.41396	0.19017	0.14003	0.25583
80	391	R	0.45594	0.02542	0.50245	0.01619
80	392	T	0.00024	0.00933	0.00003	0.99041
80	393	G	0.03196	0.00448	0.96126	0.00230
80	394	A	0.91513	0.00582	0.07615	0.00290
80	395	C	0.03647	0.95659	0.00086	0.00608
80	396	T	0.02776	0.19736	0.00678	0.76810
80	397	G	0.00424	0.00726	0.98815	0.00036
80	398	A	0.99000	0.00847	0.00083	0.00070
80	399	G	0.21598	0.00905	0.77055	0.00441
80	400	T	0.09990	0.26327	0.01897	0.61786
80	401	A	0.99994	0.00001	0.00004	0.00000
80	402	C	0.00229	0.91022	0.00070	0.08679
80	403	T	0.18562	0.28620	0.10965	0.41853
80	404	C	0.14596	0.54494	0.08804	0.22106
80	405	T	0.13475	0.15650	0.07756	0.63119
80	406	W	0.32329	0.19399	0.16331	0.31942
80	407	-	0.28713	0.19359	0.23043	0.28885
80	408	W	0.32329	0.19399	0.16331	0.31942
80	409	A	0.99901	0.00020	0.00069	0.00010
80	410	T	0.00001	0.00040	0.00000	0.99959
80	411	G	0.04126	0.00109	0.95740	0.00025
80	412	R	0.42906	0.10753	0.38496	0.07845
80	413	A	0.95958	0.01019	0.02111	0.00912
80	414	A	0.54919	0.09231	0.26624	0.09227
80	415	A	0.63793	0.00574	0.35428	0.00205
80	416	Y	0.06689	0.45509	0.00609	0.47193
80	417	A	0.46611	0.11822	0.28978	0.12590
80	418	G	0.00030	0.00002	0.99967	0.00000
80	419	C	0.00000	0.99991	0.00000	0.00008
80	420	H	0.30268	0.26901	0.06113	0.36718
80	421	G	0.02155	0.00239	0.97477	0.00129
80	422	G	0.27132	0.13200	0.42873	0.16795
80	423	T	0.21492	0.19783	0.12870	0.45855
80	424	A	0.47786	0.14404	0.18592	0.19219
80	425	A	0.47786	0.14404	0.18592	0.19219
80	426	G	0.27132	0.13200	0.42873	0.16795
80	427	T	0.21492	0.19783	0.12870	0.45855
80	428	T	0.00065	0.01391	0.00011	0.98532
80	429	T	0.24615	0.24962	0.05621	0.44802
80	430	G	0.00011	0.00001	0.99988	0.00000
80	431	A	0.96550	0.02374	0.00594	0.00482
80	432	C	0.06297	0.74332	0.01057	0.18314
80	433	C	0.00012	0.99701	0.00003	0.00283
80	434	A	0.99962	0.00011	0.00023	0.00004
80	435	T	0.00183	0.34340	0.00033	0.65444
80	436	R	0.38980	0.12789	0.31857	0.16373
80	437	T	0.00000	0.00015	0.00000	0.99985
80	438	A	0.99967	0.00007	0.00023	0.00003
80	439	T	0.00009	0.02428	0.00001	0.97562
80	440	G	0.00045	0.00004	0.99951	0.00001
80	441	C	0.00011	0.99729	0.00003	0.00257
80	442	W	0.33750	0.20478	0.18819	0.26953
80	443	G	0.03398	0.00223	0.96273	0.00105
80	444	C	0.02883	0.74644	0.20294	0.02179
80	445	W	0.39899	0.20558	0.09710	0.29833
80	446	C	0.00022	0.99746	0.00004	0.00228
80	447	G	0.27391	0.13446	0.41956	0.17206
80	448	T	0.21888	0.19860	0.13185	0.45067
80	449	A	0.47038	0.14620	0.18769	0.19573
80	450	T	0.21888	0.19860	0.13185	0.45067
80	451	A	0.47038	0.14620	0.18769	0.19573
80	452	G	0.27391	0.13446	0.41956	0.17206
80	453	T	0.21888	0.19860	0.13185	0.45067
80	454	T	0.21888	0.19860	0.13185	0.45067
80	455	H	0.23581	0.32913	0.14861	0.28645
80	456	H	0.23581	0.32913	0.14861	0.28645
80	457	T	0.21888	0.19860	0.13185	0.45067
80	458	A	0.47038	0.14620	0.18769	0.19573
80	459	A	0.47038	0.14620	0.18769	0.19573
80	460	T	0.21888	0.19860	0.13185	0.45067
80	461	A	0.47038	0.14620	0.18769	0.19573
80	462	A	0.47038	0.14620	0.18769	0.19573
80	463	A	0.47038	0.14620	0.18769	0.19573
80	464	T	0.21888	0.19860	0.13185	0.45067
80	465	H	0.23581	0.32913	0.14861	0.28645
80	466	A	0.47038	0.14620	0.18769	0.19573
80	467	G	0.27391	0.13446	0.41956	0.17206
80	468	A	0.47038	0.14620	0.18769	0.19573
80	469	A	0.47038	0.14620	0.18769	0.19573
80	470	T	0.21888	0.19860	0.13185	0.45067
80	471	H	0.23581	0.32913	0.14861	0.28645
80	472	T	0.21888	0.19860	0.13185	0.45067
80	473	A	0.47038	0.14620	0.18769	0.19573
80	474	A	0.47038	0.14620	0.18769	0.19573
80	475	A	0.47038	0.14620	0.18769	0.19573
80	476	G	0.27391	0.13446	0.41956	0.17206
80	477	H	0.23581	0.32913	0.14861	0.28645
80	478	T	0.21888	0.19860	0.13185	0.45067
80	479	A	0.47038	0.14620	0.18769	0.19573
80	480	A	0.99909	0.00018	0.00064	0.00009
80	481	A	0.52728	0.04456	0.39461	0.03355
80	482	C	0.00711	0.71331	0.00178	0.27781
80	483	T	0.00000	0.00015	0.00000	0.99985
80	484	A	0.48703	0.17452	0.13380	0.20465
80	485	T	0.10621	0.23309	0.02270	0.63799
80	486	T	0.22879	0.27956	0.04948	0.44218
80	487	M	0.34501	0.22233	0.21390	0.21876
80	488	A	0.75146	0.08913	0.06527	0.09413
80	489	C	0.00466	0.85268	0.00114	0.14152
80	490	A	0.55752	0.09174	0.26838	0.08236
80	491	C	0.00132	0.96900	0.00036	0.02932
80	492	T	0.00001	0.00041	0.00000	0.99958
80	493	A	0.60475	0.11170	0.15714	0.12641
80	494	G	0.00088	0.00007	0.99904	0.00001
80	495	A	0.98966	0.00135	0.00823	0.00076
80	496	C	0.01156	0.66510	0.00314	0.32019
80	497	A	0.99792	0.00028	0.00167	0.00013
80	498	T	0.00009	0.00222	0.00001	0.99768
80	499	C	0.06573	0.65927	0.01038	0.26463
80	500	A	0.96126	0.00822	0.02516	0.00536
80	501	A	0.77753	0.05967	0.11056	0.05224
80	502	C	0.00267	0.90463	0.00084	0.09187
80	503	C	0.24485	0.71434	0.00648	0.03432
80	504	C	0.00002	0.99964	0.00000	0.00033
80	505	T	0.12574	0.33542	0.02983	0.50901
80	506	G	0.16762	0.17674	0.57848	0.07716
80	507	A	0.95445	0.01033	0.02744	0.00778
80	508	A	0.79734	0.04464	0.11666	0.04136
80	509	C	0.00034	0.99313	0.00015	0.00638
80	510	C	0.00799	0.97094	0.00296	0.01812
80	511	A	0.53548	0.15172	0.16437	0.14844
80	512	A	0.89060	0.06430	0.02254	0.02257
80	513	T	0.00011	0.00324	0.00001	0.99664
80	514	T	0.08892	0.31872	0.05320	0.53916
80	515	W	0.36375	0.20159	0.06358	0.37107
80	516	C	0.00339	0.97936	0.00313	0.01411
80	517	A	0.40501	0.23925	0.09088	0.26486
80	518	A	0.54291	0.17409	0.04818	0.23482
80	519	T	0.00002	0.00077	0.00000	0.99921
80	520	G	0.00521	0.00040	0.99426	0.00012
80	521	G	0.00112	0.00007	0.99880	0.00001
80	522	A	0.99978	0.00005	0.00016	0.00002
80	523	A	0.64869	0.03593	0.28842	0.02696
80	524	G	0.00835	0.01270	0.97815	0.00080
80	525	A	0.99994	0.00001	0.00004	0.00000
80	526	A	0.50302	0.09938	0.29503	0.10256
80	527	G	0.01673	0.00027	0.98296	0.00004
80	528	C	0.00214	0.98660	0.00817	0.00309
80	529	H	0.30369	0.30811	0.05823	0.32996
80	530	A	0.62078	0.05614	0.26960	0.05348
80	531	T	0.00006	0.00174	0.00001	0.99820
80	532	G	0.40065	0.03805	0.53435	0.02695
80	533	T	0.00001	0.00025	0.00000	0.99975
80	534	A	0.99154	0.00195	0.00059	0.00592
80	535	T	0.00020	0.00654	0.00002	0.99323
80	536	G	0.00020	0.00002	0.99978	0.00000
80	537	G	0.00030	0.00002	0.99967	0.00000
80	538	T	0.10336	0.27546	0.02449	0.59669
80	539	A	0.87624	0.03355	0.01838	0.07184
80	540	C	0.12590	0.52486	0.00481	0.34442
80	541	T	0.11744	0.25862	0.03651	0.58743
80	542	G	0.00094	0.00006	0.99900	0.00001
80	543	A	0.98791	0.01039	0.00091	0.00079
80	544	R	0.30631	0.15685	0.34465	0.19219
80	545	G	0.07551	0.00197	0.92201	0.00052
80	546	G	0.06597	0.00153	0.93213	0.00038
80	547	H	0.28513	0.32393	0.12509	0.26585
80	548	T	0.00145	0.42390	0.00020	0.57445
80	549	T	0.00001	0.00041	0.00000	0.99958
80	550	H	0.32118	0.20451	0.17821	0.29610
80	551	G	0.00020	0.00002	0.99978	0.00000
80	552	A	0.99994	0.00001	0.00004	0.00000
80	553	A	0.82340	0.02863	0.12361	0.02436
80	554	G	0.01280	0.02240	0.96335	0.00145
80	555	C	0.00002	0.99959	0.00001	0.00038
80	556	H	0.34128	0.24532	0.06071	0.35269
80	557	T	0.00687	0.41630	0.00109	0.57574
80	558	T	0.00003	0.00117	0.00000	0.99880
80	559	R	0.29850	0.16040	0.35115	0.18995
80	560	G	0.00021	0.00002	0.99978	0.00000
80	561	A	0.99994	0.00001	0.00004	0.00000
80	562	T	0.00145	0.08704	0.00021	0.91130
80	563	C	0.00334	0.81845	0.00045	0.17777
80	564	T	0.00002	0.00078	0.00000	0.99920
80	565	H	0.32782	0.22995	0.11735	0.32487
80	566	A	0.99007	0.00182	0.00697	0.00115
80	567	C	0.10388	0.80662	0.02458	0.06492
80	568	Y	0.11430	0.38787	0.02577	0.47205
80	569	A	0.99968	0.00006	0.00022	0.00003
80	570	C	0.00000	0.99997	0.00000	0.00003
80	571	T	0.01800	0.20931	0.00419	0.76850
80	572	A	0.99960	0.00009	0.00025	0.00005
80	573	G	0.00044	0.00005	0.99951	0.00001
80	574	A	0.47038	0.14620	0.18769	0.19573
80	575	T	0.21888	0.19860	0.13185	0.45067
80	576	A	0.47038	0.14620	0.18769	0.19573
80	577	T	0.21888	0.19860	0.13185	0.45067
80	578	A	0.47038	0.14620	0.18769	0.19573
80	579	A	0.47038	0.14620	0.18769	0.19573
80	580	T	0.21888	0.19860	0.13185	0.45067
80	581	H	0.23581	0.32913	0.14861	0.28645
80	582	W	0.33619	0.19062	0.16698	0.30622
80	583	A	0.64010	0.09680	0.13755	0.12555
80	584	Y	0.18651	0.29730	0.11050	0.40569
80	585	C	0.14596	0.54494	0.08804	0.22106
80	586	W	0.32329	0.19399	0.16331	0.31942
80	587	T	0.00293	0.10854	0.00043	0.88810
80	588	G	0.00934	0.01331	0.97644	0.00090
80	589	C	0.00003	0.99948	0.00001	0.00049
80	590	A	0.43742	0.18433	0.12948	0.24877
80	591	G	0.00101	0.00008	0.99890	0.00001
80	592	G	0.00010	0.00001	0.99990	0.00000
80	593	H	0.29601	0.28287	0.05816	0.36295
80	594	T	0.00008	0.00262	0.00001	0.99730
80	595	T	0.00114	0.00264	0.00002	0.99620
80	596	C	0.00406	0.77737	0.00092	0.21764
80	597	C	0.00000	0.99991	0.00000	0.00008
80	598	C	0.00000	0.99997	0.00000	0.00003
80	599	T	0.07008	0.29720	0.01918	0.61354
80	600	T	0.00000	0.00015	0.00000	0.99985
80	601	A	0.99947	0.00011	0.00037	0.00005
80	602	T	0.00193	0.03899	0.00036	0.95872
80	603	G	0.00188	0.00016	0.99793	0.00003
80	604	T	0.00006	0.00174	0.00001	0.99820
80	605	G	0.26635	0.11274	0.51647	0.10444
80	606	W	0.31827	0.18518	0.14565	0.35090
80	607	C	0.00009	0.99849	0.00004	0.00138
80	608	G	0.27391	0.13446	0.41956	0.17206
80	609	A	0.47038	0.14620	0.18769	0.19573
80	610	T	0.21888	0.19860	0.13185	0.45067
80	611	A	0.47038	0.14620	0.18769	0.19573
80	612	A	0.47038	0.14620	0.18769	0.19573
80	613	T	0.21888	0.19860	0.13185	0.45067
80	614	G	0.27391	0.13446	0.41956	0.17206
80	615	A	0.47038	0.14620	0.18769	0.19573
80	616	T	0.21888	0.19860	0.13185	0.45067
80	617	H	0.23581	0.32913	0.14861	0.28645
80	618	A	0.47038	0.14620	0.18769	0.19573
80	619	T	0.21888	0.19860	0.13185	0.45067
80	620	T	0.21888	0.19860	0.13185	0.45067
80	621	A	0.47038	0.14620	0.18769	0.19573
80	622	W	0.28226	0.25650	0.06888	0.39236
80	623	C	0.02433	0.65944	0.00609	0.31014
80	624	T	0.00015	0.00380	0.00002	0.99603
80	625	G	0.01243	0.00159	0.98524	0.00074
80	626	G	0.00030	0.00002	0.99967	0.00000
80	627	G	0.00010	0.00001	0.99989	0.00000
80	628	A	0.43899	0.20878	0.17484	0.17739
80	629	A	0.96377	0.00084	0.03514	0.00025
80	630	T	0.00016	0.00382	0.00002	0.99600
80	631	V	0.32641	0.23128	0.24270	0.19961
80	632	A	0.99994	0.00001	0.00004	0.00000
80	633	A	0.99967	0.00007	0.00023	0.00003
80	634	G	0.10307	0.00449	0.89054	0.00190
80	635	G	0.27391	0.13446	0.41956	0.17206
80	636	G	0.27391	0.13446	0.41956	0.17206
80	637	T	0.21888	0.19860	0.13185	0.45067
80	638	T	0.21888	0.19860	0.13185	0.45067
80	639	H	0.23581	0.32913	0.14861	0.28645
80	640	T	0.21888	0.19860	0.13185	0.45067
80	641	H	0.23581	0.32913	0.14861	0.28645
80	642	H	0.23581	0.32913	0.14861	0.28645
80	643	A	0.99994	0.00001	0.00004	0.00000
80	644	A	0.99977	0.00005	0.00016	0.00002
80	645	G	0.00466	0.00045	0.99476	0.00013
80	646	A	0.99728	0.00055	0.00189	0.00027
80	647	A	0.62000	0.00361	0.37539	0.00100
80	648	A	0.69530	0.02229	0.26696	0.01545
80	649	G	0.00010	0.00001	0.99990	0.00000
80	650	A	0.99994	0.00001	0.00004	0.00000
80	651	C	0.00098	0.93306	0.00019	0.06577
80	652	A	0.96634	0.02339	0.00566	0.00461
80	653	T	0.00003	0.00115	0.00000	0.99882
80	654	Y	0.04043	0.52283	0.01091	0.42583
80	655	Y	0.07502	0.43639	0.01220	0.47639
80	656	T	0.00000	0.00015	0.00000	0.99985
80	657	A	0.51426	0.13712	0.21308	0.13554
80	658	A	0.87008	0.00518	0.12186	0.00288
80	659	A	0.99889	0.00023	0.00077	0.00011
80	660	T	0.03951	0.34558	0.01098	0.60392
80	661	A	0.98871	0.00300	0.00673	0.00156
80	662	A	0.97963	0.00509	0.01206	0.00322
80	663	A	0.77837	0.07616	0.09344	0.05203
80	664	T	0.13475	0.15650	0.07756	0.63119
80	665	W	0.32329	0.19399	0.16331	0.31942
80	666	-	0.28275	0.21758	0.26491	0.23476
80	667	Y	0.18651	0.29730	0.11050	0.40569
80	668	T	0.18562	0.28620	0.10965	0.41853
80	669	Y	0.18651	0.29730	0.11050	0.40569
80	670	W	0.32329	0.19399	0.16331	0.31942
80	671	T	0.13475	0.15650	0.07756	0.63119
80	672	H	0.34443	0.23319	0.17138	0.25100
80	673	Y	0.18651	0.29730	0.11050	0.40569
80	674	T	0.13475	0.15650	0.07756	0.63119
80	675	W	0.35735	0.22350	0.17378	0.24537
80	676	W	0.32329	0.19399	0.16331	0.31942
80	677	T	0.21492	0.19783	0.12870	0.45855
80	678	T	0.21492	0.19783	0.12870	0.45855
80	679	G	0.33368	0.01921	0.63502	0.01209
80	680	A	0.92698	0.04313	0.01650	0.01339
80	681	R	0.36109	0.08471	0.47662	0.07758
80	682	A	0.99994	0.00001	0.00004	0.00000
80	683	C	0.00002	0.99962	0.00001	0.00035
80	684	C	0.01400	0.74688	0.00343	0.23569
80	685	A	0.99962	0.00011	0.00023	0.00004
80	686	A	0.97969	0.00040	0.01978	0.00014
80	687	W	0.33619	0.19062	0.16698	0.30622
80	688	T	0.13475	0.15650	0.07756	0.63119
80	689	T	0.13475	0.15650	0.07756	0.63119
80	690	A	0.80516	0.00929	0.17977	0.00578
80	691	G	0.00191	0.00019	0.99787	0.00004
80	692	A	0.99865	0.00037	0.00083	0.00014
80	693	C	0.00252	0.97311	0.00062	0.02375
80	694	A	0.82936	0.03201	0.11218	0.02645
80	695	C	0.00652	0.61063	0.00158	0.38126
80	696	A	0.43772	0.21660	0.10835	0.23733
80	697	A	0.92861	0.00487	0.06342	0.00311
80	698	M	0.41685	0.32228	0.20525	0.05562
80	699	A	0.53223	0.10563	0.29490	0.06724
80	700	A	0.99836	0.00032	0.00116	0.00016
80	701	A	0.99994	0.00001	0.00004	0.00000
80	702	R	0.42588	0.02319	0.53731	0.01361
80	703	A	0.93258	0.03623	0.01668	0.01451
80	704	T	0.00000	0.00015	0.00000	0.99985
80	705	G	0.03355	0.01467	0.94262	0.00915
80	706	A	0.70884	0.23359	0.01988	0.03769
80	707	A	0.65542	0.11530	0.12105	0.10823
80	708	A	0.99670	0.00066	0.00229	0.00036
80	709	R	0.46445	0.08447	0.39710	0.05398
80	710	G	0.29277	0.05767	0.60917	0.04038
80	711	A	0.90350	0.00600	0.08732	0.00318
80	712	R	0.48424	0.04446	0.43788	0.03341
80	713	T	0.00802	0.00922	0.00015	0.98260
80	714	G	0.00281	0.00019	0.99696	0.00004
80	715	T	0.00686	0.35344	0.00160	0.63810
80	716	A	0.97797	0.00712	0.01111	0.00380
80	717	A	0.62418	0.11772	0.13495	0.12315
80	718	A	0.47038	0.14620	0.18769	0.19573
80	719	A	0.47038	0.14620	0.18769	0.19573
80	720	T	0.21888	0.19860	0.13185	0.45067
80	721	A	0.47038	0.14620	0.18769	0.19573
80	722	T	0.21888	0.19860	0.13185	0.45067
80	723	T	0.21888	0.19860	0.13185	0.45067
80	724	G	0.27391	0.13446	0.41956	0.17206
80	725	T	0.00000	0.00015	0.00000	0.99985
80	726	R	0.49241	0.07129	0.37153	0.06477
80	727	G	0.00002	0.00000	0.99997	0.00000
80	728	A	0.99938	0.00013	0.00044	0.00006
80	729	T	0.01477	0.31250	0.00359	0.66913
80	730	A	0.74554	0.09560	0.15148	0.00739
80	731	A	0.97617	0.00659	0.00233	0.01490
80	732	G	0.07320	0.00424	0.92074	0.00182
80	733	T	0.00000	0.00015	0.00000	0.99985
80	734	A	0.99994	0.00001	0.00004	0.00000
80	735	T	0.00051	0.01080	0.00007	0.98863
80	736	G	0.00004	0.00000	0.99995	0.00000
80	737	G	0.00018	0.00001	0.99980	0.00000
80	738	T	0.06856	0.30225	0.01686	0.61233
80	739	A	0.80712	0.08474	0.05191	0.05622
80	740	T	0.00001	0.00025	0.00000	0.99975
80	741	T	0.04190	0.27442	0.01159	0.67210
80	742	G	0.02695	0.00065	0.97215	0.00025
80	743	A	0.99994	0.00001	0.00004	0.00000
80	744	T	0.00669	0.29663	0.00183	0.69485
80	745	C	0.00190	0.87338	0.00040	0.12432
80	746	A	0.47786	0.14404	0.18592	0.19219
80	747	T	0.21492	0.19783	0.12870	0.45855
80	748	A	0.47786	0.14404	0.18592	0.19219
80	749	T	0.21492	0.19783	0.12870	0.45855
80	750	G	0.27132	0.13200	0.42873	0.16795
80	751	H	0.23232	0.33646	0.14589	0.28533
80	752	H	0.23232	0.33646	0.14589	0.28533
80	753	T	0.21492	0.19783	0.12870	0.45855
80	754	T	0.21492	0.19783	0.12870	0.45855
80	755	H	0.23232	0.33646	0.14589	0.28533
80	756	T	0.21492	0.19783	0.12870	0.45855
80	757	T	0.21492	0.19783	0.12870	0.45855
80	758	A	0.47786	0.14404	0.18592	0.19219
80	759	H	0.23232	0.33646	0.14589	0.28533
80	760	H	0.23232	0.33646	0.14589	0.28533
80	761	A	0.47786	0.14404	0.18592	0.19219
80	762	T	0.21492	0.19783	0.12870	0.45855
80	763	H	0.23232	0.33646	0.14589	0.28533
80	764	H	0.23232	0.33646	0.14589	0.28533
80	765	T	0.21492	0.19783	0.12870	0.45855
80	766	T	0.21492	0.19783	0.12870	0.45855
80	767	T	0.21492	0.19783	0.12870	0.45855
80	768	H	0.23232	0.33646	0.14589	0.28533
80	769	G	0.27132	0.13200	0.42873	0.16795
80	770	G	0.27132	0.13200	0.42873	0.16795
80	771	T	0.21492	0.19783	0.12870	0.45855
80	772	T	0.21492	0.19783	0.12870	0.45855
80	773	H	0.23232	0.33646	0.14589	0.28533
80	774	A	0.47786	0.14404	0.18592	0.19219
80	775	T	0.21492	0.19783	0.12870	0.45855
80	776	A	0.47786	0.14404	0.18592	0.19219
80	777	G	0.27132	0.13200	0.42873	0.16795
80	778	A	0.47786	0.14404	0.18592	0.19219
80	779	G	0.27132	0.13200	0.42873	0.16795
80	780	T	0.21492	0.19783	0.12870	0.45855
80	781	A	0.47786	0.14404	0.18592	0.19219
80	782	T	0.21492	0.19783	0.12870	0.45855
80	783	T	0.21492	0.19783	0.12870	0.45855
80	784	G	0.27132	0.13200	0.42873	0.16795
80	785	H	0.23232	0.33646	0.14589	0.28533
80	786	H	0.23232	0.33646	0.14589	0.28533
80	787	T	0.21492	0.19783	0.12870	0.45855
80	788	A	0.47786	0.14404	0.18592	0.19219
80	789	H	0.23232	0.33646	0.14589	0.28533
80	790	T	0.21492	0.19783	0.12870	0.45855
80	791	A	0.47786	0.14404	0.18592	0.19219
80	792	A	0.47786	0.14404	0.18592	0.19219
80	793	G	0.27132	0.13200	0.42873	0.16795
80	794	G	0.27132	0.13200	0.42873	0.16795
80	795	T	0.21492	0.19783	0.12870	0.45855
80	796	A	0.47786	0.14404	0.18592	0.19219
80	797	G	0.27132	0.13200	0.42873	0.16795
80	798	T	0.21492	0.19783	0.12870	0.45855
80	799	T	0.21492	0.19783	0.12870	0.45855
80	800	H	0.23232	0.33646	0.14589	0.28533
80	801	H	0.23232	0.33646	0.14589	0.28533
80	802	T	0.21492	0.19783	0.12870	0.45855
80	803	G	0.27132	0.13200	0.42873	0.16795
80	804	A	0.47786	0.14404	0.18592	0.19219
80	805	T	0.21492	0.19783	0.12870	0.45855
80	806	T	0.21492	0.19783	0.12870	0.45855
80	807	A	0.47786	0.14404	0.18592	0.19219
80	808	T	0.21492	0.19783	0.12870	0.45855
80	809	A	0.47786	0.14404	0.18592	0.19219
80	810	G	0.27132	0.13200	0.42873	0.16795
80	811	T	0.00000	0.00015	0.00000	0.99985
80	812	A	0.53247	0.08693	0.31259	0.06801
80	813	C	0.00000	0.99991	0.00000	0.00008
80	814	C	0.00002	0.99958	0.00001	0.00039
80	815	Y	0.17397	0.36700	0.03628	0.42275
80	816	W	0.40623	0.22235	0.04029	0.33112
80	817	T	0.02112	0.03075	0.00079	0.94735
80	818	G	0.12720	0.07591	0.77181	0.02508
80	819	G	0.04787	0.00142	0.95038	0.00033
80	820	T	0.00002	0.00062	0.00000	0.99937
80	821	H	0.30461	0.24679	0.11989	0.32870
80	822	A	0.99994	0.00001	0.00004	0.00000
80	823	C	0.00002	0.99958	0.00001	0.00039
80	824	T	0.05977	0.34069	0.01030	0.58924
80	825	T	0.00005	0.00169	0.00000	0.99826
80	826	T	0.29863	0.11427	0.01048	0.57662
80	827	T	0.00142	0.18587	0.00022	0.81249
80	828	C	0.15846	0.52678	0.17388	0.14088
80	829	T	0.00001	0.00040	0.00000	0.99959
80	830	R	0.41949	0.08608	0.41857	0.07586
80	831	A	0.99974	0.00005	0.00018	0.00002
80	832	A	0.99994	0.00001	0.00004	0.00000
80	833	G	0.05269	0.00237	0.94409	0.00085
80	834	G	0.00010	0.00001	0.99990	0.00000
80	835	G	0.27132	0.13200	0.42873	0.16795
80	836	G	0.27132	0.13200	0.42873	0.16795
80	837	T	0.21492	0.19783	0.12870	0.45855
80	838	T	0.21492	0.19783	0.12870	0.45855
80	839	T	0.21492	0.19783	0.12870	0.45855
80	840	H	0.23232	0.33646	0.14589	0.28533
80	841	A	0.47786	0.14404	0.18592	0.19219
80	842	A	0.99968	0.00006	0.00022	0.00003
80	843	T	0.00010	0.00302	0.00001	0.99687
80	844	G	0.00020	0.00002	0.99978	0.00000
80	845	A	0.99994	0.00001	0.00004	0.00000
80	846	A	0.89578	0.01291	0.08170	0.00961
80	847	C	0.00022	0.99464	0.00006	0.00509
80	848	T	0.00008	0.00262	0.00001	0.99730
80	849	Y	0.03752	0.51288	0.01039	0.43921
80	850	A	0.95834	0.02908	0.00683	0.00575
80	851	G	0.00010	0.00001	0.99990	0.00000
80	852	A	0.85188	0.05988	0.05796	0.03028
80	853	A	0.39278	0.18350	0.21203	0.21170
80	854	C	0.03108	0.94258	0.00516	0.02118
80	855	Y	0.15358	0.36187	0.10101	0.38355
80	856	A	0.64700	0.09567	0.18406	0.07327
80	857	A	0.41574	0.22180	0.11421	0.24826
80	858	A	0.90031	0.00743	0.08761	0.00465
80	859	G	0.00176	0.00015	0.99805	0.00003
80	860	H	0.23232	0.33646	0.14589	0.28533
80	861	T	0.21492	0.19783	0.12870	0.45855
80	862	T	0.21492	0.19783	0.12870	0.45855
80	863	H	0.23232	0.33646	0.14589	0.28533
80	864	T	0.21492	0.19783	0.12870	0.45855
80	865	T	0.21492	0.19783	0.12870	0.45855
80	866	A	0.47786	0.14404	0.18592	0.19219
80	867	G	0.27132	0.13200	0.42873	0.16795
80	868	G	0.27132	0.13200	0.42873	0.16795
80	869	A	0.47786	0.14404	0.18592	0.19219
80	870	A	0.47786	0.14404	0.18592	0.19219
80	871	A	0.47786	0.14404	0.18592	0.19219
80	872	G	0.27132	0.13200	0.42873	0.16795
80	873	H	0.23232	0.33646	0.14589	0.28533
80	874	A	0.47786	0.14404	0.18592	0.19219
80	875	A	0.47786	0.14404	0.18592	0.19219
80	876	T	0.21492	0.19783	0.12870	0.45855
80	877	A	0.47786	0.14404	0.18592	0.19219
80	878	H	0.23232	0.33646	0.14589	0.28533
80	879	A	0.47786	0.14404	0.18592	0.19219
80	880	T	0.21492	0.19783	0.12870	0.45855
80	881	H	0.23232	0.33646	0.14589	0.28533
80	882	T	0.21492	0.19783	0.12870	0.45855
80	883	A	0.47786	0.14404	0.18592	0.19219
80	884	T	0.21492	0.19783	0.12870	0.45855
80	885	T	0.21492	0.19783	0.12870	0.45855
80	886	G	0.27132	0.13200	0.42873	0.16795
80	887	A	0.47786	0.14404	0.18592	0.19219
80	888	A	0.47786	0.14404	0.18592	0.19219
80	889	T	0.21492	0.19783	0.12870	0.45855
80	890	A	0.47786	0.14404	0.18592	0.19219
80	891	T	0.21492	0.19783	0.12870	0.45855
80	892	-	0.28275	0.21758	0.26491	0.23476
80	893	A	0.64010	0.09680	0.13755	0.12555
80	894	A	0.99851	0.00030	0.00103	0.00016
80	895	G	0.30088	0.03348	0.64358	0.02206
80	896	A	0.99968	0.00006	0.00022	0.00003
80	897	A	0.99977	0.00005	0.00016	0.00002
80	898	A	0.82898	0.01308	0.14904	0.00889
80	899	A	0.59509	0.00430	0.39934	0.00127
80	900	T	0.00000	0.00015	0.00000	0.99985
80	901	T	0.19824	0.28682	0.06860	0.44633
80	902	A	0.60149	0.01824	0.37006	0.01021
80	903	A	0.99212	0.00108	0.00617	0.00063
80	904	G	0.09870	0.00396	0.89570	0.00164
80	905	G	0.36791	0.06242	0.52435	0.04532
80	906	A	0.89269	0.06247	0.01930	0.02555
80	907	H	0.32118	0.20012	0.17432	0.30438
80	908	G	0.00021	0.00002	0.99978	0.00000
80	909	G	0.00054	0.00004	0.99941	0.00001
80	910	R	0.34915	0.11680	0.42446	0.10959
80	911	A	0.99994	0.00001	0.00004	0.00000
80	912	A	0.99994	0.00001	0.00004	0.00000
80	913	G	0.27132	0.13200	0.42873	0.16795
80	914	H	0.23232	0.33646	0.14589	0.28533
80	915	T	0.21492	0.19783	0.12870	0.45855
80	916	G	0.27132	0.13200	0.42873	0.16795
80	917	A	0.47786	0.14404	0.18592	0.19219
80	918	A	0.47786	0.14404	0.18592	0.19219
80	919	A	0.47786	0.14404	0.18592	0.19219
80	920	A	0.47786	0.14404	0.18592	0.19219
80	921	T	0.21492	0.19783	0.12870	0.45855
80	922	G	0.34117	0.00537	0.65111	0.00235
80	923	A	0.99760	0.00054	0.00147	0.00039
80	924	C	0.00022	0.99716	0.00057	0.00204
80	925	Y	0.00370	0.48413	0.00077	0.51141
80	926	A	0.97333	0.00881	0.01291	0.00494
80	927	G	0.00002	0.00000	0.99997	0.00000
80	928	R	0.45448	0.03514	0.48600	0.02438
80	929	W	0.33950	0.16553	0.14196	0.35302
80	930	T	0.00001	0.00041	0.00000	0.99958
80	931	-	0.31851	0.21904	0.24289	0.21957
80	932	A	0.96856	0.00066	0.03060	0.00019
80	933	T	0.00003	0.00115	0.00000	0.99882
80	934	W	0.40035	0.13860	0.16281	0.29824
80	935	G	0.00030	0.00002	0.99967	0.00000
80	936	A	0.99994	0.00001	0.00004	0.00000
80	937	A	0.74027	0.01229	0.23985	0.00760
80	938	G	0.00020	0.00002	0.99978	0.00000
80	939	C	0.00000	0.99991	0.00000	0.00008
80	940	T	0.04376	0.24876	0.01389	0.69359
80	941	W	0.35477	0.11725	0.16207	0.36590
80	942	C	0.01623	0.97346	0.00105	0.00926
80	943	T	0.01242	0.27709	0.00301	0.70749
80	944	A	0.99897	0.00021	0.00072	0.00010
80	945	G	0.00068	0.00006	0.99926	0.00001
80	946	T	0.00125	0.02168	0.00022	0.97686
80	947	G	0.15916	0.20564	0.45593	0.17926
80	948	T	0.00001	0.00041	0.00000	0.99958
80	949	G	0.22862	0.08334	0.63151	0.05654
80	950	A	0.99975	0.00005	0.00018	0.00002
80	951	A	0.99994	0.00001	0.00004	0.00000
80	952	T	0.00000	0.00015	0.00000	0.99985
80	953	G	0.00002	0.00000	0.99997	0.00000
80	954	A	0.99977	0.00005	0.00016	0.00002
80	955	T	0.00011	0.00343	0.00001	0.99644
80	956	A	0.78300	0.02690	0.00524	0.18486
80	957	C	0.00001	0.99988	0.00000	0.00011
80	958	A	0.77309	0.07665	0.04582	0.10444
80	959	G	0.00010	0.00001	0.99989	0.00000
80	960	T	0.00002	0.00077	0.00000	0.99921
80	961	G	0.27660	0.14640	0.41906	0.15794
80	962	T	0.10470	0.19078	0.21522	0.48930
80	963	C	0.09538	0.73229	0.00286	0.16946
80	964	H	0.29284	0.29490	0.07388	0.33838
80	965	T	0.21307	0.06917	0.00334	0.71442
80	966	T	0.00002	0.00077	0.00000	0.99921
80	967	C	0.05631	0.43883	0.30095	0.20391
80	968	A	0.98995	0.00206	0.00669	0.00130
80	969	G	0.00054	0.00004	0.99941	0.00001
80	970	A	0.94497	0.00831	0.04049	0.00623
80	971	A	0.93821	0.02536	0.01911	0.01732
80	972	H	0.23048	0.28889	0.17703	0.30360
80	973	G	0.33142	0.08008	0.52346	0.06504
80	974	R	0.39586	0.05490	0.50402	0.04522
80	975	C	0.04262	0.79124	0.00972	0.15642
80	976	T	0.24986	0.24861	0.04942	0.45210
80	977	T	0.00009	0.00427	0.00001	0.99563
