Node	Site	State 	p_A	p_C	p_G	p_T
98	1	T	0.00000	0.00000	0.00000	1.00000
98	2	T	0.00000	0.00000	0.00000	1.00000
98	3	A	0.99998	0.00000	0.00001	0.00001
98	4	A	1.00000	0.00000	0.00000	0.00000
98	5	A	1.00000	0.00000	0.00000	0.00000
98	6	A	1.00000	0.00000	0.00000	0.00000
98	7	A	0.52522	0.14244	0.16607	0.16627
98	8	C	0.12649	0.56864	0.09818	0.20669
98	9	C	0.00000	0.99998	0.00000	0.00002
98	10	A	0.99999	0.00000	0.00000	0.00000
98	11	G	0.00001	0.00000	0.99999	0.00000
98	12	C	0.00000	0.99998	0.00000	0.00002
98	13	C	0.00001	0.99986	0.00000	0.00013
98	14	T	0.00021	0.00120	0.00002	0.99857
98	15	G	0.00079	0.00008	0.99902	0.00011
98	16	T	0.00151	0.00110	0.00017	0.99722
98	17	G	0.00000	0.00000	1.00000	0.00000
98	18	G	0.00000	0.00000	1.00000	0.00000
98	19	G	0.00000	0.00000	0.99999	0.00000
98	20	T	0.00000	0.00001	0.00000	0.99999
98	21	T	0.00000	0.00000	0.00000	1.00000
98	22	G	0.00000	0.00000	1.00000	0.00000
98	23	T	0.00000	0.00001	0.00000	0.99999
98	24	T	0.07118	0.00551	0.00083	0.92248
98	25	C	0.00000	0.99999	0.00000	0.00001
98	26	C	0.00000	1.00000	0.00000	0.00000
98	27	C	0.00000	0.99999	0.00000	0.00001
98	28	A	0.99999	0.00000	0.00001	0.00000
98	29	C	0.00000	0.99999	0.00000	0.00001
98	30	C	0.00000	0.99999	0.00000	0.00001
98	31	C	0.00000	1.00000	0.00000	0.00000
98	32	A	0.99977	0.00004	0.00007	0.00012
98	33	C	0.00074	0.99709	0.00011	0.00205
98	34	A	0.99859	0.00013	0.00092	0.00036
98	35	G	0.00306	0.00003	0.99687	0.00005
98	36	G	0.00005	0.00000	0.99995	0.00000
98	37	G	0.00002	0.00000	0.99998	0.00000
98	38	C	0.00000	1.00000	0.00000	0.00000
98	39	C	0.00000	1.00000	0.00000	0.00000
98	40	C	0.00000	1.00000	0.00000	0.00000
98	41	A	1.00000	0.00000	0.00000	0.00000
98	42	C	0.00000	0.99979	0.00000	0.00021
98	43	T	0.00093	0.00095	0.00095	0.99717
98	44	G	0.00052	0.00003	0.99934	0.00011
98	45	G	0.00000	0.00000	1.00000	0.00000
98	46	G	0.00000	0.00000	1.00000	0.00000
98	47	C	0.00002	0.99958	0.00000	0.00040
98	48	G	0.00000	0.00000	1.00000	0.00000
98	49	G	0.10537	0.05197	0.78282	0.05983
98	50	C	0.00006	0.99927	0.00001	0.00066
98	51	T	0.00000	0.00000	0.00000	1.00000
98	52	A	0.99998	0.00000	0.00001	0.00001
98	53	G	0.00000	0.00000	1.00000	0.00000
98	54	C	0.00006	0.97800	0.00001	0.02193
98	55	A	0.99999	0.00000	0.00001	0.00000
98	56	C	0.00000	0.99999	0.00000	0.00001
98	57	T	0.00000	0.00000	0.00000	0.99999
98	58	C	0.00000	0.99999	0.00000	0.00001
98	59	T	0.00000	0.00000	0.00000	0.99999
98	60	G	0.00000	0.00000	0.99999	0.00000
98	61	G	0.01274	0.00002	0.98719	0.00005
98	62	T	0.00000	0.00000	0.00000	1.00000
98	63	T	0.03746	0.00117	0.00018	0.96119
98	64	C	0.00046	0.94698	0.00006	0.05250
98	65	T	0.00053	0.02258	0.00006	0.97683
98	66	A	0.96818	0.02505	0.00196	0.00481
98	67	C	0.00001	0.99989	0.00000	0.00011
98	68	C	0.12649	0.56864	0.09818	0.20669
98	69	G	0.00000	0.00000	1.00000	0.00000
98	70	G	0.00000	0.00000	1.00000	0.00000
98	71	A	0.96315	0.00071	0.00051	0.03563
98	72	A	1.00000	0.00000	0.00000	0.00000
98	73	C	0.00006	0.98549	0.00001	0.01444
98	74	C	0.00000	0.99999	0.00000	0.00001
98	75	T	0.00015	0.02136	0.00002	0.97848
98	76	T	0.00000	0.00000	0.00000	1.00000
98	77	T	0.00000	0.00000	0.00000	1.00000
98	78	G	0.00001	0.00000	0.99999	0.00000
98	79	T	0.00000	0.00002	0.00000	0.99998
98	80	G	0.01742	0.00001	0.98254	0.00003
98	81	C	0.00000	1.00000	0.00000	0.00000
98	82	G	0.00000	0.00000	1.00000	0.00000
98	83	C	0.00000	1.00000	0.00000	0.00000
98	84	C	0.00000	1.00000	0.00000	0.00000
98	85	T	0.00000	0.00001	0.00000	0.99999
98	86	G	0.00005	0.00000	0.99995	0.00000
98	87	T	0.00000	0.00000	0.00000	1.00000
98	88	T	0.01065	0.02022	0.00406	0.96507
98	89	T	0.00000	0.00000	0.00000	1.00000
98	90	T	0.00000	0.00000	0.00000	1.00000
98	91	T	0.00093	0.00074	0.00587	0.99246
98	92	A	0.99978	0.00003	0.00012	0.00008
98	93	T	0.03131	0.03954	0.00025	0.92891
98	94	A	0.94865	0.00090	0.04722	0.00323
98	95	T	0.00091	0.29111	0.00010	0.70787
98	96	C	0.00001	0.99986	0.00000	0.00013
98	97	M	0.27306	0.38823	0.12049	0.21822
98	98	M	0.27306	0.38823	0.12049	0.21822
98	99	Y	0.11697	0.37612	0.07399	0.43292
98	100	C	0.11804	0.59434	0.08944	0.19818
98	101	A	0.55171	0.13293	0.15820	0.15715
98	102	C	0.00000	1.00000	0.00000	0.00000
98	103	C	0.00000	1.00000	0.00000	0.00000
98	104	C	0.00019	0.97345	0.00003	0.02634
98	105	T	0.00000	0.00001	0.00000	0.99999
98	106	Y	0.08507	0.47759	0.04884	0.38851
98	107	A	0.88628	0.02848	0.04476	0.04048
98	108	W	0.35203	0.12681	0.07908	0.44208
98	109	W	0.35203	0.12681	0.07908	0.44208
98	110	T	0.08740	0.14425	0.05032	0.71803
98	111	M	0.31980	0.42757	0.08219	0.17045
98	112	W	0.35203	0.12681	0.07908	0.44208
98	113	M	0.31980	0.42757	0.08219	0.17045
98	114	Y	0.07499	0.48827	0.04102	0.39573
98	115	T	0.08988	0.14883	0.05243	0.70885
98	116	W	0.35203	0.12681	0.07908	0.44208
98	117	M	0.31980	0.42757	0.08219	0.17045
98	118	G	0.05122	0.01970	0.90567	0.02341
98	119	A	0.48351	0.14744	0.19631	0.17274
98	120	T	0.03785	0.06494	0.01834	0.87886
98	121	T	0.08740	0.14425	0.05032	0.71803
98	122	G	0.18584	0.10298	0.59370	0.11749
98	123	C	0.02870	0.88639	0.01656	0.06835
98	124	Y	0.12386	0.37927	0.07759	0.41929
98	125	-	0.22523	0.32457	0.20985	0.24034
98	126	C	0.07845	0.71164	0.05184	0.15807
98	127	-	0.30745	0.22129	0.18355	0.28771
98	128	M	0.31980	0.42757	0.08219	0.17045
98	129	C	0.07544	0.72152	0.04894	0.15410
98	130	T	0.03785	0.06494	0.01834	0.87886
98	131	G	0.05122	0.01970	0.90567	0.02341
98	132	W	0.30254	0.18746	0.12416	0.38584
98	133	G	0.05122	0.01970	0.90567	0.02341
98	134	R	0.42691	0.06918	0.41623	0.08768
98	135	G	0.12516	0.06833	0.72915	0.07736
98	136	G	0.12516	0.06833	0.72915	0.07736
98	137	A	0.68427	0.08812	0.11569	0.11192
98	138	G	0.12516	0.06833	0.72915	0.07736
98	139	T	0.09853	0.14823	0.06046	0.69279
98	140	A	0.68427	0.08812	0.11569	0.11192
98	141	G	0.19459	0.13586	0.52128	0.14828
98	142	T	0.16174	0.22428	0.11740	0.49658
98	143	C	0.08233	0.70579	0.05664	0.15524
98	144	C	0.08233	0.70579	0.05664	0.15524
98	145	G	0.12516	0.06833	0.72915	0.07736
98	146	A	0.68427	0.08812	0.11569	0.11192
98	147	C	0.08233	0.70579	0.05664	0.15524
98	148	T	0.09853	0.14823	0.06046	0.69279
98	149	C	0.14298	0.51089	0.11011	0.23602
98	150	C	0.08233	0.70579	0.05664	0.15524
98	151	G	0.12516	0.06833	0.72915	0.07736
98	152	C	0.08233	0.70579	0.05664	0.15524
98	153	T	0.16064	0.22414	0.11606	0.49916
98	154	C	0.08233	0.70579	0.05664	0.15524
98	155	C	0.08233	0.70579	0.05664	0.15524
98	156	-	0.32961	0.21204	0.23001	0.22835
98	157	G	0.23508	0.19114	0.37277	0.20100
98	158	Y	0.17918	0.33501	0.14272	0.34309
98	159	A	0.68427	0.08812	0.11569	0.11192
98	160	C	0.14678	0.50451	0.11386	0.23485
98	161	T	0.18157	0.23598	0.15865	0.42380
98	162	G	0.19530	0.13514	0.52112	0.14844
98	163	C	0.14929	0.49473	0.11868	0.23730
98	164	T	0.16628	0.23098	0.12402	0.47871
98	165	G	0.19608	0.13644	0.51809	0.14940
98	166	C	0.14640	0.50473	0.11340	0.23547
98	167	H	0.24670	0.33554	0.17509	0.24267
98	168	C	0.08233	0.70579	0.05664	0.15524
98	169	C	0.14640	0.50473	0.11340	0.23547
98	170	A	0.47979	0.15425	0.18512	0.18084
98	171	G	0.19530	0.13514	0.52112	0.14844
98	172	T	0.16064	0.22414	0.11606	0.49916
98	173	G	0.19225	0.12872	0.53721	0.14182
98	174	A	0.47133	0.15969	0.18393	0.18504
98	175	A	0.46821	0.16021	0.18563	0.18596
98	176	C	0.08233	0.70579	0.05664	0.15524
98	177	T	0.16628	0.23098	0.12402	0.47871
98	178	G	0.12516	0.06833	0.72915	0.07736
98	179	G	0.19530	0.13514	0.52112	0.14844
98	180	T	0.09853	0.14823	0.06046	0.69279
98	181	A	0.46821	0.16021	0.18563	0.18596
98	182	Y	0.19256	0.35841	0.16397	0.28505
98	183	B	0.19582	0.32295	0.25508	0.22615
98	184	Y	0.19089	0.36525	0.16651	0.27735
98	185	T	0.15919	0.23054	0.11568	0.49459
98	186	A	0.47531	0.15438	0.18963	0.18067
98	187	G	0.12516	0.06833	0.72915	0.07736
98	188	T	0.16628	0.23098	0.12402	0.47871
98	189	A	0.68427	0.08812	0.11569	0.11192
98	190	C	0.08233	0.70579	0.05664	0.15524
98	191	C	0.08233	0.70579	0.05664	0.15524
98	192	T	0.15770	0.22538	0.11364	0.50328
98	193	T	0.09853	0.14823	0.06046	0.69279
98	194	T	0.09853	0.14823	0.06046	0.69279
98	195	Y	0.20021	0.26991	0.16701	0.36286
98	196	Y	0.17918	0.33501	0.14272	0.34309
98	197	A	0.68427	0.08812	0.11569	0.11192
98	198	C	0.08233	0.70579	0.05664	0.15524
98	199	G	0.12516	0.06833	0.72915	0.07736
98	200	G	0.12516	0.06833	0.72915	0.07736
98	201	A	0.68427	0.08812	0.11569	0.11192
98	202	G	0.19530	0.13514	0.52112	0.14844
98	203	T	0.03987	0.06859	0.01961	0.87193
98	204	H	0.25465	0.31611	0.17272	0.25651
98	205	-	0.19972	0.28225	0.30996	0.20807
98	206	H	0.24718	0.25263	0.15659	0.34361
98	207	T	0.15878	0.24699	0.10965	0.48458
98	208	R	0.32327	0.12383	0.40798	0.14491
98	209	R	0.37853	0.07063	0.46266	0.08818
98	210	H	0.28627	0.23595	0.17295	0.30484
98	211	A	0.70611	0.07949	0.11274	0.10166
98	212	T	0.12515	0.26025	0.07860	0.53599
98	213	C	0.00082	0.99295	0.00018	0.00605
98	214	C	0.00000	0.99998	0.00000	0.00001
98	215	C	0.00000	0.99999	0.00000	0.00000
98	216	C	0.00001	0.99977	0.00000	0.00022
98	217	C	0.00004	0.99940	0.00001	0.00055
98	218	A	0.99709	0.00113	0.00041	0.00137
98	219	A	0.98873	0.00679	0.00062	0.00385
98	220	C	0.02545	0.69164	0.00059	0.28232
98	221	T	0.00353	0.22718	0.00026	0.76904
98	222	H	0.31781	0.35343	0.00279	0.32597
98	223	G	0.00000	0.00000	1.00000	0.00000
98	224	T	0.04053	0.00475	0.00054	0.95419
98	225	A	1.00000	0.00000	0.00000	0.00000
98	226	A	1.00000	0.00000	0.00000	0.00000
98	227	C	0.00000	0.99984	0.00000	0.00015
98	228	W	0.26636	0.16148	0.22134	0.35081
98	229	T	0.00032	0.00024	0.00320	0.99623
98	230	A	0.53884	0.13753	0.16204	0.16158
98	231	T	0.14047	0.19812	0.10122	0.56018
98	232	C	0.12213	0.58189	0.09363	0.20235
98	233	T	0.00000	0.00000	0.00000	1.00000
98	234	A	1.00000	0.00000	0.00000	0.00000
98	235	G	0.00000	0.00000	1.00000	0.00000
98	236	A	1.00000	0.00000	0.00000	0.00000
98	237	A	1.00000	0.00000	0.00000	0.00000
98	238	G	0.00000	0.00000	1.00000	0.00000
98	239	T	0.00219	0.26716	0.00020	0.73045
98	240	T	0.04066	0.07295	0.01997	0.86641
98	241	A	0.59189	0.09365	0.07255	0.24191
98	242	A	0.95169	0.01143	0.02016	0.01672
98	243	T	0.01700	0.03342	0.00736	0.94222
98	244	A	0.99987	0.00003	0.00005	0.00005
98	245	A	0.79318	0.00819	0.00444	0.19419
98	246	T	0.00005	0.00024	0.00000	0.99971
98	247	G	0.00231	0.00002	0.99762	0.00005
98	248	T	0.00779	0.14715	0.00044	0.84462
98	249	A	0.99996	0.00000	0.00002	0.00002
98	250	C	0.00000	1.00000	0.00000	0.00000
98	251	A	0.99624	0.00353	0.00006	0.00017
98	252	C	0.00359	0.84972	0.00025	0.14644
98	253	A	0.54781	0.41412	0.00899	0.02908
98	254	T	0.00829	0.02073	0.00021	0.97077
98	255	A	0.95013	0.00331	0.00118	0.04539
98	256	C	0.00064	0.94774	0.00008	0.05154
98	257	A	0.64217	0.10176	0.12989	0.12618
98	258	C	0.00506	0.81250	0.00037	0.18207
98	259	G	0.00000	0.00000	1.00000	0.00000
98	260	A	0.99821	0.00018	0.00015	0.00146
98	261	T	0.00041	0.03580	0.00004	0.96375
98	262	C	0.00000	1.00000	0.00000	0.00000
98	263	A	0.99573	0.00000	0.00425	0.00001
98	264	W	0.36158	0.00591	0.15703	0.47547
98	265	T	0.00000	0.00002	0.00000	0.99998
98	266	A	1.00000	0.00000	0.00000	0.00000
98	267	G	0.00000	0.00000	1.00000	0.00000
98	268	C	0.00015	0.99811	0.00003	0.00171
98	269	A	0.99983	0.00002	0.00011	0.00005
98	270	G	0.02790	0.00016	0.97162	0.00033
98	271	G	0.00004	0.00000	0.99996	0.00000
98	272	C	0.00004	0.99958	0.00001	0.00038
98	273	G	0.00074	0.00001	0.99922	0.00003
98	274	T	0.00460	0.00321	0.00252	0.98967
98	275	G	0.00042	0.00001	0.99954	0.00003
98	276	G	0.00001	0.00000	0.99999	0.00000
98	277	C	0.00017	0.99876	0.00006	0.00102
98	278	G	0.01644	0.00009	0.98328	0.00019
98	279	C	0.00004	0.99936	0.00001	0.00060
98	280	A	0.99926	0.00009	0.00039	0.00026
98	281	M	0.29240	0.41485	0.10743	0.18532
98	282	C	0.05289	0.75196	0.00903	0.18612
98	283	A	0.99152	0.00206	0.00330	0.00312
98	284	T	0.32373	0.12609	0.05590	0.49428
98	285	C	0.00000	1.00000	0.00000	0.00000
98	286	C	0.00000	1.00000	0.00000	0.00000
98	287	A	0.99999	0.00000	0.00000	0.00000
98	288	G	0.00005	0.00000	0.99995	0.00000
98	289	C	0.00027	0.99250	0.00004	0.00719
98	290	C	0.00156	0.99371	0.00012	0.00461
98	291	A	0.99447	0.00034	0.00455	0.00064
98	292	T	0.00044	0.00331	0.00004	0.99620
98	293	G	0.00010	0.00000	0.99989	0.00000
98	294	T	0.00003	0.00019	0.00000	0.99977
98	295	C	0.00075	0.97933	0.00006	0.01985
98	296	A	0.63622	0.08220	0.15799	0.12359
98	297	T	0.02290	0.00101	0.00018	0.97591
98	298	T	0.00141	0.19727	0.00016	0.80116
98	299	G	0.00000	0.00000	1.00000	0.00000
98	300	A	0.97117	0.00014	0.02832	0.00037
98	301	T	0.00347	0.00079	0.00011	0.99563
98	302	C	0.00000	1.00000	0.00000	0.00000
98	303	A	1.00000	0.00000	0.00000	0.00000
98	304	A	1.00000	0.00000	0.00000	0.00000
98	305	G	0.00000	0.00000	1.00000	0.00000
98	306	C	0.00000	0.99997	0.00000	0.00002
98	307	A	1.00000	0.00000	0.00000	0.00000
98	308	C	0.00000	1.00000	0.00000	0.00000
98	309	T	0.00000	0.00000	0.00000	1.00000
98	310	T	0.00000	0.00000	0.00000	1.00000
98	311	C	0.00000	1.00000	0.00000	0.00000
98	312	T	0.00000	0.00000	0.00000	1.00000
98	313	G	0.00000	0.00000	1.00000	0.00000
98	314	T	0.00000	0.00000	0.00000	1.00000
98	315	C	0.10227	0.64292	0.07391	0.18090
98	316	T	0.00000	0.00002	0.00000	0.99998
98	317	T	0.00007	0.00003	0.00000	0.99990
98	318	C	0.00000	1.00000	0.00000	0.00000
98	319	C	0.00000	1.00000	0.00000	0.00000
98	320	C	0.00000	1.00000	0.00000	0.00000
98	321	C	0.00000	0.99999	0.00000	0.00001
98	322	G	0.00000	0.00000	1.00000	0.00000
98	323	G	0.00000	0.00000	1.00000	0.00000
98	324	A	0.99920	0.00010	0.00024	0.00046
98	325	C	0.00008	0.99923	0.00001	0.00068
98	326	T	0.00247	0.23917	0.00026	0.75810
98	327	G	0.00007	0.00000	0.99993	0.00000
98	328	A	0.99996	0.00000	0.00002	0.00002
98	329	G	0.00001	0.00000	0.99999	0.00000
98	330	T	0.00058	0.00120	0.00012	0.99810
98	331	A	0.99515	0.00011	0.00443	0.00032
98	332	T	0.00159	0.00204	0.00007	0.99630
98	333	C	0.00012	0.99813	0.00002	0.00173
98	334	A	0.99865	0.00006	0.00104	0.00025
98	335	A	0.99825	0.00015	0.00094	0.00065
98	336	T	0.12645	0.28590	0.04823	0.53942
98	337	C	0.14431	0.38370	0.24415	0.22785
98	338	G	0.20176	0.19288	0.42183	0.18353
98	339	A	0.56902	0.01724	0.38876	0.02498
98	340	T	0.00000	0.00002	0.00000	0.99998
98	341	A	1.00000	0.00000	0.00000	0.00000
98	342	G	0.00023	0.00001	0.99976	0.00001
98	343	A	0.99596	0.00006	0.00383	0.00015
98	344	C	0.00000	1.00000	0.00000	0.00000
98	345	T	0.00000	0.00006	0.00000	0.99994
98	346	G	0.00002	0.00000	0.99998	0.00000
98	347	C	0.00013	0.99398	0.00002	0.00586
98	348	T	0.00525	0.00179	0.00018	0.99279
98	349	C	0.00005	0.99974	0.00000	0.00020
98	350	A	0.99664	0.00143	0.00074	0.00119
98	351	C	0.00000	0.99998	0.00000	0.00002
98	352	G	0.00575	0.00002	0.99420	0.00003
98	353	C	0.00003	0.99966	0.00000	0.00031
98	354	G	0.00001	0.00000	0.99999	0.00000
98	355	G	0.00000	0.00000	1.00000	0.00000
98	356	T	0.00016	0.00372	0.00002	0.99610
98	357	T	0.00026	0.00082	0.00003	0.99890
98	358	G	0.00003	0.00000	0.99997	0.00000
98	359	A	1.00000	0.00000	0.00000	0.00000
98	360	A	0.99285	0.00001	0.00710	0.00004
98	361	G	0.00063	0.00001	0.99935	0.00001
98	362	G	0.00019	0.00001	0.99980	0.00001
98	363	A	0.86890	0.00954	0.00485	0.11671
98	364	G	0.00030	0.00001	0.99967	0.00002
98	365	A	0.99985	0.00002	0.00009	0.00005
98	366	A	0.99958	0.00004	0.00024	0.00013
98	367	A	0.99978	0.00003	0.00008	0.00010
98	368	A	0.99850	0.00022	0.00082	0.00046
98	369	C	0.00071	0.99658	0.00015	0.00256
98	370	G	0.00042	0.00001	0.99955	0.00002
98	371	T	0.00223	0.00063	0.00003	0.99711
98	372	C	0.00004	0.99624	0.00001	0.00371
98	373	C	0.00000	1.00000	0.00000	0.00000
98	374	G	0.00000	0.00000	1.00000	0.00000
98	375	T	0.00000	0.00000	0.00000	1.00000
98	376	T	0.00000	0.00000	0.00000	0.99999
98	377	A	1.00000	0.00000	0.00000	0.00000
98	378	C	0.00016	0.99741	0.00002	0.00241
98	379	C	0.00000	1.00000	0.00000	0.00000
98	380	C	0.00000	1.00000	0.00000	0.00000
98	381	G	0.00000	0.00000	0.99999	0.00000
98	382	G	0.00014	0.00014	0.99970	0.00002
98	383	C	0.00000	0.99994	0.00000	0.00006
98	384	T	0.00070	0.03735	0.00007	0.96188
98	385	A	0.99932	0.00009	0.00033	0.00026
98	386	A	0.99618	0.00101	0.00139	0.00142
98	387	-	0.24730	0.25882	0.22792	0.26596
98	388	C	0.00001	0.99986	0.00000	0.00013
98	389	T	0.00002	0.00006	0.00000	0.99992
98	390	A	0.99999	0.00000	0.00000	0.00000
98	391	C	0.00000	1.00000	0.00000	0.00000
98	392	T	0.00000	0.00000	0.00000	1.00000
98	393	T	0.00002	0.00005	0.00000	0.99993
98	394	C	0.00000	1.00000	0.00000	0.00000
98	395	G	0.00001	0.00000	0.99999	0.00000
98	396	A	0.99991	0.00001	0.00005	0.00003
98	397	G	0.00162	0.00001	0.99835	0.00002
98	398	A	1.00000	0.00000	0.00000	0.00000
98	399	A	1.00000	0.00000	0.00000	0.00000
98	400	G	0.20052	0.00020	0.79884	0.00044
98	401	C	0.00000	0.99996	0.00000	0.00004
98	402	C	0.00000	0.99999	0.00000	0.00001
98	403	T	0.00000	0.00002	0.00000	0.99998
98	404	A	1.00000	0.00000	0.00000	0.00000
98	405	G	0.00001	0.00000	0.99998	0.00000
98	406	T	0.00000	0.00000	0.00000	1.00000
98	407	A	1.00000	0.00000	0.00000	0.00000
98	408	G	0.07668	0.00069	0.92144	0.00119
98	409	C	0.00000	0.99999	0.00000	0.00001
98	410	A	0.99983	0.00002	0.00009	0.00006
98	411	C	0.00005	0.99930	0.00001	0.00064
98	412	C	0.00003	0.99962	0.00000	0.00034
98	413	A	0.99761	0.00031	0.00062	0.00147
98	414	T	0.00003	0.00012	0.00000	0.99985
98	415	G	0.07106	0.00037	0.92769	0.00089
98	416	G	0.02180	0.00007	0.97800	0.00013
98	417	A	1.00000	0.00000	0.00000	0.00000
98	418	A	0.99909	0.00011	0.00044	0.00036
98	419	G	0.12630	0.00070	0.87063	0.00237
98	420	T	0.00187	0.18415	0.00021	0.81376
98	421	T	0.00086	0.00181	0.00006	0.99727
98	422	G	0.00493	0.00015	0.99425	0.00067
98	423	C	0.00009	0.99825	0.00001	0.00165
98	424	A	0.97065	0.00048	0.02759	0.00128
98	425	G	0.00115	0.00002	0.99880	0.00003
98	426	A	0.99866	0.00011	0.00063	0.00059
98	427	G	0.00001	0.00000	0.99999	0.00000
98	428	T	0.09978	0.15015	0.06287	0.68719
98	429	A	0.45213	0.09105	0.26727	0.18955
98	430	T	0.00049	0.00426	0.00004	0.99521
98	431	G	0.00000	0.00000	1.00000	0.00000
98	432	T	0.00000	0.00000	0.00000	1.00000
98	433	T	0.00000	0.00000	0.00000	1.00000
98	434	T	0.00716	0.00290	0.00838	0.98156
98	435	C	0.00000	1.00000	0.00000	0.00000
98	436	G	0.00000	0.00000	0.99999	0.00000
98	437	C	0.00000	0.99997	0.00000	0.00003
98	438	T	0.00000	0.00000	0.00000	0.99999
98	439	C	0.00000	1.00000	0.00000	0.00000
98	440	A	0.99997	0.00000	0.00002	0.00001
98	441	G	0.00001	0.00000	0.99999	0.00000
98	442	C	0.00000	0.99999	0.00000	0.00001
98	443	A	0.99994	0.00001	0.00003	0.00002
98	444	C	0.00003	0.99969	0.00000	0.00028
98	445	T	0.00042	0.00070	0.00003	0.99886
98	446	T	0.01404	0.00855	0.00036	0.97705
98	447	C	0.00058	0.99119	0.00006	0.00818
98	448	C	0.00673	0.99024	0.00014	0.00289
98	449	C	0.00001	0.99992	0.00000	0.00007
98	450	C	0.00000	0.99997	0.00000	0.00002
98	451	C	0.00000	0.99999	0.00000	0.00001
98	452	G	0.00302	0.00195	0.99429	0.00074
98	453	S	0.17430	0.29690	0.35494	0.17386
98	454	A	0.71078	0.04062	0.19264	0.05595
98	455	S	0.18463	0.28482	0.39907	0.13149
98	456	W	0.42238	0.12576	0.09021	0.36165
98	457	G	0.08634	0.04157	0.79514	0.07695
98	458	T	0.00020	0.00052	0.00003	0.99925
98	459	G	0.00001	0.00000	0.99998	0.00000
98	460	T	0.00000	0.00002	0.00000	0.99998
98	461	A	1.00000	0.00000	0.00000	0.00000
98	462	G	0.00000	0.00000	1.00000	0.00000
98	463	A	0.99439	0.00221	0.00079	0.00261
98	464	T	0.00000	0.00001	0.00000	0.99999
98	465	C	0.00001	0.99982	0.00000	0.00018
98	466	A	0.99753	0.00029	0.00066	0.00152
98	467	G	0.00000	0.00000	1.00000	0.00000
98	468	G	0.00001	0.00000	0.99999	0.00000
98	469	T	0.00027	0.00247	0.00002	0.99724
98	470	C	0.00014	0.99620	0.00002	0.00364
98	471	G	0.00000	0.00000	1.00000	0.00000
98	472	A	1.00000	0.00000	0.00000	0.00000
98	473	T	0.00000	0.00000	0.00000	1.00000
98	474	G	0.00000	0.00000	1.00000	0.00000
98	475	A	0.99999	0.00000	0.00000	0.00000
98	476	G	0.00000	0.00000	1.00000	0.00000
98	477	T	0.00001	0.00003	0.00000	0.99996
98	478	C	0.00000	1.00000	0.00000	0.00000
98	479	A	0.99430	0.00010	0.00011	0.00549
98	480	C	0.00033	0.99798	0.00032	0.00137
98	481	T	0.00126	0.00102	0.01253	0.98519
98	482	G	0.00012	0.00000	0.99987	0.00001
98	483	C	0.00002	0.99981	0.00000	0.00017
98	484	A	0.71278	0.00031	0.28611	0.00080
98	485	A	0.92625	0.00891	0.00209	0.06275
98	486	-	0.29963	0.28258	0.18193	0.23585
98	487	T	0.00003	0.00016	0.00000	0.99981
98	488	C	0.00000	1.00000	0.00000	0.00000
98	489	C	0.00000	1.00000	0.00000	0.00000
98	490	C	0.00000	0.99997	0.00000	0.00002
98	491	C	0.00000	1.00000	0.00000	0.00000
98	492	A	1.00000	0.00000	0.00000	0.00000
98	493	C	0.00000	0.99997	0.00000	0.00003
98	494	G	0.00106	0.00007	0.99869	0.00017
98	495	G	0.00000	0.00000	1.00000	0.00000
98	496	G	0.00000	0.00000	1.00000	0.00000
98	497	C	0.00019	0.97148	0.00003	0.02831
98	498	G	0.00000	0.00000	1.00000	0.00000
98	499	A	1.00000	0.00000	0.00000	0.00000
98	500	C	0.00000	1.00000	0.00000	0.00000
98	501	C	0.00053	0.99802	0.00005	0.00140
98	502	G	0.00004	0.00000	0.99995	0.00000
98	503	T	0.00003	0.00012	0.00000	0.99985
98	504	G	0.00000	0.00000	1.00000	0.00000
98	505	T	0.09128	0.14612	0.05311	0.70950
98	506	G	0.00010	0.00000	0.99989	0.00001
98	507	C	0.00002	0.99964	0.00000	0.00033
98	508	A	0.98525	0.01376	0.00028	0.00070
98	509	G	0.00170	0.00075	0.99712	0.00044
98	510	T	0.00083	0.00025	0.00001	0.99891
98	511	G	0.00000	0.00000	1.00000	0.00000
98	512	G	0.00000	0.00000	1.00000	0.00000
98	513	C	0.00000	0.99999	0.00000	0.00001
98	514	T	0.00000	0.00002	0.00000	0.99998
98	515	G	0.00000	0.00000	1.00000	0.00000
98	516	C	0.00000	1.00000	0.00000	0.00000
98	517	G	0.00000	0.00000	1.00000	0.00000
98	518	T	0.00003	0.00013	0.00000	0.99983
98	519	T	0.00000	0.00001	0.00000	0.99999
98	520	G	0.00001	0.00000	0.99999	0.00000
98	521	G	0.00000	0.00000	1.00000	0.00000
98	522	C	0.00000	1.00000	0.00000	0.00000
98	523	G	0.00008	0.00000	0.99991	0.00001
98	524	G	0.00001	0.00000	0.99999	0.00000
98	525	C	0.00000	0.99998	0.00000	0.00002
98	526	C	0.00000	1.00000	0.00000	0.00000
98	527	T	0.00065	0.00080	0.00004	0.99851
98	528	G	0.05874	0.02485	0.88725	0.02916
98	529	C	0.04124	0.84158	0.02568	0.09150
98	530	C	0.09689	0.49329	0.05862	0.35119
98	531	C	0.04124	0.84158	0.02568	0.09150
98	532	A	0.57767	0.08573	0.22928	0.10732
98	533	C	0.02279	0.90685	0.01283	0.05753
98	534	R	0.40810	0.03320	0.51878	0.03993
98	535	C	0.00551	0.97768	0.00296	0.01385
98	536	G	0.00811	0.02577	0.96285	0.00327
98	537	C	0.00106	0.97140	0.00016	0.02738
98	538	C	0.02703	0.96147	0.00057	0.01092
98	539	T	0.00236	0.00666	0.00077	0.99020
98	540	G	0.32504	0.00192	0.66779	0.00525
98	541	T	0.00297	0.04280	0.00038	0.95386
98	542	G	0.00000	0.00000	0.99999	0.00000
98	543	G	0.00005	0.00000	0.99994	0.00000
98	544	G	0.00027	0.00001	0.99971	0.00002
98	545	G	0.00088	0.00020	0.99870	0.00022
98	546	Y	0.28374	0.29586	0.00230	0.41811
98	547	A	0.99946	0.00005	0.00035	0.00014
98	548	A	0.99687	0.00087	0.00131	0.00096
98	549	C	0.00012	0.99863	0.00002	0.00122
98	550	C	0.00004	0.99943	0.00001	0.00053
98	551	C	0.00005	0.99941	0.00001	0.00054
98	552	A	0.96775	0.00091	0.02965	0.00169
98	553	T	0.00019	0.02137	0.00002	0.97842
98	554	A	0.99560	0.00027	0.00331	0.00082
98	555	G	0.00013	0.00000	0.99986	0.00001
98	556	G	0.00001	0.00000	0.99998	0.00000
98	557	A	0.99999	0.00000	0.00001	0.00000
98	558	C	0.00000	0.99997	0.00000	0.00002
98	559	G	0.00000	0.00000	1.00000	0.00000
98	560	C	0.00000	0.99998	0.00000	0.00002
98	561	T	0.00002	0.00037	0.00000	0.99960
98	562	C	0.00007	0.99897	0.00001	0.00095
98	563	T	0.00043	0.00046	0.00002	0.99909
98	564	A	0.99850	0.00013	0.00095	0.00042
98	565	A	0.99498	0.00027	0.00029	0.00446
98	566	T	0.00307	0.00256	0.01101	0.98336
98	567	A	0.96335	0.00009	0.03632	0.00023
98	568	T	0.00172	0.03528	0.00013	0.96286
98	569	G	0.01249	0.00008	0.98725	0.00018
98	570	G	0.00003	0.00000	0.99997	0.00000
98	571	A	1.00000	0.00000	0.00000	0.00000
98	572	C	0.00000	0.99999	0.00000	0.00001
98	573	A	0.99998	0.00000	0.00001	0.00001
98	574	T	0.00096	0.00133	0.00005	0.99766
98	575	G	0.00002	0.00000	0.99997	0.00000
98	576	G	0.00002	0.00000	0.99998	0.00000
98	577	T	0.00000	0.00001	0.00000	0.99999
98	578	G	0.00000	0.00000	1.00000	0.00000
98	579	T	0.00097	0.41434	0.00011	0.58457
98	580	G	0.01123	0.00002	0.98872	0.00003
98	581	A	0.68427	0.08812	0.11569	0.11192
98	582	-	0.20690	0.29621	0.25260	0.24429
98	583	T	0.15965	0.22936	0.11618	0.49481
98	584	A	0.47979	0.15425	0.18512	0.18084
98	585	G	0.12516	0.06833	0.72915	0.07736
98	586	C	0.14794	0.50269	0.11442	0.23494
98	587	C	0.14929	0.49473	0.11868	0.23730
98	588	A	1.00000	0.00000	0.00000	0.00000
98	589	A	1.00000	0.00000	0.00000	0.00000
98	590	G	0.00000	0.00000	1.00000	0.00000
98	591	A	0.99999	0.00000	0.00000	0.00000
98	592	G	0.00001	0.00000	0.99998	0.00000
98	593	T	0.00027	0.00993	0.00003	0.98977
98	594	C	0.00000	1.00000	0.00000	0.00000
98	595	T	0.00001	0.00003	0.00000	0.99997
98	596	A	0.99999	0.00000	0.00001	0.00000
98	597	T	0.00006	0.00025	0.00001	0.99968
98	598	T	0.00000	0.00000	0.00000	1.00000
98	599	G	0.00000	0.00000	1.00000	0.00000
98	600	A	0.99996	0.00000	0.00002	0.00001
98	601	G	0.00000	0.00000	1.00000	0.00000
98	602	C	0.00000	1.00000	0.00000	0.00000
98	603	T	0.00000	0.00000	0.00000	1.00000
98	604	-	0.22842	0.27884	0.19125	0.30148
98	605	C	0.12213	0.58189	0.09363	0.20235
98	606	A	0.99996	0.00000	0.00002	0.00001
98	607	G	0.00050	0.00002	0.99945	0.00003
98	608	T	0.00145	0.00302	0.00012	0.99540
98	609	T	0.00019	0.00065	0.00002	0.99915
98	610	A	0.94536	0.00021	0.05393	0.00050
98	611	G	0.00005	0.00000	0.99995	0.00000
98	612	T	0.00010	0.00023	0.00002	0.99964
98	613	A	0.99997	0.00000	0.00001	0.00001
98	614	G	0.00596	0.00004	0.99392	0.00008
98	615	T	0.00000	0.00000	0.00000	0.99999
98	616	C	0.00000	1.00000	0.00000	0.00000
98	617	C	0.00000	0.99999	0.00000	0.00001
98	618	T	0.00000	0.00000	0.00000	1.00000
98	619	C	0.00000	1.00000	0.00000	0.00000
98	620	C	0.00000	1.00000	0.00000	0.00000
98	621	G	0.00000	0.00000	1.00000	0.00000
98	622	G	0.00000	0.00000	1.00000	0.00000
98	623	C	0.00001	0.99993	0.00000	0.00006
98	624	C	0.00000	0.99999	0.00000	0.00001
98	625	Y	0.06573	0.40982	0.03268	0.49178
98	626	C	0.00000	1.00000	0.00000	0.00000
98	627	C	0.00000	0.99999	0.00000	0.00001
98	628	T	0.00000	0.00000	0.00000	1.00000
98	629	G	0.00000	0.00000	1.00000	0.00000
98	630	A	1.00000	0.00000	0.00000	0.00000
98	631	A	1.00000	0.00000	0.00000	0.00000
98	632	T	0.00000	0.00000	0.00000	1.00000
98	633	G	0.00000	0.00000	1.00000	0.00000
98	634	C	0.00000	1.00000	0.00000	0.00000
98	635	G	0.00000	0.00000	1.00000	0.00000
98	636	G	0.00000	0.00000	1.00000	0.00000
98	637	C	0.00000	1.00000	0.00000	0.00000
98	638	T	0.00000	0.00000	0.00000	1.00000
98	639	A	1.00000	0.00000	0.00000	0.00000
98	640	A	1.00000	0.00000	0.00000	0.00000
98	641	T	0.00002	0.00010	0.00000	0.99988
98	642	C	0.00000	1.00000	0.00000	0.00000
98	643	C	0.00000	0.99995	0.00000	0.00004
98	644	T	0.00004	0.00020	0.00000	0.99976
98	645	A	1.00000	0.00000	0.00000	0.00000
98	646	A	1.00000	0.00000	0.00000	0.00000
98	647	C	0.00000	1.00000	0.00000	0.00000
98	648	T	0.00009	0.01043	0.00001	0.98947
98	649	G	0.00397	0.00303	0.99179	0.00120
98	650	C	0.00011	0.97959	0.00001	0.02029
98	651	G	0.00004	0.00000	0.99995	0.00000
98	652	G	0.00002	0.00000	0.99998	0.00000
98	653	A	1.00000	0.00000	0.00000	0.00000
98	654	G	0.00000	0.00000	1.00000	0.00000
98	655	C	0.00000	1.00000	0.00000	0.00000
98	656	A	0.97337	0.00016	0.02608	0.00039
98	657	C	0.00019	0.99707	0.00003	0.00272
98	658	A	0.99976	0.00003	0.00014	0.00008
98	659	T	0.00001	0.00006	0.00000	0.99992
98	660	A	0.99614	0.00007	0.00360	0.00019
98	661	C	0.00022	0.99831	0.00017	0.00131
98	662	C	0.00381	0.69945	0.00043	0.29631
98	663	C	0.00001	0.99990	0.00000	0.00009
98	664	T	0.02723	0.11014	0.00328	0.85934
98	665	C	0.00000	0.99998	0.00000	0.00002
98	666	A	0.98612	0.00004	0.01374	0.00010
98	667	A	1.00000	0.00000	0.00000	0.00000
98	668	A	0.89984	0.07131	0.00262	0.02622
98	669	C	0.00000	1.00000	0.00000	0.00000
98	670	C	0.00000	1.00000	0.00000	0.00000
98	671	A	1.00000	0.00000	0.00000	0.00000
98	672	G	0.00000	0.00000	1.00000	0.00000
98	673	G	0.00397	0.00090	0.99348	0.00166
98	674	G	0.00005	0.00000	0.99994	0.00000
98	675	G	0.28267	0.00077	0.71476	0.00180
98	676	G	0.00070	0.00004	0.99916	0.00009
98	677	C	0.00006	0.99399	0.00001	0.00594
98	678	A	0.99914	0.00003	0.00074	0.00009
98	679	G	0.00005	0.00000	0.99994	0.00000
98	680	T	0.00012	0.00045	0.00001	0.99942
98	681	G	0.00124	0.00002	0.99869	0.00005
98	682	T	0.00056	0.03861	0.00006	0.96077
98	683	G	0.00000	0.00000	1.00000	0.00000
98	684	T	0.00000	0.00000	0.00000	1.00000
98	685	C	0.00000	0.99999	0.00000	0.00001
98	686	G	0.00000	0.00000	1.00000	0.00000
98	687	T	0.00000	0.00000	0.00000	1.00000
98	688	A	1.00000	0.00000	0.00000	0.00000
98	689	A	1.00000	0.00000	0.00000	0.00000
98	690	C	0.00003	0.99885	0.00000	0.00111
98	691	G	0.00001	0.00000	0.99999	0.00000
98	692	G	0.00311	0.00196	0.99436	0.00057
98	693	G	0.00000	0.00000	1.00000	0.00000
98	694	C	0.00006	0.99829	0.00001	0.00164
98	695	A	1.00000	0.00000	0.00000	0.00000
98	696	A	1.00000	0.00000	0.00000	0.00000
98	697	C	0.00189	0.98917	0.00432	0.00462
98	698	T	0.00000	0.00000	0.00000	1.00000
98	699	C	0.00001	0.99992	0.00000	0.00008
98	700	T	0.00142	0.09127	0.00016	0.90715
98	701	G	0.00000	0.00000	1.00000	0.00000
98	702	C	0.00100	0.99279	0.00351	0.00271
98	703	A	0.98790	0.00004	0.01194	0.00012
98	704	G	0.00018	0.00000	0.99981	0.00001
98	705	C	0.00001	0.99992	0.00000	0.00007
98	706	G	0.00000	0.00000	1.00000	0.00000
98	707	G	0.00000	0.00000	1.00000	0.00000
98	708	A	0.99994	0.00000	0.00004	0.00001
98	709	A	1.00000	0.00000	0.00000	0.00000
98	710	C	0.00000	1.00000	0.00000	0.00000
98	711	C	0.00000	0.99999	0.00000	0.00001
98	712	G	0.00000	0.00000	1.00000	0.00000
98	713	A	1.00000	0.00000	0.00000	0.00000
98	714	C	0.00000	1.00000	0.00000	0.00000
98	715	T	0.00000	0.00000	0.00000	1.00000
98	716	A	1.00000	0.00000	0.00000	0.00000
98	717	C	0.00000	1.00000	0.00000	0.00000
98	718	T	0.00000	0.00000	0.00000	1.00000
98	719	T	0.00000	0.00000	0.00000	1.00000
98	720	T	0.00000	0.00000	0.00000	1.00000
98	721	G	0.00000	0.00000	0.99999	0.00000
98	722	G	0.00000	0.00000	1.00000	0.00000
98	723	G	0.00001	0.00000	0.99999	0.00000
98	724	T	0.00000	0.00001	0.00000	0.99999
98	725	G	0.00001	0.00000	0.99999	0.00000
98	726	G	0.13873	0.23044	0.50737	0.12346
98	727	T	0.00000	0.00001	0.00000	0.99999
98	728	C	0.00000	1.00000	0.00000	0.00000
98	729	C	0.00000	1.00000	0.00000	0.00000
98	730	G	0.00000	0.00000	1.00000	0.00000
98	731	T	0.00000	0.00000	0.00000	1.00000
98	732	G	0.00000	0.00000	1.00000	0.00000
98	733	T	0.00000	0.00000	0.00000	1.00000
98	734	T	0.00000	0.00000	0.00000	1.00000
98	735	T	0.00000	0.00000	0.00000	1.00000
98	736	C	0.00000	1.00000	0.00000	0.00000
98	737	C	0.00002	0.99987	0.00000	0.00011
98	738	T	0.00000	0.00001	0.00000	0.99999
98	739	T	0.00034	0.00059	0.00010	0.99898
98	740	T	0.00000	0.00000	0.00000	0.99999
98	741	T	0.00004	0.00014	0.00000	0.99981
98	742	A	0.99828	0.00006	0.00009	0.00158
98	743	T	0.00000	0.00002	0.00000	0.99998
98	744	T	0.00001	0.00002	0.00000	0.99997
98	745	C	0.00007	0.99885	0.00001	0.00107
98	746	Y	0.00074	0.49914	0.00009	0.50003
98	747	T	0.00001	0.00003	0.00000	0.99997
98	748	A	0.99864	0.00016	0.00041	0.00079
98	749	T	0.00011	0.00045	0.00001	0.99943
98	750	A	0.99867	0.00013	0.00056	0.00064
98	751	C	0.00034	0.99445	0.00003	0.00518
98	752	G	0.14591	0.08736	0.66900	0.09773
98	753	A	0.58768	0.12029	0.14721	0.14482
98	754	T	0.00001	0.00002	0.00000	0.99997
98	755	G	0.00005	0.00000	0.99994	0.00000
98	756	G	0.00013	0.00000	0.99985	0.00001
98	757	C	0.00006	0.99925	0.00001	0.00068
98	758	T	0.00005	0.00015	0.00000	0.99979
98	759	G	0.00034	0.00001	0.99963	0.00002
98	760	C	0.00000	0.99998	0.00000	0.00002
98	761	T	0.00000	0.00000	0.00000	1.00000
98	762	T	0.00000	0.00000	0.00000	1.00000
98	763	A	1.00000	0.00000	0.00000	0.00000
98	764	T	0.00000	0.00000	0.00000	1.00000
98	765	G	0.00000	0.00000	1.00000	0.00000
98	766	G	0.00000	0.00000	1.00000	0.00000
98	767	T	0.00000	0.00000	0.00000	1.00000
98	768	G	0.00001	0.00000	0.99999	0.00000
98	769	A	1.00000	0.00000	0.00000	0.00000
98	770	C	0.00000	1.00000	0.00000	0.00000
98	771	A	1.00000	0.00000	0.00000	0.00000
98	772	A	1.00000	0.00000	0.00000	0.00000
98	773	T	0.00000	0.00001	0.00000	0.99998
98	774	T	0.00009	0.00102	0.00001	0.99888
98	775	G	0.18944	0.12643	0.54476	0.13937
98	776	T	0.15770	0.22538	0.11364	0.50328
98	777	T	0.09853	0.14823	0.06046	0.69279
98	778	G	0.12516	0.06833	0.72915	0.07736
98	779	A	0.47889	0.15603	0.18183	0.18324
98	780	G	0.19530	0.13514	0.52112	0.14844
98	781	A	0.68427	0.08812	0.11569	0.11192
98	782	T	0.15770	0.22538	0.11364	0.50328
98	783	T	0.09853	0.14823	0.06046	0.69279
98	784	T	0.16064	0.22414	0.11606	0.49916
98	785	G	0.19530	0.13514	0.52112	0.14844
98	786	T	0.15965	0.22936	0.11618	0.49481
98	787	G	0.12516	0.06833	0.72915	0.07736
98	788	A	0.47133	0.15969	0.18393	0.18504
98	789	H	0.22182	0.25438	0.18685	0.33695
98	790	Y	0.17918	0.33501	0.14272	0.34309
98	791	T	0.09853	0.14823	0.06046	0.69279
98	792	Y	0.20524	0.26753	0.16299	0.36425
98	793	G	0.00019	0.00001	0.99980	0.00001
98	794	A	0.99778	0.00029	0.00049	0.00145
98	795	A	0.66298	0.04936	0.27042	0.01724
98	796	A	0.99988	0.00001	0.00008	0.00003
98	797	G	0.00081	0.00004	0.99908	0.00007
98	798	A	0.96846	0.00036	0.03026	0.00093
98	799	T	0.00000	0.00000	0.00000	0.99999
98	800	T	0.00001	0.00003	0.00000	0.99996
98	801	G	0.00003	0.00000	0.99997	0.00000
98	802	T	0.00001	0.00004	0.00000	0.99994
98	803	T	0.00004	0.00015	0.00000	0.99981
98	804	A	0.99987	0.00001	0.00007	0.00004
98	805	C	0.00001	0.99976	0.00000	0.00023
98	806	C	0.00000	0.99998	0.00000	0.00002
98	807	A	0.99999	0.00000	0.00000	0.00000
98	808	T	0.00001	0.00003	0.00000	0.99996
98	809	A	1.00000	0.00000	0.00000	0.00000
98	810	T	0.00000	0.00001	0.00000	0.99999
98	811	A	1.00000	0.00000	0.00000	0.00000
98	812	G	0.00008	0.00000	0.99992	0.00000
98	813	C	0.00044	0.97672	0.00006	0.02278
98	814	T	0.00036	0.00096	0.00007	0.99861
98	815	A	0.99966	0.00004	0.00019	0.00011
98	816	C	0.27671	0.46435	0.07053	0.18842
98	817	T	0.00001	0.00004	0.00000	0.99995
98	818	T	0.00000	0.00000	0.00000	1.00000
98	819	G	0.14132	0.08250	0.68353	0.09265
98	820	A	0.60249	0.11517	0.14259	0.13975
98	821	G	0.00004	0.00000	0.99995	0.00000
98	822	G	0.00013	0.00000	0.99985	0.00001
98	823	A	0.99999	0.00000	0.00001	0.00000
98	824	T	0.00001	0.00005	0.00000	0.99994
98	825	T	0.00000	0.00000	0.00000	0.99999
98	826	G	0.00001	0.00000	0.99999	0.00000
98	827	G	0.00021	0.00001	0.99977	0.00001
98	828	C	0.00002	0.99969	0.00000	0.00028
98	829	C	0.00001	0.99992	0.00000	0.00008
98	830	A	0.99963	0.00003	0.00024	0.00009
98	831	T	0.00014	0.00043	0.00001	0.99942
98	832	C	0.00000	0.99995	0.00000	0.00005
98	833	C	0.00003	0.99961	0.00000	0.00035
98	834	G	0.00996	0.00002	0.98999	0.00003
98	835	G	0.00002	0.00000	0.99998	0.00000
98	836	T	0.00001	0.00003	0.00000	0.99996
98	837	G	0.00002	0.00000	0.99998	0.00000
98	838	T	0.01757	0.00278	0.00031	0.97934
98	839	G	0.01479	0.01383	0.96560	0.00578
98	840	T	0.00647	0.13406	0.00053	0.85894
98	841	A	0.99808	0.00019	0.00115	0.00059
98	842	A	0.99816	0.00032	0.00067	0.00084
98	843	C	0.00338	0.79908	0.00071	0.19682
98	844	A	0.99931	0.00009	0.00033	0.00028
98	845	G	0.00006	0.00000	0.99993	0.00000
98	846	A	0.99990	0.00001	0.00006	0.00003
98	847	G	0.00063	0.00004	0.99929	0.00004
98	848	C	0.00101	0.99507	0.00008	0.00384
98	849	T	0.38717	0.00819	0.00145	0.60319
98	850	A	0.99947	0.00006	0.00017	0.00030
98	851	T	0.00001	0.00003	0.00000	0.99996
98	852	T	0.00064	0.04815	0.00007	0.95114
98	853	A	0.99891	0.00003	0.00096	0.00010
98	854	T	0.04646	0.13358	0.01871	0.80126
98	855	A	0.90356	0.01891	0.02230	0.05524
98	856	A	0.79715	0.05236	0.07984	0.07066
98	857	T	0.29713	0.10550	0.05603	0.54134
98	858	A	0.65820	0.09647	0.12464	0.12070
98	859	A	0.65820	0.09647	0.12464	0.12070
98	860	A	0.65820	0.09647	0.12464	0.12070
98	861	A	0.65820	0.09647	0.12464	0.12070
98	862	C	0.08566	0.69516	0.05882	0.16036
98	863	C	0.08566	0.69516	0.05882	0.16036
98	864	A	0.65820	0.09647	0.12464	0.12070
98	865	T	0.10494	0.15701	0.06561	0.67244
98	866	T	0.10494	0.15701	0.06561	0.67244
98	867	T	0.10494	0.15701	0.06561	0.67244
98	868	C	0.08566	0.69516	0.05882	0.16036
98	869	C	0.08566	0.69516	0.05882	0.16036
98	870	T	0.10494	0.15701	0.06561	0.67244
98	871	C	0.08566	0.69516	0.05882	0.16036
98	872	G	0.12353	0.06565	0.73602	0.07480
98	873	Y	0.15813	0.35785	0.05783	0.42619
98	874	C	0.13421	0.49164	0.20441	0.16974
98	875	C	0.17953	0.57987	0.06065	0.17995
98	876	T	0.06408	0.34244	0.02939	0.56410
98	877	T	0.25065	0.24084	0.04672	0.46179
98	878	W	0.36797	0.15699	0.09450	0.38054
98	879	G	0.15698	0.14980	0.58116	0.11206
98	880	A	0.77265	0.04214	0.03738	0.14783
98	881	Y	0.14526	0.39180	0.08371	0.37923
98	882	Y	0.15851	0.39385	0.07105	0.37659
98	883	T	0.03817	0.07833	0.01717	0.86633
98	884	T	0.04104	0.07638	0.01844	0.86414
98	885	T	0.00100	0.00610	0.00011	0.99279
98	886	T	0.00878	0.01422	0.00068	0.97633
98	887	T	0.00056	0.00200	0.00004	0.99740
98	888	A	0.99935	0.00010	0.00031	0.00024
98	889	C	0.00448	0.92806	0.00038	0.06708
98	890	C	0.00010	0.99881	0.00001	0.00107
98	891	T	0.06222	0.00676	0.00081	0.93022
98	892	A	0.95563	0.02926	0.00230	0.01281
98	893	T	0.00005	0.00025	0.00000	0.99970
98	894	T	0.00007	0.00025	0.00001	0.99967
98	895	T	0.00222	0.00227	0.00023	0.99528
98	896	G	0.00138	0.00005	0.99847	0.00009
98	897	T	0.00107	0.00265	0.00013	0.99614
98	898	T	0.00029	0.00070	0.00002	0.99898
98	899	G	0.00058	0.00002	0.99937	0.00003
98	900	G	0.00094	0.00004	0.99896	0.00007
98	901	G	0.14173	0.00052	0.85627	0.00148
98	902	T	0.00001	0.00004	0.00000	0.99995
98	903	T	0.14442	0.02279	0.00294	0.82985
98	904	T	0.00008	0.00056	0.00001	0.99936
98	905	A	0.99918	0.00008	0.00037	0.00036
98	906	T	0.00108	0.12518	0.00012	0.87362
98	907	A	0.91360	0.00315	0.00189	0.08137
98	908	C	0.00024	0.99754	0.00002	0.00220
98	909	C	0.00018	0.99877	0.00002	0.00104
98	910	A	0.99865	0.00025	0.00047	0.00063
98	911	C	0.00138	0.80250	0.00017	0.19594
98	912	T	0.00032	0.00141	0.00002	0.99825
98	913	C	0.01797	0.92946	0.01005	0.04251
98	914	A	0.91920	0.02024	0.03113	0.02943
98	915	C	0.01797	0.92946	0.01005	0.04251
98	916	A	0.97552	0.00187	0.00598	0.01663
98	917	A	0.56796	0.00674	0.00157	0.42372
98	918	C	0.00313	0.97064	0.00415	0.02208
98	919	C	0.00011	0.99651	0.00002	0.00337
98	920	Y	0.20157	0.38653	0.00429	0.40761
98	921	A	0.51909	0.00656	0.21451	0.25984
98	922	A	0.54266	0.16842	0.24267	0.04625
98	923	A	0.99764	0.00020	0.00032	0.00184
98	924	A	0.92540	0.05642	0.00490	0.01328
98	925	A	0.92976	0.00056	0.06834	0.00134
98	926	A	0.95533	0.00124	0.00914	0.03429
98	927	C	0.00461	0.97880	0.00016	0.01642
98	928	T	0.03187	0.38209	0.01538	0.57065
98	929	C	0.00575	0.96838	0.00373	0.02214
98	930	T	0.00026	0.00132	0.00002	0.99840
98	931	C	0.00587	0.92017	0.00035	0.07361
98	932	A	0.88581	0.00063	0.11215	0.00141
98	933	A	0.99976	0.00002	0.00016	0.00006
98	934	C	0.03082	0.94268	0.00412	0.02238
98	935	A	0.99999	0.00000	0.00001	0.00000
98	936	C	0.00000	0.99997	0.00000	0.00003
98	937	A	0.99999	0.00000	0.00001	0.00000
98	938	C	0.00152	0.99503	0.00008	0.00336
98	939	T	0.00041	0.00389	0.00003	0.99567
98	940	A	0.99766	0.00046	0.00057	0.00131
98	941	C	0.00866	0.93778	0.02819	0.02537
98	942	A	0.96885	0.00145	0.00080	0.02890
98	943	T	0.12794	0.01215	0.00168	0.85823
98	944	T	0.00713	0.04655	0.00049	0.94583
98	945	T	0.10241	0.01528	0.00219	0.88013
98	946	C	0.00090	0.99627	0.00008	0.00275
98	947	A	0.99776	0.00015	0.00164	0.00044
98	948	T	0.00008	0.00023	0.00001	0.99968
98	949	C	0.00301	0.78203	0.00041	0.21455
98	950	T	0.21628	0.31722	0.00436	0.46214
98	951	T	0.00003	0.00011	0.00000	0.99986
98	952	T	0.07183	0.00719	0.00103	0.91995
98	953	T	0.08233	0.31392	0.00290	0.60085
98	954	A	0.85215	0.01059	0.00383	0.13344
98	955	A	0.96040	0.03100	0.00238	0.00622
98	956	C	0.00449	0.83544	0.00050	0.15957
98	957	T	0.00007	0.00025	0.00001	0.99968
98	958	G	0.03652	0.00085	0.96152	0.00112
98	959	A	0.99984	0.00002	0.00009	0.00005
98	960	A	0.99881	0.00008	0.00087	0.00024
98	961	T	0.00577	0.14565	0.00056	0.84802
98	962	A	0.85392	0.01052	0.00381	0.13174
98	963	C	0.00025	0.99836	0.00003	0.00136
98	964	T	0.03922	0.00468	0.00083	0.95527
98	965	A	0.99894	0.00014	0.00041	0.00051
98	966	T	0.10970	0.16297	0.06995	0.65738
98	967	G	0.12874	0.07027	0.72125	0.07974
98	968	T	0.10970	0.16297	0.06995	0.65738
98	969	A	0.64217	0.10176	0.12989	0.12618
98	970	T	0.10970	0.16297	0.06995	0.65738
98	971	G	0.01611	0.01569	0.96491	0.00329
98	972	A	1.00000	0.00000	0.00000	0.00000
98	973	A	0.99907	0.00010	0.00038	0.00045
98	974	A	0.99984	0.00002	0.00007	0.00007
98	975	A	1.00000	0.00000	0.00000	0.00000
98	976	T	0.00000	0.00000	0.00000	1.00000
98	977	G	0.00000	0.00000	1.00000	0.00000
