Node	Site	State 	p_A	p_C	p_G	p_T
78	1	T	0.00003	0.00012	0.00000	0.99985
78	2	T	0.00003	0.00012	0.00000	0.99985
78	3	A	0.99721	0.00047	0.00125	0.00107
78	4	A	0.99993	0.00001	0.00003	0.00003
78	5	A	0.99955	0.00007	0.00021	0.00017
78	6	A	0.99993	0.00001	0.00003	0.00003
78	7	A	0.59155	0.12024	0.14937	0.13884
78	8	C	0.12024	0.60655	0.09049	0.18272
78	9	C	0.00009	0.99902	0.00002	0.00087
78	10	T	0.03556	0.00374	0.00054	0.96017
78	11	G	0.00051	0.00004	0.99940	0.00006
78	12	G	0.00505	0.01418	0.97851	0.00226
78	13	G	0.02898	0.02059	0.93798	0.01245
78	14	H	0.28851	0.35974	0.03976	0.31199
78	15	G	0.12464	0.04153	0.71305	0.12078
78	16	T	0.05107	0.33191	0.01804	0.59898
78	17	G	0.00010	0.00001	0.99989	0.00001
78	18	G	0.00008	0.00000	0.99991	0.00001
78	19	G	0.00045	0.00003	0.99948	0.00005
78	20	T	0.00030	0.00096	0.00006	0.99867
78	21	T	0.00002	0.00010	0.00000	0.99988
78	22	G	0.00008	0.00000	0.99991	0.00001
78	23	T	0.00012	0.00044	0.00001	0.99943
78	24	W	0.38105	0.08278	0.03595	0.50022
78	25	C	0.00005	0.99943	0.00001	0.00052
78	26	C	0.00001	0.99989	0.00000	0.00010
78	27	C	0.00006	0.99937	0.00001	0.00056
78	28	A	0.99860	0.00021	0.00073	0.00047
78	29	C	0.00006	0.99937	0.00001	0.00056
78	30	C	0.00049	0.95268	0.00007	0.04676
78	31	C	0.00001	0.99989	0.00000	0.00010
78	32	A	0.81229	0.00987	0.16073	0.01710
78	33	C	0.23294	0.54697	0.02640	0.19369
78	34	K	0.22386	0.14938	0.27295	0.35380
78	35	C	0.08105	0.76129	0.04505	0.11261
78	36	Y	0.05031	0.40014	0.12826	0.42129
78	37	G	0.17775	0.00105	0.81923	0.00198
78	38	C	0.00001	0.99989	0.00000	0.00010
78	39	C	0.00001	0.99989	0.00000	0.00010
78	40	C	0.00001	0.99989	0.00000	0.00010
78	41	A	0.99994	0.00001	0.00003	0.00002
78	42	T	0.00315	0.10437	0.00048	0.89200
78	43	G	0.05164	0.01471	0.89595	0.03770
78	44	Y	0.10489	0.35788	0.14338	0.39385
78	45	G	0.00006	0.00000	0.99993	0.00001
78	46	G	0.00006	0.00000	0.99993	0.00001
78	47	Y	0.00560	0.44566	0.00107	0.54767
78	48	G	0.00006	0.00000	0.99993	0.00001
78	49	G	0.09148	0.04350	0.81554	0.04948
78	50	C	0.08567	0.69242	0.05371	0.16821
78	51	T	0.00002	0.00007	0.00000	0.99991
78	52	A	0.51641	0.01582	0.24200	0.22577
78	53	G	0.00006	0.00000	0.99993	0.00001
78	54	T	0.00044	0.00183	0.00006	0.99767
78	55	A	0.94594	0.00065	0.05188	0.00153
78	56	C	0.00006	0.99932	0.00001	0.00061
78	57	T	0.00009	0.00036	0.00001	0.99954
78	58	C	0.00005	0.99947	0.00001	0.00047
78	59	T	0.00030	0.00115	0.00004	0.99851
78	60	G	0.00629	0.00136	0.97641	0.01594
78	61	G	0.01444	0.00346	0.95313	0.02897
78	62	T	0.00002	0.00007	0.00000	0.99991
78	63	A	0.99159	0.00151	0.00358	0.00331
78	64	T	0.01109	0.08950	0.00231	0.89711
78	65	T	0.01687	0.23377	0.00390	0.74546
78	66	A	0.75047	0.13758	0.03228	0.07967
78	67	C	0.00105	0.97783	0.00023	0.02089
78	68	C	0.12024	0.60655	0.09049	0.18272
78	69	G	0.00035	0.00002	0.99960	0.00003
78	70	G	0.00006	0.00000	0.99993	0.00001
78	71	T	0.00359	0.00972	0.00061	0.98608
78	72	A	0.99994	0.00001	0.00003	0.00002
78	73	C	0.03701	0.94800	0.00103	0.01395
78	74	C	0.01938	0.97450	0.00038	0.00574
78	75	T	0.00467	0.12414	0.00079	0.87041
78	76	T	0.00002	0.00007	0.00000	0.99991
78	77	T	0.00001	0.00004	0.00000	0.99995
78	78	G	0.00054	0.00004	0.99936	0.00006
78	79	T	0.00134	0.06744	0.00018	0.93104
78	80	A	0.99863	0.00019	0.00072	0.00046
78	81	C	0.00001	0.99989	0.00000	0.00010
78	82	G	0.00006	0.00000	0.99993	0.00001
78	83	C	0.00001	0.99989	0.00000	0.00010
78	84	C	0.00000	0.99994	0.00000	0.00005
78	85	A	0.97794	0.00063	0.00043	0.02100
78	86	G	0.00298	0.00027	0.99634	0.00041
78	87	T	0.00001	0.00004	0.00000	0.99995
78	88	T	0.06088	0.09429	0.03398	0.81085
78	89	T	0.00003	0.00013	0.00000	0.99983
78	90	T	0.00001	0.00004	0.00000	0.99995
78	91	T	0.01180	0.01222	0.02957	0.94640
78	92	T	0.13526	0.36043	0.01520	0.48911
78	93	C	0.00143	0.97885	0.00033	0.01939
78	94	Y	0.03286	0.45207	0.00608	0.50898
78	95	C	0.01189	0.88858	0.00303	0.09650
78	96	Y	0.21389	0.32756	0.00914	0.44941
78	97	M	0.31159	0.34097	0.13564	0.21181
78	98	M	0.31159	0.34097	0.13564	0.21181
78	99	Y	0.13029	0.39739	0.08416	0.38817
78	100	C	0.11047	0.63495	0.08074	0.17384
78	101	A	0.62016	0.11047	0.13989	0.12948
78	102	C	0.00001	0.99987	0.00000	0.00012
78	103	C	0.00001	0.99987	0.00000	0.00012
78	104	C	0.00303	0.89466	0.00060	0.10171
78	105	T	0.00014	0.00102	0.00002	0.99883
78	106	Y	0.09090	0.44402	0.05197	0.41311
78	107	A	0.89647	0.02632	0.04061	0.03660
78	108	W	0.39450	0.12761	0.08603	0.39186
78	109	W	0.39450	0.12761	0.08603	0.39186
78	110	T	0.09256	0.14448	0.05302	0.70994
78	111	M	0.36109	0.38097	0.08974	0.16820
78	112	W	0.39450	0.12761	0.08603	0.39186
78	113	M	0.36109	0.38097	0.08974	0.16820
78	114	Y	0.07938	0.45363	0.04323	0.42376
78	115	T	0.09515	0.14889	0.05517	0.70079
78	116	W	0.39450	0.12761	0.08603	0.39186
78	117	M	0.36109	0.38097	0.08974	0.16820
78	118	G	0.04792	0.01854	0.91167	0.02186
78	119	A	0.47708	0.15001	0.20256	0.17034
78	120	T	0.03529	0.05835	0.01702	0.88934
78	121	T	0.09256	0.14448	0.05302	0.70994
78	122	G	0.19612	0.10528	0.58083	0.11778
78	123	C	0.02747	0.89494	0.01568	0.06191
78	124	Y	0.13462	0.39736	0.08498	0.38304
78	125	-	0.24923	0.28755	0.23157	0.23165
78	126	C	0.08561	0.70034	0.05585	0.15821
78	127	-	0.30336	0.22648	0.18616	0.28400
78	128	M	0.36109	0.38097	0.08974	0.16820
78	129	C	0.08297	0.70854	0.05335	0.15514
78	130	T	0.03529	0.05835	0.01702	0.88934
78	131	G	0.04792	0.01854	0.91167	0.02186
78	132	W	0.33481	0.18899	0.13849	0.33771
78	133	G	0.04792	0.01854	0.91167	0.02186
78	134	R	0.39501	0.07178	0.44524	0.08796
78	135	G	0.10765	0.05453	0.77654	0.06128
78	136	G	0.10765	0.05453	0.77654	0.06128
78	137	A	0.74228	0.07105	0.09718	0.08949
78	138	G	0.10765	0.05453	0.77654	0.06128
78	139	T	0.08709	0.12620	0.05124	0.73548
78	140	A	0.74228	0.07105	0.09718	0.08949
78	141	G	0.19532	0.12516	0.54484	0.13467
78	142	T	0.16632	0.21657	0.11709	0.50002
78	143	C	0.07254	0.74846	0.04809	0.13091
78	144	C	0.07254	0.74846	0.04809	0.13091
78	145	G	0.10765	0.05453	0.77654	0.06128
78	146	A	0.74228	0.07105	0.09718	0.08949
78	147	C	0.07254	0.74846	0.04809	0.13091
78	148	T	0.08709	0.12620	0.05124	0.73548
78	149	C	0.14681	0.51992	0.10973	0.22355
78	150	C	0.07254	0.74846	0.04809	0.13091
78	151	G	0.10765	0.05453	0.77654	0.06128
78	152	C	0.07254	0.74846	0.04809	0.13091
78	153	T	0.16555	0.21680	0.11621	0.50143
78	154	C	0.07254	0.74846	0.04809	0.13091
78	155	C	0.07254	0.74846	0.04809	0.13091
78	156	R	0.34839	0.20270	0.23490	0.21401
78	157	G	0.24394	0.17954	0.39087	0.18564
78	158	Y	0.18916	0.33239	0.14652	0.33193
78	159	A	0.74228	0.07105	0.09718	0.08949
78	160	C	0.15178	0.51048	0.11435	0.22339
78	161	T	0.18874	0.22909	0.16064	0.42153
78	162	G	0.19558	0.12408	0.54599	0.13435
78	163	C	0.15443	0.50063	0.11902	0.22592
78	164	T	0.17188	0.22353	0.12439	0.48020
78	165	G	0.19695	0.12572	0.54165	0.13567
78	166	C	0.15177	0.50952	0.11432	0.22438
78	167	H	0.26234	0.32718	0.18006	0.23043
78	168	C	0.07254	0.74846	0.04809	0.13091
78	169	C	0.15177	0.50952	0.11432	0.22438
78	170	A	0.50654	0.14462	0.18260	0.16624
78	171	G	0.19558	0.12408	0.54599	0.13435
78	172	T	0.16555	0.21680	0.11621	0.50143
78	173	G	0.19218	0.11873	0.56021	0.12889
78	174	A	0.49827	0.14991	0.18159	0.17023
78	175	A	0.49547	0.15016	0.18343	0.17094
78	176	C	0.07254	0.74846	0.04809	0.13091
78	177	T	0.17188	0.22353	0.12439	0.48020
78	178	G	0.10765	0.05453	0.77654	0.06128
78	179	G	0.19558	0.12408	0.54599	0.13435
78	180	T	0.08709	0.12620	0.05124	0.73548
78	181	A	0.49547	0.15016	0.18343	0.17094
78	182	Y	0.20415	0.35418	0.16815	0.27352
78	183	-	0.20430	0.31560	0.26746	0.21264
78	184	Y	0.20185	0.36166	0.16984	0.26665
78	185	T	0.16335	0.22195	0.11500	0.49969
78	186	A	0.50285	0.14455	0.18663	0.16597
78	187	G	0.10765	0.05453	0.77654	0.06128
78	188	T	0.17188	0.22353	0.12439	0.48020
78	189	A	0.74228	0.07105	0.09718	0.08949
78	190	C	0.07254	0.74846	0.04809	0.13091
78	191	C	0.07254	0.74846	0.04809	0.13091
78	192	T	0.16174	0.21722	0.11299	0.50805
78	193	T	0.08709	0.12620	0.05124	0.73548
78	194	T	0.08709	0.12620	0.05124	0.73548
78	195	Y	0.21217	0.26487	0.17137	0.35160
78	196	Y	0.18916	0.33239	0.14652	0.33193
78	197	A	0.74228	0.07105	0.09718	0.08949
78	198	C	0.07254	0.74846	0.04809	0.13091
78	199	G	0.10765	0.05453	0.77654	0.06128
78	200	G	0.10765	0.05453	0.77654	0.06128
78	201	A	0.74228	0.07105	0.09718	0.08949
78	202	G	0.19558	0.12408	0.54599	0.13435
78	203	T	0.03544	0.05865	0.01711	0.88880
78	204	H	0.26611	0.30928	0.17574	0.24887
78	205	-	0.20815	0.27486	0.31401	0.20299
78	206	H	0.25813	0.25094	0.15968	0.33125
78	207	T	0.16551	0.24240	0.10978	0.48230
78	208	R	0.33170	0.12330	0.40348	0.14152
78	209	R	0.38678	0.07179	0.45364	0.08779
78	210	H	0.30616	0.22967	0.17684	0.28733
78	211	A	0.71498	0.07749	0.11030	0.09722
78	212	T	0.06287	0.15336	0.02565	0.75812
78	213	C	0.03578	0.82192	0.01454	0.12775
78	214	C	0.00071	0.99566	0.00023	0.00340
78	215	C	0.00044	0.99718	0.00014	0.00224
78	216	C	0.00794	0.95769	0.00298	0.03139
78	217	C	0.11291	0.63956	0.05849	0.18905
78	218	A	0.87314	0.03353	0.03233	0.06100
78	219	C	0.02152	0.69840	0.00446	0.27562
78	220	C	0.16174	0.64346	0.01891	0.17589
78	221	C	0.24384	0.42986	0.02939	0.29691
78	222	T	0.03123	0.34994	0.00654	0.61229
78	223	G	0.00006	0.00000	0.99993	0.00001
78	224	T	0.02846	0.06541	0.00507	0.90106
78	225	A	0.99994	0.00001	0.00003	0.00002
78	226	A	0.99994	0.00001	0.00003	0.00002
78	227	C	0.00017	0.99825	0.00003	0.00155
78	228	A	0.58317	0.08352	0.19351	0.13980
78	229	T	0.00021	0.00081	0.00003	0.99895
78	230	A	0.79018	0.05618	0.08013	0.07351
78	231	T	0.07351	0.10990	0.04016	0.77643
78	232	C	0.05618	0.79932	0.03459	0.10990
78	233	T	0.00000	0.00002	0.00000	0.99997
78	234	A	0.99999	0.00000	0.00001	0.00001
78	235	G	0.00015	0.00001	0.99983	0.00001
78	236	A	0.99999	0.00000	0.00001	0.00001
78	237	A	0.99969	0.00004	0.00015	0.00012
78	238	G	0.00008	0.00000	0.99991	0.00001
78	239	T	0.22072	0.14478	0.02408	0.61042
78	240	T	0.06261	0.09655	0.03489	0.80595
78	241	A	0.64304	0.09960	0.10975	0.14762
78	242	A	0.89474	0.02703	0.04110	0.03713
78	243	T	0.03677	0.05937	0.01833	0.88554
78	244	A	0.87013	0.03302	0.05049	0.04635
78	245	A	0.63363	0.06889	0.04179	0.25570
78	246	T	0.00134	0.00477	0.00022	0.99366
78	247	G	0.02587	0.00249	0.96780	0.00384
78	248	T	0.11475	0.10815	0.02220	0.75490
78	249	A	0.92281	0.00131	0.07300	0.00289
78	250	C	0.00001	0.99988	0.00000	0.00011
78	251	A	0.99940	0.00009	0.00029	0.00022
78	252	Y	0.07719	0.38672	0.02877	0.50732
78	253	A	0.73093	0.08023	0.09519	0.09365
78	254	A	0.87646	0.02816	0.02481	0.07058
78	255	A	0.79925	0.03160	0.02239	0.14676
78	256	C	0.11437	0.79415	0.01050	0.08098
78	257	A	0.61079	0.11365	0.14301	0.13254
78	258	T	0.13938	0.24821	0.17696	0.43544
78	259	G	0.00006	0.00000	0.99993	0.00001
78	260	A	0.88954	0.03262	0.02370	0.05415
78	261	C	0.00854	0.90151	0.00116	0.08879
78	262	C	0.00002	0.99981	0.00000	0.00018
78	263	A	0.99985	0.00002	0.00007	0.00006
78	264	A	0.96605	0.00727	0.01317	0.01351
78	265	T	0.00022	0.00083	0.00003	0.99893
78	266	A	0.99997	0.00000	0.00001	0.00001
78	267	G	0.00003	0.00000	0.99997	0.00000
78	268	C	0.10937	0.61870	0.07013	0.20181
78	269	A	0.57199	0.05202	0.30753	0.06845
78	270	G	0.29133	0.08960	0.51322	0.10585
78	271	G	0.04595	0.01754	0.91574	0.02078
78	272	C	0.06097	0.77806	0.03670	0.12426
78	273	G	0.15495	0.06914	0.69605	0.07987
78	274	G	0.13470	0.06068	0.71627	0.08835
78	275	G	0.11781	0.04589	0.68855	0.14775
78	276	G	0.01033	0.00237	0.96550	0.02180
78	277	A	0.43102	0.16561	0.29682	0.10655
78	278	G	0.11310	0.09964	0.73296	0.05430
78	279	Y	0.22851	0.32904	0.02001	0.42245
78	280	A	0.61258	0.04118	0.28803	0.05822
78	281	D	0.33304	0.08279	0.32711	0.25707
78	282	C	0.00292	0.97759	0.00068	0.01881
78	283	A	0.99997	0.00000	0.00002	0.00001
78	284	T	0.28138	0.09638	0.02733	0.59491
78	285	C	0.00001	0.99993	0.00000	0.00006
78	286	C	0.00001	0.99993	0.00000	0.00006
78	287	A	0.96558	0.02703	0.00170	0.00569
78	288	G	0.11906	0.00262	0.87381	0.00452
78	289	T	0.23814	0.19337	0.02813	0.54035
78	290	C	0.16276	0.42547	0.25483	0.15694
78	291	Y	0.13988	0.34138	0.13483	0.38391
78	292	C	0.11316	0.42658	0.16353	0.29673
78	293	A	0.44540	0.04731	0.28579	0.22150
78	294	C	0.00548	0.86300	0.00117	0.13035
78	295	W	0.34063	0.23682	0.03011	0.39244
78	296	G	0.31684	0.05284	0.55103	0.07928
78	297	A	0.98869	0.00208	0.00478	0.00445
78	298	C	0.21158	0.46519	0.02504	0.29819
78	299	G	0.00003	0.00000	0.99997	0.00000
78	300	G	0.07069	0.00311	0.91937	0.00683
78	301	T	0.06503	0.06604	0.02120	0.84772
78	302	C	0.00002	0.99972	0.00000	0.00026
78	303	A	0.99997	0.00000	0.00001	0.00001
78	304	A	0.99952	0.00007	0.00023	0.00018
78	305	G	0.00016	0.00001	0.99981	0.00002
78	306	C	0.00125	0.92387	0.00020	0.07468
78	307	A	0.99987	0.00002	0.00006	0.00005
78	308	C	0.00002	0.99981	0.00000	0.00018
78	309	T	0.00004	0.00016	0.00000	0.99979
78	310	T	0.00001	0.00004	0.00000	0.99995
78	311	C	0.00000	0.99995	0.00000	0.00005
78	312	T	0.00001	0.00004	0.00000	0.99995
78	313	G	0.00012	0.00001	0.99986	0.00001
78	314	T	0.00006	0.00023	0.00001	0.99970
78	315	C	0.09850	0.66998	0.06935	0.16216
78	316	T	0.00035	0.00134	0.00004	0.99826
78	317	T	0.00039	0.00148	0.00005	0.99808
78	318	C	0.00001	0.99989	0.00000	0.00010
78	319	C	0.00001	0.99989	0.00000	0.00010
78	320	C	0.00001	0.99989	0.00000	0.00010
78	321	C	0.00006	0.99937	0.00001	0.00056
78	322	G	0.00006	0.00000	0.99993	0.00001
78	323	G	0.00006	0.00000	0.99993	0.00001
78	324	T	0.10285	0.04878	0.00936	0.83901
78	325	C	0.05947	0.74054	0.13067	0.06933
78	326	T	0.24476	0.19139	0.02884	0.53500
78	327	G	0.09572	0.00238	0.89782	0.00408
78	328	W	0.47596	0.03262	0.01574	0.47568
78	329	G	0.00274	0.00044	0.99622	0.00060
78	330	A	0.52537	0.05200	0.31634	0.10628
78	331	G	0.18297	0.03865	0.72458	0.05379
78	332	A	0.58038	0.03627	0.31035	0.07300
78	333	T	0.25232	0.19566	0.02773	0.52428
78	334	G	0.26597	0.03500	0.65032	0.04871
78	335	T	0.24413	0.16407	0.09963	0.49217
78	336	G	0.21113	0.14428	0.46164	0.18295
78	337	G	0.15287	0.10388	0.62497	0.11828
78	338	A	0.48309	0.15008	0.20631	0.16053
78	339	A	0.84069	0.02165	0.10478	0.03288
78	340	T	0.00028	0.00104	0.00004	0.99864
78	341	A	0.99987	0.00002	0.00006	0.00005
78	342	G	0.06006	0.02113	0.84624	0.07257
78	343	G	0.16801	0.00401	0.82110	0.00689
78	344	C	0.00002	0.99977	0.00000	0.00021
78	345	T	0.00023	0.00085	0.00003	0.99889
78	346	K	0.05838	0.03370	0.47082	0.43710
78	347	T	0.01630	0.33139	0.00364	0.64868
78	348	A	0.55723	0.07022	0.05501	0.31754
78	349	C	0.00054	0.99537	0.00013	0.00396
78	350	C	0.10803	0.50083	0.01807	0.37307
78	351	C	0.00019	0.99838	0.00004	0.00139
78	352	A	0.97220	0.00332	0.01813	0.00635
78	353	A	0.48236	0.18354	0.28233	0.05176
78	354	G	0.00094	0.00008	0.99884	0.00013
78	355	G	0.00012	0.00001	0.99986	0.00001
78	356	C	0.00757	0.75851	0.00164	0.23228
78	357	T	0.19519	0.08136	0.02261	0.70083
78	358	G	0.08996	0.00157	0.90569	0.00277
78	359	A	0.99987	0.00002	0.00006	0.00005
78	360	A	0.99929	0.00011	0.00034	0.00026
78	361	A	0.59828	0.01043	0.37315	0.01814
78	362	C	0.04079	0.81817	0.06163	0.07941
78	363	C	0.05364	0.77206	0.01456	0.15973
78	364	A	0.51148	0.05675	0.20837	0.22341
78	365	A	0.80955	0.05099	0.07267	0.06679
78	366	T	0.11993	0.07655	0.01303	0.79049
78	367	A	0.95785	0.00952	0.01100	0.02163
78	368	A	0.55660	0.05745	0.31139	0.07456
78	369	R	0.40321	0.10197	0.39834	0.09648
78	370	G	0.10222	0.09315	0.75118	0.05345
78	371	A	0.97880	0.00469	0.00607	0.01043
78	372	T	0.00568	0.13104	0.00100	0.86228
78	373	C	0.00001	0.99989	0.00000	0.00010
78	374	G	0.00006	0.00000	0.99993	0.00001
78	375	T	0.00002	0.00007	0.00000	0.99991
78	376	T	0.00009	0.00035	0.00001	0.99954
78	377	A	0.99994	0.00001	0.00003	0.00002
78	378	T	0.03258	0.20957	0.00686	0.75098
78	379	C	0.00001	0.99989	0.00000	0.00010
78	380	C	0.00001	0.99989	0.00000	0.00010
78	381	G	0.00572	0.01536	0.97643	0.00249
78	382	C	0.00183	0.98713	0.00063	0.01041
78	383	Y	0.21374	0.34003	0.00688	0.43936
78	384	C	0.18133	0.57484	0.01838	0.22546
78	385	A	0.70142	0.15904	0.03841	0.10112
78	386	V	0.23072	0.31946	0.30864	0.14117
78	387	-	0.26076	0.25333	0.23233	0.25359
78	388	T	0.01187	0.16561	0.00259	0.81993
78	389	G	0.01556	0.00351	0.95143	0.02950
78	390	C	0.01561	0.98073	0.00022	0.00344
78	391	C	0.00000	0.99995	0.00000	0.00005
78	392	T	0.00004	0.00016	0.00000	0.99979
78	393	A	0.99140	0.00157	0.00241	0.00462
78	394	C	0.00002	0.99972	0.00000	0.00026
78	395	G	0.05327	0.00049	0.94531	0.00093
78	396	C	0.06111	0.89769	0.00362	0.03759
78	397	A	0.80504	0.00957	0.16798	0.01742
78	398	A	0.97519	0.00016	0.02427	0.00039
78	399	A	0.99982	0.00003	0.00009	0.00007
78	400	G	0.18407	0.00761	0.79536	0.01296
78	401	C	0.00021	0.99816	0.00013	0.00150
78	402	C	0.00005	0.99901	0.00001	0.00094
78	403	T	0.00101	0.06113	0.00013	0.93773
78	404	A	0.99997	0.00000	0.00001	0.00001
78	405	G	0.00122	0.00010	0.99852	0.00016
78	406	T	0.00002	0.00007	0.00000	0.99991
78	407	A	0.99994	0.00001	0.00003	0.00002
78	408	V	0.25611	0.33229	0.26576	0.14585
78	409	C	0.00005	0.99945	0.00001	0.00049
78	410	A	0.95292	0.00792	0.00980	0.02936
78	411	T	0.03163	0.12966	0.00518	0.83353
78	412	T	0.01785	0.15795	0.00370	0.82049
78	413	T	0.04715	0.12149	0.00853	0.82283
78	414	T	0.00141	0.00504	0.00024	0.99331
78	415	G	0.11814	0.03992	0.72774	0.11421
78	416	G	0.12038	0.00344	0.87021	0.00597
78	417	A	0.99968	0.00004	0.00015	0.00012
78	418	T	0.16888	0.12412	0.18668	0.52033
78	419	M	0.37817	0.30944	0.07236	0.24003
78	420	T	0.03953	0.12714	0.01119	0.82213
78	421	W	0.42128	0.11152	0.06267	0.40453
78	422	A	0.81059	0.03251	0.08700	0.06990
78	423	C	0.02213	0.69325	0.00532	0.27930
78	424	T	0.12491	0.11468	0.03670	0.72370
78	425	G	0.19878	0.04546	0.62121	0.13456
78	426	G	0.06349	0.00559	0.92171	0.00921
78	427	G	0.00100	0.00007	0.99881	0.00012
78	428	T	0.01289	0.02776	0.00425	0.95510
78	429	T	0.07527	0.08020	0.03895	0.80558
78	430	G	0.10545	0.03248	0.81698	0.04510
78	431	G	0.00002	0.00000	0.99998	0.00000
78	432	T	0.00019	0.02271	0.00002	0.97707
78	433	Y	0.00329	0.49557	0.00078	0.50036
78	434	G	0.05856	0.01321	0.90925	0.01898
78	435	C	0.00001	0.99989	0.00000	0.00010
78	436	G	0.00662	0.00144	0.97416	0.01778
78	437	C	0.00023	0.99781	0.00005	0.00192
78	438	T	0.00055	0.04317	0.00007	0.95621
78	439	C	0.00001	0.99989	0.00000	0.00010
78	440	A	0.91803	0.00627	0.00453	0.07117
78	441	G	0.00099	0.00008	0.99882	0.00012
78	442	C	0.00006	0.99932	0.00001	0.00061
78	443	A	0.53285	0.40485	0.00720	0.05511
78	444	A	0.64672	0.13025	0.16067	0.06237
78	445	C	0.05643	0.56276	0.04124	0.33956
78	446	T	0.10939	0.17178	0.03315	0.68569
78	447	A	0.78017	0.06463	0.05628	0.09893
78	448	A	0.91718	0.02631	0.02409	0.03242
78	449	C	0.00075	0.99334	0.00016	0.00575
78	450	C	0.00024	0.99730	0.00006	0.00241
78	451	C	0.00005	0.99945	0.00001	0.00049
78	452	R	0.43637	0.10143	0.36895	0.09325
78	453	S	0.18707	0.25859	0.38277	0.17157
78	454	A	0.59658	0.07556	0.23307	0.09478
78	455	-	0.23033	0.31280	0.24758	0.20929
78	456	G	0.27139	0.07444	0.55291	0.10126
78	457	T	0.03235	0.31936	0.02250	0.62579
78	458	G	0.10111	0.00302	0.88969	0.00618
78	459	G	0.00140	0.00012	0.99831	0.00017
78	460	T	0.00035	0.00243	0.00004	0.99717
78	461	A	0.99968	0.00004	0.00015	0.00012
78	462	G	0.00032	0.00002	0.99963	0.00003
78	463	A	0.48830	0.08685	0.33306	0.09179
78	464	C	0.00039	0.95690	0.00006	0.04265
78	465	C	0.00119	0.98931	0.00029	0.00921
78	466	T	0.06050	0.10242	0.01227	0.82481
78	467	G	0.00012	0.00001	0.99986	0.00001
78	468	G	0.00094	0.00007	0.99889	0.00011
78	469	C	0.01646	0.82379	0.00434	0.15542
78	470	A	0.74055	0.11181	0.03826	0.10938
78	471	G	0.00012	0.00001	0.99986	0.00001
78	472	A	0.99987	0.00002	0.00006	0.00005
78	473	T	0.00001	0.00004	0.00000	0.99995
78	474	G	0.00012	0.00001	0.99986	0.00001
78	475	A	0.99837	0.00013	0.00116	0.00033
78	476	G	0.00017	0.00001	0.99980	0.00002
78	477	G	0.00118	0.00018	0.99831	0.00033
78	478	C	0.00001	0.99989	0.00000	0.00010
78	479	T	0.00237	0.00613	0.00038	0.99112
78	480	G	0.07189	0.03791	0.86101	0.02918
78	481	G	0.00106	0.00009	0.99872	0.00013
78	482	G	0.17269	0.00895	0.80387	0.01449
78	483	C	0.00294	0.98101	0.00074	0.01531
78	484	A	0.73799	0.01373	0.22305	0.02523
78	485	T	0.02402	0.29768	0.00533	0.67297
78	486	H	0.31989	0.27556	0.18336	0.22118
78	487	T	0.10507	0.03076	0.00585	0.85832
78	488	C	0.00002	0.99981	0.00000	0.00018
78	489	C	0.00000	0.99995	0.00000	0.00005
78	490	C	0.00022	0.99768	0.00005	0.00205
78	491	C	0.00000	0.99995	0.00000	0.00005
78	492	A	0.99982	0.00003	0.00009	0.00007
78	493	C	0.00029	0.99724	0.00007	0.00240
78	494	T	0.10060	0.11063	0.05698	0.73179
78	495	G	0.00003	0.00000	0.99997	0.00000
78	496	G	0.00003	0.00000	0.99997	0.00000
78	497	C	0.00103	0.98943	0.00025	0.00929
78	498	G	0.00014	0.00001	0.99984	0.00001
78	499	A	0.99994	0.00001	0.00003	0.00002
78	500	C	0.00001	0.99989	0.00000	0.00010
78	501	A	0.79625	0.07478	0.04100	0.08796
78	502	G	0.00350	0.00034	0.99564	0.00052
78	503	T	0.00187	0.00615	0.00035	0.99163
78	504	G	0.00006	0.00000	0.99993	0.00001
78	505	T	0.09659	0.14655	0.05588	0.70099
78	506	G	0.01010	0.00119	0.98691	0.00180
78	507	C	0.01781	0.75785	0.00440	0.21994
78	508	C	0.00020	0.99799	0.00004	0.00176
78	509	C	0.02411	0.83197	0.00895	0.13497
78	510	A	0.90856	0.01746	0.01760	0.05638
78	511	G	0.00006	0.00000	0.99993	0.00001
78	512	C	0.00033	0.99778	0.00030	0.00159
78	513	C	0.00005	0.99944	0.00001	0.00051
78	514	T	0.00037	0.00299	0.00005	0.99659
78	515	G	0.00006	0.00000	0.99993	0.00001
78	516	C	0.00001	0.99989	0.00000	0.00010
78	517	G	0.00006	0.00000	0.99993	0.00001
78	518	T	0.06045	0.11079	0.02932	0.79944
78	519	T	0.00014	0.00053	0.00002	0.99932
78	520	G	0.00092	0.00007	0.99889	0.00011
78	521	G	0.00006	0.00000	0.99993	0.00001
78	522	C	0.00001	0.99989	0.00000	0.00010
78	523	T	0.04648	0.04323	0.07311	0.83718
78	524	G	0.00105	0.00009	0.99873	0.00013
78	525	C	0.00015	0.99832	0.00003	0.00150
78	526	C	0.00001	0.99989	0.00000	0.00010
78	527	T	0.03789	0.06183	0.01644	0.88384
78	528	G	0.02256	0.00622	0.96342	0.00780
78	529	C	0.01427	0.93868	0.00678	0.04027
78	530	T	0.06212	0.29383	0.02652	0.61753
78	531	C	0.01427	0.93868	0.00678	0.04027
78	532	A	0.68934	0.01658	0.26768	0.02640
78	533	C	0.00198	0.98802	0.00063	0.00937
78	534	C	0.06931	0.79283	0.02834	0.10952
78	535	C	0.00046	0.99636	0.00013	0.00305
78	536	C	0.02141	0.72747	0.00612	0.24499
78	537	T	0.03431	0.22691	0.00871	0.73007
78	538	C	0.02985	0.87916	0.00580	0.08519
78	539	T	0.02650	0.05611	0.01079	0.90660
78	540	T	0.12085	0.12067	0.09130	0.66718
78	541	K	0.14202	0.09621	0.43987	0.32190
78	542	G	0.00037	0.00002	0.99957	0.00004
78	543	G	0.09734	0.00232	0.89634	0.00400
78	544	G	0.09210	0.02744	0.84204	0.03842
78	545	G	0.10551	0.04716	0.78854	0.05879
78	546	A	0.50367	0.24259	0.10140	0.15235
78	547	A	0.60389	0.09671	0.17745	0.12196
78	548	V	0.33585	0.22664	0.23206	0.20544
78	549	C	0.13302	0.53633	0.08603	0.24462
78	550	C	0.06993	0.74405	0.04173	0.14429
78	551	C	0.08096	0.70701	0.04908	0.16294
78	552	H	0.31028	0.25384	0.17761	0.25826
78	553	T	0.00822	0.01841	0.00202	0.97135
78	554	G	0.17946	0.03909	0.72670	0.05475
78	555	G	0.14151	0.00610	0.84258	0.00982
78	556	G	0.00125	0.00011	0.99848	0.00016
78	557	A	0.99877	0.00019	0.00058	0.00046
78	558	A	0.94951	0.03863	0.00275	0.00910
78	559	G	0.00006	0.00000	0.99993	0.00001
78	560	C	0.00015	0.99835	0.00003	0.00148
78	561	C	0.00064	0.98731	0.00013	0.01192
78	562	T	0.18916	0.24525	0.01457	0.55103
78	563	T	0.26439	0.07376	0.02023	0.64162
78	564	A	0.47267	0.12659	0.05679	0.34395
78	565	T	0.03735	0.05447	0.00585	0.90233
78	566	T	0.10615	0.03089	0.00752	0.85543
78	567	A	0.95780	0.00612	0.02442	0.01166
78	568	T	0.24191	0.10998	0.22411	0.42401
78	569	T	0.09655	0.11165	0.08767	0.70413
78	570	G	0.00577	0.00058	0.99278	0.00087
78	571	A	0.99994	0.00001	0.00003	0.00002
78	572	C	0.00005	0.99943	0.00001	0.00052
78	573	A	0.99738	0.00042	0.00122	0.00098
78	574	A	0.79775	0.04544	0.05137	0.10544
78	575	G	0.00235	0.00021	0.99712	0.00032
78	576	G	0.00200	0.00017	0.99756	0.00027
78	577	T	0.00018	0.00071	0.00002	0.99908
78	578	G	0.00006	0.00000	0.99993	0.00001
78	579	T	0.01246	0.04876	0.00297	0.93582
78	580	G	0.00078	0.00006	0.99907	0.00009
78	581	A	0.74228	0.07105	0.09718	0.08949
78	582	-	0.21688	0.29033	0.26014	0.23265
78	583	T	0.16404	0.22147	0.11574	0.49875
78	584	A	0.50654	0.14462	0.18260	0.16624
78	585	G	0.10765	0.05453	0.77654	0.06128
78	586	C	0.15279	0.50883	0.11482	0.22356
78	587	C	0.15443	0.50063	0.11902	0.22592
78	588	A	0.99992	0.00001	0.00004	0.00003
78	589	A	0.99999	0.00000	0.00001	0.00001
78	590	G	0.00011	0.00001	0.99987	0.00001
78	591	A	0.99902	0.00013	0.00050	0.00035
78	592	G	0.00057	0.00011	0.99923	0.00009
78	593	C	0.01683	0.66250	0.00422	0.31645
78	594	C	0.00001	0.99988	0.00000	0.00011
78	595	T	0.00943	0.00853	0.02954	0.95250
78	596	C	0.03556	0.95034	0.00094	0.01316
78	597	G	0.02518	0.00643	0.93120	0.03718
78	598	T	0.00002	0.00009	0.00000	0.99989
78	599	G	0.00007	0.00000	0.99992	0.00001
78	600	T	0.00514	0.00712	0.00059	0.98716
78	601	G	0.00003	0.00000	0.99996	0.00000
78	602	C	0.00000	0.99994	0.00000	0.00005
78	603	T	0.00002	0.00007	0.00000	0.99991
78	604	C	0.13432	0.53652	0.08299	0.24617
78	605	C	0.05618	0.79932	0.03459	0.10990
78	606	A	0.91276	0.05793	0.01165	0.01766
78	607	A	0.40875	0.21064	0.25373	0.12688
78	608	G	0.09894	0.04083	0.78482	0.07541
78	609	T	0.01396	0.03927	0.00279	0.94397
78	610	G	0.10926	0.00319	0.88215	0.00540
78	611	G	0.05028	0.01524	0.87273	0.06174
78	612	G	0.33364	0.02778	0.53103	0.10755
78	613	A	0.89363	0.06722	0.00487	0.03429
78	614	T	0.08518	0.08379	0.09353	0.73750
78	615	T	0.00053	0.03916	0.00006	0.96024
78	616	C	0.00001	0.99989	0.00000	0.00010
78	617	C	0.00046	0.95704	0.00007	0.04242
78	618	T	0.00002	0.00007	0.00000	0.99991
78	619	C	0.00001	0.99989	0.00000	0.00010
78	620	C	0.00001	0.99989	0.00000	0.00010
78	621	G	0.00006	0.00000	0.99993	0.00001
78	622	G	0.00006	0.00000	0.99993	0.00001
78	623	C	0.00066	0.99434	0.00016	0.00483
78	624	C	0.00007	0.99923	0.00001	0.00068
78	625	Y	0.08515	0.39199	0.04689	0.47596
78	626	C	0.00001	0.99989	0.00000	0.00010
78	627	C	0.00007	0.99923	0.00001	0.00068
78	628	T	0.00001	0.00004	0.00000	0.99995
78	629	G	0.00012	0.00001	0.99986	0.00001
78	630	A	0.99997	0.00000	0.00001	0.00001
78	631	A	0.99997	0.00000	0.00001	0.00001
78	632	T	0.00001	0.00004	0.00000	0.99995
78	633	G	0.00012	0.00001	0.99986	0.00001
78	634	T	0.00093	0.06125	0.00012	0.93770
78	635	G	0.00016	0.00001	0.99982	0.00002
78	636	G	0.00012	0.00001	0.99986	0.00001
78	637	C	0.00003	0.99967	0.00001	0.00029
78	638	T	0.00005	0.00018	0.00000	0.99977
78	639	A	0.99983	0.00002	0.00008	0.00006
78	640	A	0.99986	0.00002	0.00007	0.00005
78	641	C	0.00245	0.63742	0.00039	0.35975
78	642	C	0.00000	0.99994	0.00000	0.00005
78	643	C	0.00196	0.84086	0.00033	0.15685
78	644	T	0.00679	0.02310	0.00148	0.96863
78	645	A	0.99997	0.00000	0.00001	0.00001
78	646	A	0.99997	0.00000	0.00001	0.00001
78	647	C	0.00003	0.99969	0.00000	0.00028
78	648	C	0.00092	0.99145	0.00022	0.00741
78	649	C	0.01457	0.90506	0.00502	0.07535
78	650	C	0.00243	0.88417	0.00043	0.11297
78	651	G	0.02569	0.00107	0.97167	0.00157
78	652	C	0.00940	0.94132	0.03034	0.01895
78	653	A	0.99994	0.00001	0.00003	0.00002
78	654	G	0.00006	0.00000	0.99993	0.00001
78	655	C	0.00001	0.99989	0.00000	0.00010
78	656	C	0.10243	0.55968	0.01145	0.32644
78	657	R	0.41347	0.12451	0.30685	0.15518
78	658	T	0.11703	0.04908	0.01191	0.82198
78	659	T	0.00107	0.00406	0.00015	0.99473
78	660	G	0.02322	0.00208	0.97145	0.00325
78	661	C	0.02019	0.90433	0.01755	0.05793
78	662	C	0.21591	0.47618	0.03042	0.27749
78	663	C	0.00130	0.99143	0.00033	0.00694
78	664	A	0.85148	0.02002	0.08829	0.04021
78	665	C	0.00123	0.91446	0.00020	0.08411
78	666	A	0.99692	0.00046	0.00158	0.00104
78	667	A	0.99994	0.00001	0.00003	0.00002
78	668	T	0.07489	0.12294	0.01196	0.79021
78	669	C	0.00001	0.99989	0.00000	0.00010
78	670	C	0.00001	0.99989	0.00000	0.00010
78	671	A	0.99966	0.00005	0.00016	0.00013
78	672	G	0.04005	0.00027	0.95915	0.00054
78	673	T	0.03434	0.13732	0.01005	0.81829
78	674	G	0.00505	0.00062	0.99341	0.00093
78	675	G	0.27805	0.05729	0.49163	0.17302
78	676	G	0.06114	0.02663	0.88199	0.03024
78	677	T	0.00704	0.03008	0.00137	0.96151
78	678	T	0.14878	0.07648	0.03467	0.74007
78	679	G	0.03435	0.01128	0.89510	0.05926
78	680	A	0.48882	0.03214	0.27179	0.20725
78	681	Y	0.16564	0.36002	0.09083	0.38351
78	682	G	0.30741	0.02443	0.58094	0.08721
78	683	G	0.00006	0.00000	0.99993	0.00001
78	684	T	0.00002	0.00007	0.00000	0.99991
78	685	C	0.00005	0.99945	0.00001	0.00049
78	686	G	0.00042	0.00003	0.99951	0.00004
78	687	T	0.00001	0.00004	0.00000	0.99995
78	688	A	0.99997	0.00000	0.00001	0.00001
78	689	A	0.99987	0.00002	0.00006	0.00005
78	690	T	0.00318	0.02701	0.00060	0.96921
78	691	G	0.00054	0.00004	0.99937	0.00006
78	692	C	0.08541	0.68052	0.15089	0.08318
78	693	G	0.00003	0.00000	0.99997	0.00000
78	694	C	0.01761	0.59721	0.00406	0.38112
78	695	A	0.99997	0.00000	0.00001	0.00001
78	696	A	0.99987	0.00002	0.00006	0.00005
78	697	G	0.08766	0.14834	0.68871	0.07530
78	698	T	0.00001	0.00004	0.00000	0.99995
78	699	G	0.01166	0.02219	0.95839	0.00776
78	700	T	0.03327	0.34452	0.01195	0.61026
78	701	G	0.00003	0.00000	0.99997	0.00000
78	702	G	0.01553	0.00218	0.97947	0.00282
78	703	G	0.00458	0.00041	0.99438	0.00062
78	704	A	0.92015	0.00729	0.05969	0.01286
78	705	T	0.00417	0.09876	0.00063	0.89644
78	706	G	0.00012	0.00001	0.99986	0.00001
78	707	G	0.00003	0.00000	0.99997	0.00000
78	708	G	0.29918	0.00120	0.69725	0.00238
78	709	A	0.99997	0.00000	0.00001	0.00001
78	710	C	0.00002	0.99981	0.00000	0.00018
78	711	C	0.00009	0.99897	0.00002	0.00092
78	712	A	0.93978	0.00071	0.05788	0.00163
78	713	A	0.99997	0.00000	0.00001	0.00001
78	714	C	0.00000	0.99995	0.00000	0.00005
78	715	T	0.00002	0.00007	0.00000	0.99991
78	716	A	0.99997	0.00000	0.00001	0.00001
78	717	C	0.00000	0.99995	0.00000	0.00005
78	718	T	0.00001	0.00004	0.00000	0.99995
78	719	T	0.00001	0.00004	0.00000	0.99995
78	720	T	0.00004	0.00016	0.00000	0.99979
78	721	G	0.00042	0.00003	0.99951	0.00004
78	722	G	0.00012	0.00001	0.99986	0.00001
78	723	G	0.00055	0.00004	0.99936	0.00006
78	724	T	0.00018	0.00067	0.00002	0.99913
78	725	G	0.00160	0.00007	0.99821	0.00012
78	726	G	0.13174	0.18824	0.57042	0.10961
78	727	T	0.00016	0.00061	0.00002	0.99922
78	728	C	0.00001	0.99988	0.00000	0.00011
78	729	C	0.00004	0.99955	0.00001	0.00041
78	730	G	0.00002	0.00000	0.99998	0.00000
78	731	T	0.00002	0.00010	0.00000	0.99988
78	732	G	0.00026	0.00002	0.99970	0.00002
78	733	T	0.00000	0.00002	0.00000	0.99997
78	734	T	0.00002	0.00009	0.00000	0.99989
78	735	T	0.00000	0.00002	0.00000	0.99997
78	736	C	0.00000	0.99994	0.00000	0.00005
78	737	C	0.00055	0.99327	0.00012	0.00605
78	738	T	0.00024	0.00098	0.00003	0.99875
78	739	G	0.04659	0.01101	0.90936	0.03303
78	740	T	0.00009	0.00036	0.00001	0.99953
78	741	T	0.00439	0.01170	0.00094	0.98297
78	742	T	0.00184	0.00449	0.00027	0.99340
78	743	T	0.00032	0.00123	0.00004	0.99840
78	744	T	0.00143	0.06942	0.00019	0.92896
78	745	C	0.02218	0.71875	0.00543	0.25365
78	746	T	0.00970	0.04649	0.00202	0.94179
78	747	T	0.00045	0.00167	0.00006	0.99781
78	748	W	0.46204	0.09112	0.03221	0.41464
78	749	T	0.19852	0.04031	0.01021	0.75096
78	750	A	0.69270	0.01805	0.25691	0.03234
78	751	T	0.24545	0.23153	0.02941	0.49361
78	752	G	0.13810	0.07897	0.69608	0.08685
78	753	A	0.62552	0.10865	0.13810	0.12773
78	754	T	0.00295	0.00715	0.00071	0.98920
78	755	A	0.71735	0.02085	0.11485	0.14696
78	756	G	0.08415	0.12587	0.73798	0.05200
78	757	C	0.03182	0.64713	0.00628	0.31477
78	758	W	0.52556	0.01721	0.00797	0.44927
78	759	G	0.13625	0.06193	0.56457	0.23725
78	760	C	0.00114	0.91990	0.00018	0.07878
78	761	T	0.00005	0.00018	0.00000	0.99977
78	762	T	0.00001	0.00004	0.00000	0.99995
78	763	A	0.99997	0.00000	0.00001	0.00001
78	764	T	0.00004	0.00015	0.00000	0.99981
78	765	G	0.00003	0.00000	0.99996	0.00000
78	766	G	0.00019	0.00001	0.99978	0.00002
78	767	T	0.00001	0.00004	0.00000	0.99995
78	768	G	0.00079	0.00006	0.99906	0.00009
78	769	A	0.99999	0.00000	0.00001	0.00001
78	770	C	0.00000	0.99997	0.00000	0.00003
78	771	A	0.99999	0.00000	0.00001	0.00001
78	772	A	0.99959	0.00005	0.00021	0.00015
78	773	T	0.00331	0.01188	0.00074	0.98406
78	774	T	0.03153	0.08907	0.01048	0.86892
78	775	G	0.18947	0.11687	0.56672	0.12694
78	776	T	0.16174	0.21722	0.11299	0.50805
78	777	T	0.08709	0.12620	0.05124	0.73548
78	778	G	0.10765	0.05453	0.77654	0.06128
78	779	A	0.50713	0.14589	0.17893	0.16805
78	780	G	0.19558	0.12408	0.54599	0.13435
78	781	A	0.74228	0.07105	0.09718	0.08949
78	782	T	0.16174	0.21722	0.11299	0.50805
78	783	T	0.08709	0.12620	0.05124	0.73548
78	784	T	0.16555	0.21680	0.11621	0.50143
78	785	G	0.19558	0.12408	0.54599	0.13435
78	786	T	0.16404	0.22147	0.11574	0.49875
78	787	G	0.10765	0.05453	0.77654	0.06128
78	788	A	0.49827	0.14991	0.18159	0.17023
78	789	H	0.23452	0.24895	0.19133	0.32520
78	790	Y	0.18916	0.33239	0.14652	0.33193
78	791	T	0.08709	0.12620	0.05124	0.73548
78	792	Y	0.21671	0.26248	0.16722	0.35360
78	793	G	0.10047	0.04325	0.80607	0.05021
78	794	A	0.40363	0.23038	0.15421	0.21178
78	795	-	0.30467	0.23234	0.24697	0.21602
78	796	A	0.80461	0.05055	0.07593	0.06891
78	797	G	0.23233	0.13982	0.47391	0.15394
78	798	A	0.39107	0.18099	0.23480	0.19315
78	799	T	0.01474	0.02422	0.00643	0.95460
78	800	T	0.03188	0.05209	0.01453	0.90150
78	801	G	0.07338	0.02782	0.86578	0.03301
78	802	T	0.05502	0.29878	0.02575	0.62045
78	803	T	0.07725	0.29987	0.03849	0.58439
78	804	A	0.74663	0.08542	0.08167	0.08628
78	805	C	0.08728	0.56325	0.04892	0.30055
78	806	C	0.03107	0.84670	0.01659	0.10564
78	807	A	0.92278	0.01462	0.04122	0.02138
78	808	T	0.00521	0.01138	0.00114	0.98227
78	809	A	0.99999	0.00000	0.00001	0.00001
78	810	T	0.00018	0.00070	0.00002	0.99910
78	811	A	0.99951	0.00007	0.00024	0.00018
78	812	G	0.00943	0.00094	0.98781	0.00183
78	813	T	0.03513	0.12472	0.00873	0.83142
78	814	G	0.02582	0.00683	0.95326	0.01408
78	815	T	0.09630	0.08215	0.00938	0.81217
78	816	C	0.17577	0.51581	0.08867	0.21975
78	817	W	0.50005	0.04600	0.01837	0.43558
78	818	T	0.00025	0.00064	0.00005	0.99907
78	819	G	0.12786	0.06935	0.72572	0.07706
78	820	A	0.65580	0.09850	0.12786	0.11784
78	821	A	0.85314	0.00624	0.12898	0.01165
78	822	T	0.04293	0.02526	0.30713	0.62468
78	823	A	0.99899	0.00015	0.00049	0.00038
78	824	T	0.00263	0.10418	0.00038	0.89281
78	825	T	0.00009	0.00036	0.00001	0.99954
78	826	G	0.00075	0.00005	0.99911	0.00008
78	827	T	0.07928	0.08375	0.04897	0.78801
78	828	T	0.02872	0.33738	0.00925	0.62464
78	829	T	0.00920	0.15303	0.00243	0.83533
78	830	G	0.17374	0.01484	0.79020	0.02122
78	831	A	0.51708	0.05735	0.19240	0.23317
78	832	C	0.04288	0.60659	0.02220	0.32834
78	833	C	0.08119	0.56990	0.04615	0.30275
78	834	G	0.04721	0.01718	0.91504	0.02056
78	835	G	0.03625	0.01311	0.93496	0.01568
78	836	T	0.02526	0.04149	0.01148	0.92177
78	837	G	0.03625	0.01311	0.93496	0.01568
78	838	W	0.31379	0.19133	0.12575	0.36913
78	839	-	0.21622	0.27838	0.19965	0.30575
78	840	Y	0.21791	0.26341	0.14342	0.37525
78	841	A	0.49419	0.14513	0.18922	0.17145
78	842	A	0.47455	0.15702	0.18557	0.18286
78	843	Y	0.18219	0.38014	0.13197	0.30570
78	844	A	0.65172	0.09708	0.13049	0.12071
78	845	G	0.07217	0.03138	0.86014	0.03631
78	846	A	0.83818	0.04265	0.06206	0.05711
78	847	S	0.16596	0.38700	0.26228	0.18476
78	848	Y	0.22983	0.38085	0.12947	0.25985
78	849	T	0.11293	0.14922	0.05696	0.68089
78	850	A	0.68453	0.08288	0.09906	0.13353
78	851	T	0.03519	0.05712	0.01622	0.89147
78	852	T	0.09058	0.19681	0.04780	0.66481
78	853	A	0.65287	0.06851	0.18861	0.09002
78	854	Y	0.13894	0.41056	0.08383	0.36668
78	855	A	0.75648	0.06364	0.08187	0.09802
78	856	A	0.70557	0.08115	0.11211	0.10116
78	857	W	0.42382	0.12748	0.09138	0.35733
78	858	A	0.60451	0.11580	0.14509	0.13460
78	859	A	0.60451	0.11580	0.14509	0.13460
78	860	A	0.60451	0.11580	0.14509	0.13460
78	861	A	0.60451	0.11580	0.14509	0.13460
78	862	C	0.11580	0.61945	0.08601	0.17875
78	863	C	0.11580	0.61945	0.08601	0.17875
78	864	A	0.60451	0.11580	0.14509	0.13460
78	865	T	0.13460	0.17875	0.09393	0.59272
78	866	T	0.13460	0.17875	0.09393	0.59272
78	867	T	0.13460	0.17875	0.09393	0.59272
78	868	C	0.11580	0.61945	0.08601	0.17875
78	869	C	0.11580	0.61945	0.08601	0.17875
78	870	T	0.13460	0.17875	0.09393	0.59272
78	871	C	0.11580	0.61945	0.08601	0.17875
78	872	G	0.14509	0.08601	0.67497	0.09393
78	873	H	0.27295	0.29250	0.13692	0.29763
78	874	C	0.15516	0.48340	0.14418	0.21726
78	875	C	0.18653	0.48199	0.10824	0.22323
78	876	T	0.12374	0.26188	0.07398	0.54040
78	877	Y	0.22215	0.36136	0.08756	0.32893
78	878	W	0.35047	0.20001	0.15425	0.29527
78	879	G	0.20418	0.15726	0.48769	0.15088
78	880	A	0.68845	0.07992	0.08409	0.14754
78	881	H	0.22486	0.28783	0.16906	0.31824
78	882	H	0.26527	0.27762	0.15619	0.30092
78	883	T	0.08148	0.13272	0.04516	0.74063
78	884	T	0.08584	0.12908	0.04739	0.73770
78	885	T	0.13254	0.25765	0.07877	0.53104
78	886	Y	0.20756	0.32608	0.11918	0.34718
78	887	T	0.14147	0.31037	0.08524	0.46292
78	888	A	0.61338	0.10523	0.15076	0.13063
78	889	H	0.24543	0.28740	0.15925	0.30791
78	890	C	0.11787	0.59230	0.07563	0.21421
78	891	T	0.15137	0.24127	0.09172	0.51564
78	892	C	0.14804	0.54054	0.08706	0.22435
78	893	T	0.07051	0.11443	0.03488	0.78018
78	894	T	0.07609	0.12166	0.03856	0.76369
78	895	H	0.24195	0.23620	0.17731	0.34454
78	896	G	0.24511	0.14451	0.45068	0.15971
78	897	H	0.23438	0.24227	0.17438	0.34897
78	898	T	0.10736	0.16575	0.05907	0.66782
78	899	G	0.21454	0.14287	0.46205	0.18054
78	900	G	0.20688	0.10477	0.56987	0.11848
78	901	R	0.31601	0.12935	0.40435	0.15029
78	902	T	0.04249	0.06964	0.01970	0.86817
78	903	Y	0.21717	0.27242	0.14003	0.37038
78	904	T	0.12437	0.27726	0.07253	0.52584
78	905	A	0.68426	0.08559	0.12118	0.10896
78	906	Y	0.14953	0.37510	0.09568	0.37969
78	907	H	0.32934	0.24256	0.16127	0.26684
78	908	C	0.13572	0.48266	0.08560	0.29602
78	909	C	0.11787	0.52132	0.07630	0.28451
78	910	A	0.40761	0.22067	0.16755	0.20417
78	911	Y	0.14959	0.36024	0.09201	0.39816
78	912	T	0.13386	0.21079	0.07670	0.57865
78	913	C	0.09753	0.67285	0.06846	0.16116
78	914	A	0.65873	0.09753	0.12685	0.11688
78	915	C	0.09753	0.67285	0.06846	0.16116
78	916	G	0.27840	0.12405	0.44587	0.15168
78	917	T	0.19443	0.26076	0.08989	0.45492
78	918	Y	0.16563	0.38657	0.11314	0.33466
78	919	Y	0.13901	0.35337	0.08420	0.42342
78	920	Y	0.19002	0.30039	0.11761	0.39198
78	921	T	0.08951	0.13713	0.04654	0.72682
78	922	G	0.24191	0.15048	0.43981	0.16780
78	923	A	0.41714	0.15666	0.14711	0.27909
78	924	-	0.31285	0.26834	0.18831	0.23051
78	925	A	0.62837	0.09962	0.14563	0.12638
78	926	A	0.73843	0.06853	0.10165	0.09139
78	927	Y	0.14903	0.35358	0.09049	0.40690
78	928	T	0.18849	0.27675	0.11609	0.41867
78	929	H	0.24199	0.31985	0.13936	0.29880
78	930	T	0.14532	0.20809	0.08451	0.56209
78	931	Y	0.22066	0.27650	0.12843	0.37440
78	932	A	0.44104	0.12045	0.29278	0.14574
78	933	A	0.67436	0.06953	0.16432	0.09180
78	934	-	0.25009	0.25237	0.27099	0.22654
78	935	A	0.89167	0.02719	0.04224	0.03890
78	936	C	0.02835	0.89120	0.01576	0.06469
78	937	A	0.88989	0.02765	0.04294	0.03952
78	938	H	0.26296	0.32441	0.12652	0.28611
78	939	Y	0.19098	0.31261	0.10257	0.39385
78	940	A	0.42816	0.17485	0.18048	0.21651
78	941	C	0.14688	0.48532	0.09477	0.27303
78	942	A	0.74011	0.06956	0.09805	0.09228
78	943	T	0.18674	0.27280	0.10939	0.43106
78	944	H	0.32228	0.24138	0.15594	0.28040
78	945	T	0.20087	0.22461	0.17535	0.39916
78	946	H	0.33495	0.30898	0.13593	0.22014
78	947	A	0.46620	0.14571	0.21250	0.17559
78	948	T	0.26224	0.10706	0.05418	0.57653
78	949	Y	0.20219	0.35545	0.14871	0.29365
78	950	A	0.48682	0.16220	0.16142	0.18956
78	951	T	0.03549	0.05735	0.01718	0.88999
78	952	T	0.23349	0.19872	0.11334	0.45445
78	953	H	0.23005	0.27064	0.14704	0.35226
78	954	A	0.39497	0.19132	0.18823	0.22548
78	955	A	0.58975	0.11877	0.15069	0.14078
78	956	C	0.17172	0.43897	0.12137	0.26794
78	957	T	0.06493	0.09732	0.03541	0.80234
78	958	R	0.30892	0.15792	0.36457	0.16860
78	959	A	0.80953	0.05100	0.07268	0.06679
78	960	A	0.59307	0.11301	0.15708	0.13683
78	961	T	0.18834	0.26771	0.12790	0.41605
78	962	A	0.40758	0.18521	0.19073	0.21648
78	963	C	0.12303	0.59200	0.08367	0.20130
78	964	A	0.48754	0.14969	0.14387	0.21890
78	965	A	0.59470	0.11510	0.14894	0.14126
78	966	T	0.13254	0.17679	0.09179	0.59887
78	967	G	0.14301	0.08387	0.68133	0.09179
78	968	T	0.13254	0.17679	0.09179	0.59887
78	969	A	0.61079	0.11365	0.14301	0.13254
78	970	T	0.13254	0.17679	0.09179	0.59887
78	971	C	0.03136	0.84805	0.02057	0.10003
78	972	A	0.99985	0.00002	0.00007	0.00006
78	973	T	0.14314	0.35110	0.02096	0.48480
78	974	C	0.05019	0.88688	0.00498	0.05796
78	975	A	0.99999	0.00000	0.00001	0.00001
78	976	T	0.00000	0.00002	0.00000	0.99997
78	977	G	0.00002	0.00000	0.99998	0.00000
