Node	Site	State 	p_A	p_C	p_G	p_T
16	1	T	0.00000	0.00000	0.00000	1.00000
16	2	T	0.00000	0.00001	0.00000	0.99998
16	3	A	0.99977	0.00000	0.00001	0.00022
16	4	A	1.00000	0.00000	0.00000	0.00000
16	5	A	0.99999	0.00000	0.00000	0.00000
16	6	A	1.00000	0.00000	0.00000	0.00000
16	7	G	0.20927	0.16203	0.43433	0.19438
16	8	G	0.20927	0.16203	0.43433	0.19438
16	9	G	0.20927	0.16203	0.43433	0.19438
16	10	A	0.39429	0.18182	0.19676	0.22713
16	11	C	0.17706	0.40553	0.14835	0.26907
16	12	G	0.20927	0.16203	0.43433	0.19438
16	13	C	0.17706	0.40553	0.14835	0.26907
16	14	G	0.20927	0.16203	0.43433	0.19438
16	15	G	0.20927	0.16203	0.43433	0.19438
16	16	T	0.19110	0.23248	0.15376	0.42267
16	17	G	0.20927	0.16203	0.43433	0.19438
16	18	T	0.19110	0.23248	0.15376	0.42267
16	19	G	0.20927	0.16203	0.43433	0.19438
16	20	G	0.20927	0.16203	0.43433	0.19438
16	21	C	0.17706	0.40553	0.14835	0.26907
16	22	A	0.39429	0.18182	0.19676	0.22713
16	23	G	0.20927	0.16203	0.43433	0.19438
16	24	C	0.17706	0.40553	0.14835	0.26907
16	25	T	0.19110	0.23248	0.15376	0.42267
16	26	T	0.19110	0.23248	0.15376	0.42267
16	27	T	0.19110	0.23248	0.15376	0.42267
16	28	G	0.20927	0.16203	0.43433	0.19438
16	29	G	0.20927	0.16203	0.43433	0.19438
16	30	C	0.17706	0.40553	0.14835	0.26907
16	31	T	0.19110	0.23248	0.15376	0.42267
16	32	A	0.84594	0.03172	0.07087	0.05148
16	33	C	0.02912	0.85993	0.01746	0.09349
16	34	C	0.00000	0.99996	0.00000	0.00004
16	35	A	1.00000	0.00000	0.00000	0.00000
16	36	G	0.00004	0.00000	0.99995	0.00000
16	37	C	0.00001	0.99983	0.00000	0.00017
16	38	C	0.00002	0.99964	0.00001	0.00034
16	39	T	0.00030	0.00416	0.00004	0.99550
16	40	G	0.00061	0.00004	0.99929	0.00006
16	41	G	0.00040	0.00002	0.99954	0.00004
16	42	G	0.00000	0.00000	0.99999	0.00000
16	43	G	0.00000	0.00000	1.00000	0.00000
16	44	G	0.00001	0.00000	0.99999	0.00000
16	45	T	0.00001	0.00005	0.00000	0.99994
16	46	T	0.00000	0.00000	0.00000	1.00000
16	47	G	0.00001	0.00000	0.99998	0.00000
16	48	T	0.00000	0.00002	0.00000	0.99998
16	49	W	0.48814	0.00959	0.00510	0.49717
16	50	C	0.00000	0.99999	0.00000	0.00001
16	51	C	0.00000	1.00000	0.00000	0.00000
16	52	C	0.00000	0.99995	0.00000	0.00004
16	53	A	0.99997	0.00000	0.00002	0.00001
16	54	C	0.00000	0.99999	0.00000	0.00001
16	55	C	0.00000	0.99998	0.00000	0.00002
16	56	C	0.00000	1.00000	0.00000	0.00000
16	57	C	0.00005	0.99919	0.00001	0.00074
16	58	T	0.00194	0.05611	0.00023	0.94172
16	59	G	0.01121	0.00015	0.98835	0.00030
16	60	G	0.00017	0.00001	0.99981	0.00002
16	61	G	0.00003	0.00000	0.99996	0.00000
16	62	G	0.00005	0.00000	0.99994	0.00000
16	63	C	0.00000	1.00000	0.00000	0.00000
16	64	C	0.00000	0.99999	0.00000	0.00001
16	65	C	0.00000	0.99999	0.00000	0.00001
16	66	A	1.00000	0.00000	0.00000	0.00000
16	67	C	0.00000	0.99993	0.00000	0.00007
16	68	G	0.00005	0.00000	0.99994	0.00000
16	69	T	0.00005	0.00022	0.00001	0.99973
16	70	G	0.00001	0.00000	0.99999	0.00000
16	71	G	0.00000	0.00000	1.00000	0.00000
16	72	C	0.00002	0.99974	0.00000	0.00024
16	73	G	0.00000	0.00000	1.00000	0.00000
16	74	G	0.13198	0.07037	0.70870	0.08894
16	75	C	0.00026	0.98547	0.00008	0.01418
16	76	T	0.00001	0.00049	0.00000	0.99949
16	77	A	0.99993	0.00001	0.00004	0.00002
16	78	G	0.00000	0.00000	1.00000	0.00000
16	79	T	0.00001	0.00008	0.00000	0.99991
16	80	A	0.99996	0.00000	0.00002	0.00001
16	81	C	0.00000	0.99998	0.00000	0.00002
16	82	T	0.00007	0.00646	0.00001	0.99347
16	83	C	0.00000	0.99999	0.00000	0.00001
16	84	T	0.00000	0.00001	0.00000	0.99999
16	85	G	0.00000	0.00000	1.00000	0.00000
16	86	G	0.00003	0.00000	0.99997	0.00000
16	87	T	0.00000	0.00005	0.00000	0.99995
16	88	A	0.99470	0.00028	0.00030	0.00471
16	89	C	0.00006	0.99746	0.00002	0.00246
16	90	G	0.00081	0.00005	0.99906	0.00008
16	91	C	0.00171	0.81298	0.00027	0.18504
16	92	T	0.00003	0.00016	0.00000	0.99981
16	93	T	0.14532	0.19678	0.10267	0.55523
16	94	T	0.14532	0.19678	0.10267	0.55523
16	95	A	0.54046	0.12921	0.15761	0.17272
16	96	C	0.12582	0.55025	0.09617	0.22776
16	97	C	0.12582	0.55025	0.09617	0.22776
16	98	T	0.14532	0.19678	0.10267	0.55523
16	99	C	0.12582	0.55025	0.09617	0.22776
16	100	G	0.16764	0.10504	0.59753	0.12979
16	101	G	0.16764	0.10504	0.59753	0.12979
16	102	T	0.14532	0.19678	0.10267	0.55523
16	103	A	0.54046	0.12921	0.15761	0.17272
16	104	T	0.14532	0.19678	0.10267	0.55523
16	105	T	0.14532	0.19678	0.10267	0.55523
16	106	A	0.54046	0.12921	0.15761	0.17272
16	107	C	0.12582	0.55025	0.09617	0.22776
16	108	G	0.16764	0.10504	0.59753	0.12979
16	109	G	0.16764	0.10504	0.59753	0.12979
16	110	T	0.14532	0.19678	0.10267	0.55523
16	111	A	0.54046	0.12921	0.15761	0.17272
16	112	C	0.12582	0.55025	0.09617	0.22776
16	113	C	0.17427	0.44543	0.12084	0.25946
16	114	G	0.11380	0.06264	0.74500	0.07855
16	115	A	0.67969	0.08672	0.11340	0.12018
16	116	T	0.18419	0.21825	0.16028	0.43728
16	117	G	0.20262	0.15762	0.46237	0.17740
16	118	T	0.19417	0.20938	0.12193	0.47452
16	119	A	0.67969	0.08672	0.11340	0.12018
16	120	T	0.19417	0.20938	0.12193	0.47452
16	121	A	0.67969	0.08672	0.11340	0.12018
16	122	C	0.04749	0.74547	0.02480	0.18223
16	123	A	0.99993	0.00001	0.00004	0.00002
16	124	G	0.00000	0.00000	1.00000	0.00000
16	125	T	0.00621	0.00106	0.00013	0.99259
16	126	A	0.99996	0.00000	0.00004	0.00000
16	127	C	0.00000	0.99998	0.00000	0.00002
16	128	C	0.00000	0.99999	0.00000	0.00001
16	129	T	0.00008	0.00554	0.00001	0.99437
16	130	T	0.00000	0.00000	0.00000	0.99999
16	131	T	0.19110	0.23248	0.15376	0.42267
16	132	C	0.17706	0.40553	0.14835	0.26907
16	133	C	0.17706	0.40553	0.14835	0.26907
16	134	C	0.17706	0.40553	0.14835	0.26907
16	135	T	0.19110	0.23248	0.15376	0.42267
16	136	G	0.20927	0.16203	0.43433	0.19438
16	137	T	0.19110	0.23248	0.15376	0.42267
16	138	A	0.39429	0.18182	0.19676	0.22713
16	139	G	0.20927	0.16203	0.43433	0.19438
16	140	G	0.20927	0.16203	0.43433	0.19438
16	141	C	0.17706	0.40553	0.14835	0.26907
16	142	T	0.00000	0.00000	0.00000	1.00000
16	143	G	0.00002	0.00000	0.99997	0.00000
16	144	T	0.00002	0.00014	0.00000	0.99984
16	145	A	1.00000	0.00000	0.00000	0.00000
16	146	C	0.00000	0.99999	0.00000	0.00001
16	147	G	0.00001	0.00000	0.99999	0.00000
16	148	C	0.00000	0.99999	0.00000	0.00001
16	149	C	0.00000	1.00000	0.00000	0.00000
16	150	T	0.00000	0.00001	0.00000	0.99999
16	151	G	0.00005	0.00000	0.99994	0.00000
16	152	T	0.00000	0.00000	0.00000	1.00000
16	153	T	0.02327	0.04514	0.01025	0.92133
16	154	T	0.00000	0.00000	0.00000	0.99999
16	155	T	0.00000	0.00000	0.00000	1.00000
16	156	T	0.00003	0.00015	0.00000	0.99982
16	157	C	0.00027	0.98442	0.00006	0.01526
16	158	C	0.00002	0.99957	0.00001	0.00040
16	159	C	0.00014	0.99780	0.00004	0.00202
16	160	C	0.00007	0.99806	0.00002	0.00185
16	161	T	0.00005	0.00017	0.00000	0.99978
16	162	H	0.26449	0.31453	0.15886	0.26212
16	163	H	0.26449	0.31453	0.15886	0.26212
16	164	Y	0.15894	0.33496	0.11657	0.38953
16	165	C	0.13709	0.51749	0.10718	0.23825
16	166	A	0.50719	0.14078	0.16697	0.18507
16	167	C	0.00000	0.99999	0.00000	0.00001
16	168	C	0.00000	1.00000	0.00000	0.00000
16	169	C	0.00055	0.90315	0.00011	0.09619
16	170	T	0.00001	0.00004	0.00000	0.99995
16	171	T	0.00167	0.00642	0.00037	0.99154
16	172	A	0.99993	0.00001	0.00004	0.00003
16	173	A	0.99967	0.00004	0.00017	0.00012
16	174	A	0.99958	0.00005	0.00022	0.00015
16	175	T	0.00130	0.20635	0.00021	0.79214
16	176	A	0.99980	0.00002	0.00011	0.00007
16	177	A	0.99970	0.00003	0.00016	0.00011
16	178	A	0.99957	0.00005	0.00023	0.00016
16	179	T	0.00006	0.00028	0.00001	0.99966
16	180	T	0.00026	0.00233	0.00004	0.99738
16	181	A	0.99985	0.00002	0.00008	0.00006
16	182	A	0.99954	0.00005	0.00024	0.00017
16	183	G	0.00004	0.00000	0.99995	0.00000
16	184	A	0.99530	0.00057	0.00315	0.00098
16	185	T	0.00001	0.00004	0.00000	0.99995
16	186	T	0.00029	0.00781	0.00005	0.99185
16	187	G	0.16788	0.00549	0.79389	0.03274
16	188	C	0.00000	0.99994	0.00000	0.00005
16	189	C	0.00026	0.98978	0.00006	0.00989
16	190	A	0.96135	0.00052	0.03668	0.00145
16	191	C	0.00010	0.99848	0.00005	0.00136
16	192	T	0.00228	0.02790	0.00077	0.96905
16	193	A	0.99956	0.00005	0.00023	0.00016
16	194	C	0.00195	0.99587	0.00013	0.00205
16	195	T	0.00015	0.00157	0.00002	0.99826
16	196	G	0.00006	0.00000	0.99994	0.00001
16	197	A	0.99232	0.00077	0.00095	0.00596
16	198	G	0.00006	0.00000	0.99994	0.00001
16	199	G	0.00016	0.00001	0.99982	0.00002
16	200	G	0.00011	0.00001	0.99987	0.00001
16	201	G	0.00016	0.00001	0.99982	0.00002
16	202	A	0.99992	0.00001	0.00004	0.00003
16	203	G	0.00016	0.00001	0.99982	0.00002
16	204	T	0.00004	0.00018	0.00001	0.99978
16	205	A	0.99977	0.00002	0.00012	0.00008
16	206	G	0.00060	0.00006	0.99927	0.00006
16	207	T	0.01277	0.00384	0.00052	0.98287
16	208	C	0.00002	0.99972	0.00000	0.00026
16	209	C	0.00002	0.99972	0.00000	0.00026
16	210	G	0.00009	0.00001	0.99990	0.00001
16	211	A	0.99984	0.00002	0.00008	0.00006
16	212	C	0.00002	0.99972	0.00000	0.00026
16	213	T	0.00007	0.00031	0.00001	0.99961
16	214	C	0.00009	0.99747	0.00002	0.00242
16	215	C	0.00002	0.99972	0.00000	0.00026
16	216	G	0.00009	0.00001	0.99990	0.00001
16	217	C	0.00002	0.99972	0.00000	0.00026
16	218	T	0.00650	0.00272	0.00033	0.99045
16	219	C	0.00002	0.99972	0.00000	0.00026
16	220	C	0.00002	0.99972	0.00000	0.00026
16	221	A	0.91126	0.00234	0.08317	0.00323
16	222	G	0.01306	0.00053	0.98579	0.00063
16	223	T	0.00167	0.34892	0.00028	0.64913
16	224	A	0.99984	0.00002	0.00008	0.00006
16	225	C	0.00013	0.99841	0.00003	0.00143
16	226	T	0.11765	0.25621	0.03662	0.58952
16	227	G	0.00264	0.00052	0.99456	0.00229
16	228	C	0.00014	0.99806	0.00008	0.00173
16	229	T	0.00532	0.01720	0.00548	0.97199
16	230	G	0.00229	0.00200	0.99483	0.00088
16	231	C	0.00349	0.99142	0.00031	0.00479
16	232	A	0.97625	0.01416	0.00245	0.00714
16	233	C	0.00002	0.99972	0.00000	0.00026
16	234	C	0.00349	0.99142	0.00031	0.00479
16	235	A	0.99174	0.00019	0.00751	0.00055
16	236	G	0.00264	0.00052	0.99456	0.00229
16	237	T	0.00650	0.00272	0.00033	0.99045
16	238	G	0.00076	0.00002	0.99918	0.00004
16	239	A	0.99647	0.00176	0.00071	0.00106
16	240	A	0.94566	0.00858	0.03863	0.00713
16	241	C	0.00002	0.99972	0.00000	0.00026
16	242	T	0.00263	0.00358	0.00328	0.99051
16	243	G	0.00009	0.00001	0.99990	0.00001
16	244	G	0.00264	0.00052	0.99456	0.00229
16	245	T	0.00007	0.00031	0.00001	0.99961
16	246	A	0.99313	0.00341	0.00106	0.00240
16	247	C	0.00242	0.97643	0.00401	0.01715
16	248	G	0.00538	0.00691	0.98552	0.00219
16	249	C	0.00092	0.97573	0.00045	0.02290
16	250	T	0.00043	0.00458	0.00006	0.99493
16	251	A	0.99897	0.00006	0.00077	0.00020
16	252	G	0.00011	0.00001	0.99987	0.00001
16	253	T	0.00212	0.00289	0.00276	0.99223
16	254	A	0.99979	0.00002	0.00011	0.00007
16	255	C	0.00002	0.99967	0.00001	0.00030
16	256	C	0.00004	0.99943	0.00001	0.00052
16	257	T	0.00043	0.00998	0.00007	0.98952
16	258	T	0.00004	0.00018	0.00001	0.99978
16	259	T	0.00039	0.01438	0.00005	0.98517
16	260	G	0.02968	0.06268	0.56775	0.33989
16	261	C	0.00072	0.96032	0.00016	0.03879
16	262	A	0.99992	0.00001	0.00004	0.00003
16	263	C	0.00002	0.99967	0.00001	0.00030
16	264	G	0.00004	0.00000	0.99995	0.00000
16	265	G	0.00016	0.00001	0.99982	0.00002
16	266	A	0.99912	0.00006	0.00063	0.00019
16	267	G	0.00276	0.00054	0.99433	0.00238
16	268	T	0.00004	0.00020	0.00001	0.99975
16	269	A	0.98017	0.00140	0.01623	0.00220
16	270	G	0.00122	0.00003	0.99868	0.00006
16	271	A	0.85588	0.01846	0.00324	0.12241
16	272	T	0.01899	0.12250	0.00130	0.85722
16	273	G	0.00345	0.00067	0.99311	0.00277
16	274	G	0.00021	0.00001	0.99976	0.00002
16	275	T	0.02759	0.36650	0.00198	0.60392
16	276	A	0.99344	0.00013	0.00604	0.00038
16	277	T	0.00070	0.04299	0.00012	0.95619
16	278	C	0.04098	0.87181	0.00158	0.08563
16	279	C	0.00000	0.99999	0.00000	0.00001
16	280	C	0.00000	0.99999	0.00000	0.00001
16	281	C	0.00001	0.99967	0.00000	0.00031
16	282	C	0.00198	0.91986	0.00056	0.07760
16	283	A	0.99772	0.00072	0.00067	0.00089
16	284	C	0.00001	0.99975	0.00000	0.00023
16	285	C	0.00018	0.99719	0.00005	0.00257
16	286	C	0.00026	0.99599	0.00007	0.00368
16	287	C	0.00023	0.99631	0.00007	0.00339
16	288	G	0.00000	0.00000	1.00000	0.00000
16	289	T	0.00036	0.00412	0.00007	0.99545
16	290	A	1.00000	0.00000	0.00000	0.00000
16	291	A	1.00000	0.00000	0.00000	0.00000
16	292	C	0.00000	0.99996	0.00000	0.00004
16	293	H	0.27343	0.23417	0.16625	0.32616
16	294	T	0.00000	0.00003	0.00000	0.99997
16	295	A	0.57083	0.11885	0.14883	0.16149
16	296	T	0.13587	0.18803	0.09311	0.58299
16	297	C	0.11574	0.58002	0.08661	0.21763
16	298	T	0.00000	0.00000	0.00000	1.00000
16	299	A	1.00000	0.00000	0.00000	0.00000
16	300	G	0.00001	0.00000	0.99999	0.00000
16	301	A	1.00000	0.00000	0.00000	0.00000
16	302	A	0.99999	0.00000	0.00000	0.00000
16	303	G	0.00000	0.00000	1.00000	0.00000
16	304	Y	0.00326	0.52313	0.00057	0.47304
16	305	T	0.09337	0.20950	0.05642	0.64070
16	306	W	0.38383	0.16228	0.13624	0.31765
16	307	A	0.66539	0.08167	0.09113	0.16180
16	308	T	0.12302	0.14934	0.11778	0.60986
16	309	A	0.99935	0.00009	0.00031	0.00025
16	310	A	0.61042	0.05650	0.00380	0.32928
16	311	T	0.01549	0.02535	0.00105	0.95811
16	312	G	0.00557	0.00099	0.98937	0.00407
16	313	A	0.96208	0.00463	0.00237	0.03092
16	314	A	0.99738	0.00002	0.00254	0.00006
16	315	C	0.00000	0.99999	0.00000	0.00001
16	316	A	1.00000	0.00000	0.00000	0.00000
16	317	C	0.00733	0.97745	0.00081	0.01440
16	318	A	0.97629	0.00468	0.00997	0.00906
16	319	A	0.99945	0.00006	0.00029	0.00020
16	320	A	0.99550	0.00028	0.00074	0.00348
16	321	C	0.00009	0.99867	0.00002	0.00122
16	322	A	0.58618	0.11370	0.14430	0.15583
16	323	C	0.00068	0.95341	0.00014	0.04577
16	324	G	0.00000	0.00000	1.00000	0.00000
16	325	A	0.99176	0.00018	0.00742	0.00064
16	326	C	0.00006	0.99891	0.00002	0.00101
16	327	C	0.00000	1.00000	0.00000	0.00000
16	328	A	0.99999	0.00000	0.00000	0.00000
16	329	A	0.99981	0.00002	0.00010	0.00007
16	330	T	0.00000	0.00001	0.00000	0.99998
16	331	A	1.00000	0.00000	0.00000	0.00000
16	332	G	0.00000	0.00000	1.00000	0.00000
16	333	B	0.17494	0.33676	0.21567	0.27263
16	334	A	0.63347	0.07607	0.17686	0.11360
16	335	R	0.33375	0.15369	0.31086	0.20170
16	336	G	0.13574	0.07375	0.67234	0.11816
16	337	C	0.13131	0.65126	0.05640	0.16103
16	338	R	0.35133	0.12868	0.34958	0.17041
16	339	G	0.08026	0.02900	0.83079	0.05995
16	340	G	0.02208	0.00102	0.97470	0.00220
16	341	G	0.00001	0.00000	0.99999	0.00000
16	342	C	0.00016	0.99759	0.00005	0.00220
16	343	G	0.00341	0.00012	0.99632	0.00015
16	344	C	0.00120	0.65459	0.00022	0.34400
16	345	G	0.00479	0.00068	0.99191	0.00262
16	346	G	0.01516	0.00023	0.98413	0.00047
16	347	C	0.00001	0.99983	0.00000	0.00015
16	348	A	1.00000	0.00000	0.00000	0.00000
16	349	T	0.02306	0.07949	0.04755	0.84990
16	350	C	0.00000	1.00000	0.00000	0.00000
16	351	C	0.00000	1.00000	0.00000	0.00000
16	352	A	0.99998	0.00000	0.00001	0.00001
16	353	G	0.00008	0.00000	0.99990	0.00001
16	354	C	0.00068	0.91687	0.00015	0.08230
16	355	C	0.00358	0.63963	0.00066	0.35613
16	356	G	0.01509	0.00025	0.98415	0.00050
16	357	C	0.00084	0.98405	0.00010	0.01501
16	358	G	0.00019	0.00001	0.99978	0.00002
16	359	C	0.00004	0.99545	0.00001	0.00450
16	360	A	0.96791	0.00282	0.00264	0.02663
16	361	R	0.38623	0.12259	0.32446	0.16672
16	362	A	0.99962	0.00001	0.00034	0.00003
16	363	C	0.00582	0.98350	0.00066	0.01002
16	364	G	0.00000	0.00000	1.00000	0.00000
16	365	G	0.00030	0.00002	0.99966	0.00003
16	366	T	0.00028	0.00118	0.00004	0.99850
16	367	C	0.00000	0.99999	0.00000	0.00001
16	368	A	0.99999	0.00000	0.00000	0.00000
16	369	A	0.99999	0.00000	0.00001	0.00001
16	370	G	0.00001	0.00000	0.99999	0.00000
16	371	C	0.00000	0.99995	0.00000	0.00004
16	372	A	0.99999	0.00000	0.00001	0.00000
16	373	C	0.00000	0.99999	0.00000	0.00001
16	374	T	0.00000	0.00001	0.00000	0.99999
16	375	T	0.00000	0.00000	0.00000	0.99999
16	376	C	0.00000	1.00000	0.00000	0.00000
16	377	T	0.00000	0.00000	0.00000	0.99999
16	378	G	0.00000	0.00000	1.00000	0.00000
16	379	T	0.00000	0.00001	0.00000	0.99998
16	380	C	0.12828	0.50897	0.09519	0.26756
16	381	T	0.00005	0.01593	0.00001	0.98401
16	382	T	0.00001	0.00003	0.00000	0.99997
16	383	C	0.00000	0.99998	0.00000	0.00002
16	384	C	0.00000	0.99999	0.00000	0.00001
16	385	C	0.00000	0.99999	0.00000	0.00001
16	386	C	0.00000	0.99999	0.00000	0.00001
16	387	G	0.00000	0.00000	1.00000	0.00000
16	388	G	0.00000	0.00000	1.00000	0.00000
16	389	T	0.00022	0.00737	0.00003	0.99237
16	390	C	0.00005	0.99925	0.00001	0.00069
16	391	C	0.00698	0.97125	0.00078	0.02099
16	392	G	0.00012	0.00001	0.99986	0.00001
16	393	W	0.41342	0.06030	0.03892	0.48735
16	394	G	0.10653	0.02541	0.83292	0.03515
16	395	T	0.21141	0.18214	0.14748	0.45897
16	396	G	0.11633	0.04952	0.76958	0.06457
16	397	A	0.47959	0.13722	0.19239	0.19080
16	398	T	0.20151	0.26207	0.11341	0.42302
16	399	G	0.17181	0.07363	0.65812	0.09643
16	400	T	0.21902	0.22053	0.15574	0.40470
16	401	-	0.22031	0.24607	0.20923	0.32439
16	402	G	0.15299	0.11260	0.61225	0.12216
16	403	-	0.26073	0.21746	0.27072	0.25108
16	404	A	0.61623	0.07632	0.19515	0.11230
16	405	T	0.02056	0.03813	0.00901	0.93230
16	406	A	0.83830	0.02252	0.10020	0.03899
16	407	G	0.18122	0.09144	0.60766	0.11968
16	408	G	0.35053	0.05540	0.51467	0.07940
16	409	C	0.01501	0.87702	0.00784	0.10013
16	410	T	0.02022	0.03753	0.00885	0.93339
16	411	G	0.09703	0.11856	0.52182	0.26259
16	412	T	0.08008	0.22800	0.04241	0.64951
16	413	A	0.62981	0.09376	0.12394	0.15249
16	414	C	0.05584	0.73999	0.03337	0.17079
16	415	C	0.09617	0.60361	0.06386	0.23636
16	416	C	0.07016	0.78407	0.02927	0.11651
16	417	A	0.74506	0.06189	0.08055	0.11251
16	418	C	0.25374	0.40505	0.15984	0.18137
16	419	G	0.09637	0.04421	0.79026	0.06915
16	420	G	0.02141	0.00697	0.96227	0.00934
16	421	C	0.06740	0.55594	0.03872	0.33793
16	422	T	0.19261	0.24666	0.12659	0.43415
16	423	G	0.13571	0.05617	0.72843	0.07969
16	424	A	0.95558	0.00955	0.01753	0.01733
16	425	A	0.81245	0.02989	0.10686	0.05080
16	426	A	0.62827	0.08361	0.17514	0.11298
16	427	S	0.20252	0.23256	0.35601	0.20891
16	428	Y	0.17631	0.39927	0.12230	0.30212
16	429	G	0.24914	0.11764	0.46961	0.16361
16	430	A	0.75630	0.06115	0.08941	0.09314
16	431	C	0.03136	0.76433	0.00202	0.20229
16	432	A	0.99951	0.00005	0.00026	0.00018
16	433	A	0.97907	0.00210	0.00264	0.01620
16	434	G	0.00906	0.00116	0.98569	0.00409
16	435	G	0.00041	0.00002	0.99953	0.00004
16	436	A	0.93408	0.00018	0.06522	0.00053
16	437	T	0.00004	0.00021	0.00001	0.99974
16	438	C	0.00000	1.00000	0.00000	0.00000
16	439	G	0.00001	0.00000	0.99999	0.00000
16	440	T	0.00000	0.00000	0.00000	1.00000
16	441	T	0.00005	0.00363	0.00001	0.99632
16	442	A	1.00000	0.00000	0.00000	0.00000
16	443	C	0.00084	0.86718	0.00017	0.13181
16	444	C	0.00000	1.00000	0.00000	0.00000
16	445	A	0.37979	0.18732	0.20033	0.23257
16	446	Y	0.18241	0.39101	0.15414	0.27244
16	447	A	0.37979	0.18732	0.20033	0.23257
16	448	C	0.00000	1.00000	0.00000	0.00000
16	449	G	0.00001	0.00000	0.99999	0.00000
16	450	C	0.00000	0.99998	0.00000	0.00002
16	451	C	0.00001	0.99989	0.00000	0.00010
16	452	C	0.00016	0.99742	0.00005	0.00238
16	453	A	0.98467	0.00224	0.00330	0.00978
16	454	R	0.39098	0.08020	0.50385	0.02497
16	455	T	0.03605	0.04128	0.01933	0.90335
16	456	C	0.00002	0.99961	0.00001	0.00036
16	457	T	0.00070	0.26881	0.00012	0.73037
16	458	A	0.99999	0.00000	0.00000	0.00000
16	459	C	0.00000	1.00000	0.00000	0.00000
16	460	T	0.00000	0.00001	0.00000	0.99999
16	461	A	0.99978	0.00002	0.00011	0.00008
16	462	C	0.00000	0.99997	0.00000	0.00003
16	463	G	0.00249	0.00001	0.99749	0.00002
16	464	A	0.94151	0.00025	0.05753	0.00071
16	465	G	0.01431	0.00004	0.98555	0.00009
16	466	A	0.99998	0.00000	0.00001	0.00001
16	467	A	1.00000	0.00000	0.00000	0.00000
16	468	G	0.00026	0.00002	0.99969	0.00003
16	469	C	0.00000	0.99992	0.00000	0.00008
16	470	C	0.00000	1.00000	0.00000	0.00000
16	471	T	0.00001	0.00004	0.00000	0.99995
16	472	A	1.00000	0.00000	0.00000	0.00000
16	473	T	0.00512	0.03054	0.20004	0.76430
16	474	T	0.00000	0.00001	0.00000	0.99999
16	475	A	1.00000	0.00000	0.00000	0.00000
16	476	A	0.99622	0.00038	0.00141	0.00199
16	477	C	0.00000	0.99999	0.00000	0.00001
16	478	T	0.00160	0.18231	0.00014	0.81594
16	479	A	0.98373	0.00042	0.01448	0.00137
16	480	Y	0.02566	0.34516	0.19184	0.43734
16	481	T	0.00082	0.08908	0.00012	0.90998
16	482	T	0.00926	0.20256	0.02581	0.76236
16	483	G	0.22445	0.01036	0.76046	0.00473
16	484	A	0.99878	0.00012	0.00073	0.00038
16	485	A	1.00000	0.00000	0.00000	0.00000
16	486	G	0.01036	0.01294	0.97277	0.00393
16	487	T	0.00990	0.10074	0.00925	0.88010
16	488	T	0.02970	0.10620	0.23832	0.62578
16	489	A	0.85690	0.00660	0.08893	0.04757
16	490	T	0.15241	0.01180	0.00791	0.82788
16	491	C	0.03427	0.63274	0.02729	0.30571
16	492	G	0.04432	0.00044	0.95432	0.00093
16	493	A	0.99466	0.00214	0.00156	0.00164
16	494	G	0.03430	0.00037	0.96457	0.00076
16	495	G	0.00404	0.00001	0.99592	0.00003
16	496	T	0.06106	0.10052	0.03520	0.80322
16	497	T	0.24317	0.20188	0.17429	0.38066
16	498	A	0.77049	0.00492	0.21446	0.01013
16	499	G	0.00000	0.00000	1.00000	0.00000
16	500	T	0.00000	0.00000	0.00000	1.00000
16	501	T	0.00000	0.00001	0.00000	0.99999
16	502	G	0.00007	0.00000	0.99992	0.00001
16	503	C	0.00000	0.99999	0.00000	0.00001
16	504	G	0.00000	0.00000	1.00000	0.00000
16	505	C	0.00001	0.99982	0.00000	0.00017
16	506	T	0.00001	0.00004	0.00000	0.99995
16	507	C	0.00000	0.99999	0.00000	0.00001
16	508	A	0.98634	0.00476	0.00691	0.00198
16	509	R	0.50702	0.00033	0.49176	0.00089
16	510	C	0.00000	0.99997	0.00000	0.00002
16	511	C	0.00002	0.99969	0.00000	0.00029
16	512	A	0.99935	0.00008	0.00034	0.00024
16	513	C	0.00021	0.99654	0.00006	0.00318
16	514	A	0.98079	0.00050	0.01717	0.00155
16	515	A	0.98262	0.00162	0.00175	0.01401
16	516	C	0.00006	0.99910	0.00002	0.00082
16	517	C	0.00001	0.99991	0.00000	0.00009
16	518	C	0.00000	0.99996	0.00000	0.00003
16	519	C	0.00000	0.99996	0.00000	0.00004
16	520	A	0.98462	0.00031	0.01415	0.00091
16	521	-	0.20252	0.24934	0.32424	0.22390
16	522	A	0.55899	0.10909	0.17973	0.15218
16	523	G	0.21938	0.16702	0.42845	0.18516
16	524	G	0.00061	0.00004	0.99930	0.00006
16	525	T	0.00080	0.00354	0.00012	0.99553
16	526	G	0.00052	0.00003	0.99939	0.00005
16	527	G	0.00003	0.00000	0.99997	0.00000
16	528	T	0.00001	0.00005	0.00000	0.99994
16	529	A	0.99999	0.00000	0.00000	0.00000
16	530	G	0.00001	0.00000	0.99999	0.00000
16	531	C	0.00015	0.99771	0.00004	0.00210
16	532	T	0.00001	0.00003	0.00000	0.99996
16	533	C	0.00001	0.99978	0.00000	0.00020
16	534	T	0.00172	0.03832	0.00030	0.95966
16	535	G	0.00001	0.00000	0.99999	0.00000
16	536	A	0.99770	0.00000	0.00228	0.00002
16	537	G	0.01202	0.00011	0.98764	0.00022
16	538	T	0.18827	0.01142	0.00171	0.79860
16	539	G	0.00001	0.00000	0.99999	0.00000
16	540	A	1.00000	0.00000	0.00000	0.00000
16	541	T	0.00000	0.00000	0.00000	1.00000
16	542	G	0.00000	0.00000	1.00000	0.00000
16	543	G	0.00004	0.00000	0.99995	0.00000
16	544	G	0.00000	0.00000	1.00000	0.00000
16	545	T	0.19110	0.23248	0.15376	0.42267
16	546	G	0.00009	0.00001	0.99989	0.00001
16	547	C	0.00000	1.00000	0.00000	0.00000
16	548	T	0.00001	0.00002	0.00000	0.99997
16	549	C	0.00011	0.99831	0.00004	0.00154
16	550	G	0.00001	0.00000	0.99999	0.00000
16	551	C	0.00005	0.99926	0.00001	0.00068
16	552	A	0.93760	0.00263	0.05837	0.00140
16	553	A	0.99164	0.00021	0.00763	0.00052
16	554	Y	0.03237	0.49274	0.00108	0.47381
16	555	C	0.25236	0.68945	0.00718	0.05102
16	556	A	0.97056	0.00144	0.00125	0.02675
16	557	C	0.00000	1.00000	0.00000	0.00000
16	558	C	0.00000	1.00000	0.00000	0.00000
16	559	C	0.00000	0.99994	0.00000	0.00005
16	560	C	0.00000	1.00000	0.00000	0.00000
16	561	C	0.00000	0.99999	0.00000	0.00001
16	562	G	0.00002	0.00000	0.99997	0.00001
16	563	T	0.00036	0.00175	0.00005	0.99784
16	564	G	0.00001	0.00000	0.99999	0.00000
16	565	G	0.00000	0.00000	1.00000	0.00000
16	566	T	0.00005	0.00030	0.00001	0.99965
16	567	A	1.00000	0.00000	0.00000	0.00000
16	568	A	1.00000	0.00000	0.00000	0.00000
16	569	C	0.00000	0.99998	0.00000	0.00002
16	570	A	0.99942	0.00006	0.00032	0.00020
16	571	C	0.00006	0.99962	0.00001	0.00031
16	572	G	0.00005	0.00000	0.99995	0.00000
16	573	G	0.00000	0.00000	1.00000	0.00000
16	574	T	0.09752	0.00755	0.00099	0.89394
16	575	T	0.00075	0.05458	0.00015	0.94452
16	576	G	0.00011	0.00001	0.99987	0.00001
16	577	C	0.00000	0.99997	0.00000	0.00002
16	578	T	0.00037	0.00503	0.00005	0.99454
16	579	T	0.00006	0.00023	0.00001	0.99970
16	580	G	0.00000	0.00000	1.00000	0.00000
16	581	G	0.21307	0.16836	0.41715	0.20142
16	582	G	0.21307	0.16836	0.41715	0.20142
16	583	G	0.21307	0.16836	0.41715	0.20142
16	584	Y	0.18241	0.39101	0.15414	0.27244
16	585	Y	0.18241	0.39101	0.15414	0.27244
16	586	A	0.37979	0.18732	0.20033	0.23257
16	587	A	0.37979	0.18732	0.20033	0.23257
16	588	A	0.37979	0.18732	0.20033	0.23257
16	589	A	0.37979	0.18732	0.20033	0.23257
16	590	C	0.00001	0.99983	0.00000	0.00016
16	591	C	0.00000	0.99998	0.00000	0.00002
16	592	C	0.00001	0.99988	0.00000	0.00011
16	593	G	0.00000	0.00000	1.00000	0.00000
16	594	C	0.00000	1.00000	0.00000	0.00000
16	595	G	0.00000	0.00000	1.00000	0.00000
16	596	C	0.00023	0.75439	0.00004	0.24534
16	597	G	0.00001	0.00000	0.99999	0.00000
16	598	T	0.00016	0.01016	0.00003	0.98965
16	599	G	0.00001	0.00000	0.99999	0.00000
16	600	C	0.00000	0.99997	0.00000	0.00003
16	601	A	0.88544	0.00109	0.00110	0.11236
16	602	C	0.00001	0.99909	0.00000	0.00090
16	603	T	0.00001	0.00317	0.00000	0.99681
16	604	C	0.00000	1.00000	0.00000	0.00000
16	605	G	0.00314	0.00043	0.99577	0.00067
16	606	G	0.11347	0.07180	0.73998	0.07475
16	607	C	0.08727	0.71711	0.04354	0.15208
16	608	C	0.07589	0.60894	0.04800	0.26717
16	609	C	0.13067	0.49567	0.08337	0.29028
16	610	A	0.57187	0.07739	0.23869	0.11205
16	611	C	0.01786	0.91730	0.01077	0.05408
16	612	A	0.38422	0.23734	0.16035	0.21809
16	613	C	0.03608	0.80731	0.02065	0.13596
16	614	C	0.11723	0.55337	0.07633	0.25307
16	615	Y	0.16744	0.35937	0.11519	0.35800
16	616	H	0.28107	0.29387	0.15261	0.27244
16	617	T	0.15924	0.23133	0.10669	0.50274
16	618	-	0.26467	0.20857	0.24773	0.27904
16	619	Y	0.20996	0.25130	0.18411	0.35463
16	620	G	0.00001	0.00000	0.99999	0.00000
16	621	G	0.00010	0.00001	0.99989	0.00001
16	622	T	0.00807	0.00975	0.01241	0.96977
16	623	T	0.00053	0.00243	0.00008	0.99696
16	624	C	0.00007	0.99900	0.00002	0.00092
16	625	A	0.90998	0.02676	0.05484	0.00842
16	626	G	0.00058	0.00003	0.99933	0.00006
16	627	C	0.01406	0.71611	0.02108	0.24875
16	628	C	0.00022	0.98663	0.00005	0.01310
16	629	T	0.02369	0.26505	0.00166	0.70960
16	630	T	0.24143	0.12873	0.00718	0.62266
16	631	T	0.00005	0.00167	0.00001	0.99827
16	632	T	0.00481	0.16486	0.00298	0.82736
16	633	G	0.00028	0.00003	0.99963	0.00006
16	634	G	0.00516	0.00003	0.99476	0.00006
16	635	C	0.00049	0.98699	0.00013	0.01240
16	636	C	0.00036	0.67977	0.00006	0.31980
16	637	G	0.00000	0.00000	1.00000	0.00000
16	638	T	0.00001	0.00009	0.00000	0.99990
16	639	T	0.00006	0.00033	0.00001	0.99960
16	640	C	0.00013	0.99789	0.00004	0.00195
16	641	A	0.99883	0.00013	0.00062	0.00042
16	642	C	0.00028	0.99575	0.00008	0.00388
16	643	C	0.00057	0.72025	0.00011	0.27908
16	644	T	0.15464	0.19417	0.08525	0.56594
16	645	A	0.57429	0.09289	0.19692	0.13590
16	646	T	0.00168	0.06001	0.00028	0.93804
16	647	C	0.00151	0.90842	0.00035	0.08972
16	648	A	0.91831	0.00010	0.08130	0.00029
16	649	A	1.00000	0.00000	0.00000	0.00000
16	650	C	0.00011	0.99851	0.00106	0.00033
16	651	A	0.99404	0.00028	0.00015	0.00553
16	652	T	0.01277	0.29739	0.00074	0.68910
16	653	A	0.98554	0.00049	0.01369	0.00028
16	654	G	0.30753	0.00190	0.65977	0.03080
16	655	T	0.00005	0.02400	0.00001	0.97594
16	656	G	0.00000	0.00000	1.00000	0.00000
16	657	T	0.00034	0.01323	0.00005	0.98639
16	658	A	0.99993	0.00001	0.00004	0.00002
16	659	A	0.99980	0.00002	0.00011	0.00007
16	660	G	0.22677	0.15689	0.59417	0.02217
16	661	T	0.00044	0.01727	0.00006	0.98222
16	662	A	0.77725	0.00056	0.22066	0.00154
16	663	G	0.00006	0.00000	0.99993	0.00001
16	664	C	0.00029	0.99739	0.00004	0.00228
16	665	G	0.21307	0.16836	0.41715	0.20142
16	666	C	0.00006	0.99907	0.00004	0.00083
16	667	A	1.00000	0.00000	0.00000	0.00000
16	668	A	1.00000	0.00000	0.00000	0.00000
16	669	G	0.00000	0.00000	1.00000	0.00000
16	670	A	0.99996	0.00000	0.00002	0.00001
16	671	G	0.00001	0.00000	0.99999	0.00000
16	672	C	0.00001	0.99980	0.00000	0.00019
16	673	C	0.00000	1.00000	0.00000	0.00000
16	674	T	0.00004	0.00017	0.00001	0.99978
16	675	A	0.99996	0.00000	0.00002	0.00002
16	676	T	0.00091	0.11135	0.00015	0.88760
16	677	T	0.00000	0.00001	0.00000	0.99999
16	678	G	0.00000	0.00000	1.00000	0.00000
16	679	T	0.00006	0.00027	0.00001	0.99966
16	680	G	0.00000	0.00000	1.00000	0.00000
16	681	C	0.00000	1.00000	0.00000	0.00000
16	682	T	0.00000	0.00000	0.00000	1.00000
16	683	G	0.02939	0.00033	0.96962	0.00066
16	684	C	0.11101	0.49071	0.07777	0.32052
16	685	G	0.00009	0.00000	0.99990	0.00001
16	686	A	0.91545	0.00529	0.01355	0.06571
16	687	T	0.08391	0.01614	0.11343	0.78652
16	688	T	0.00804	0.00664	0.00058	0.98474
16	689	G	0.00030	0.00002	0.99965	0.00003
16	690	G	0.00009	0.00000	0.99990	0.00001
16	691	T	0.00015	0.00062	0.00002	0.99922
16	692	T	0.00011	0.00076	0.00001	0.99913
16	693	T	0.00945	0.00203	0.00031	0.98822
16	694	T	0.00000	0.00002	0.00000	0.99998
16	695	C	0.00000	0.99999	0.00000	0.00001
16	696	C	0.00000	0.99999	0.00000	0.00001
16	697	T	0.00000	0.00000	0.00000	0.99999
16	698	C	0.00000	1.00000	0.00000	0.00000
16	699	C	0.00000	0.99999	0.00000	0.00001
16	700	G	0.00000	0.00000	1.00000	0.00000
16	701	G	0.00000	0.00000	1.00000	0.00000
16	702	A	0.98959	0.00010	0.01019	0.00011
16	703	G	0.00000	0.00000	1.00000	0.00000
16	704	C	0.00003	0.99952	0.00001	0.00044
16	705	C	0.00000	0.99999	0.00000	0.00001
16	706	G	0.00000	0.00000	1.00000	0.00000
16	707	T	0.00000	0.00000	0.00000	1.00000
16	708	G	0.00000	0.00000	1.00000	0.00000
16	709	A	1.00000	0.00000	0.00000	0.00000
16	710	A	1.00000	0.00000	0.00000	0.00000
16	711	T	0.00000	0.00000	0.00000	1.00000
16	712	G	0.00000	0.00000	1.00000	0.00000
16	713	C	0.00000	0.99999	0.00000	0.00001
16	714	T	0.00001	0.00003	0.00000	0.99997
16	715	G	0.00000	0.00000	1.00000	0.00000
16	716	T	0.19567	0.23539	0.15934	0.40960
16	717	Y	0.18241	0.39101	0.15414	0.27244
16	718	C	0.00000	1.00000	0.00000	0.00000
16	719	T	0.00000	0.00000	0.00000	1.00000
16	720	A	1.00000	0.00000	0.00000	0.00000
16	721	A	1.00000	0.00000	0.00000	0.00000
16	722	T	0.00000	0.00002	0.00000	0.99998
16	723	C	0.00000	1.00000	0.00000	0.00000
16	724	C	0.00001	0.99987	0.00000	0.00012
16	725	C	0.00032	0.95989	0.00007	0.03972
16	726	A	1.00000	0.00000	0.00000	0.00000
16	727	A	1.00000	0.00000	0.00000	0.00000
16	728	C	0.00000	0.99999	0.00000	0.00001
16	729	C	0.00000	0.99997	0.00000	0.00002
16	730	T	0.00075	0.02859	0.00013	0.97053
16	731	C	0.00001	0.99986	0.00000	0.00013
16	732	C	0.00001	0.99979	0.00000	0.00019
16	733	G	0.00504	0.00003	0.99488	0.00005
16	734	A	0.99999	0.00000	0.00000	0.00000
16	735	G	0.00000	0.00000	1.00000	0.00000
16	736	C	0.00000	0.99998	0.00000	0.00002
16	737	G	0.00045	0.00002	0.99948	0.00004
16	738	T	0.00076	0.00324	0.00011	0.99590
16	739	G	0.00079	0.00004	0.99909	0.00008
16	740	T	0.00011	0.00054	0.00002	0.99933
16	741	G	0.00012	0.00001	0.99986	0.00001
16	742	C	0.00002	0.99970	0.00000	0.00027
16	743	G	0.00091	0.00006	0.99894	0.00009
16	744	C	0.00008	0.99872	0.00002	0.00117
16	745	A	0.99936	0.00007	0.00035	0.00022
16	746	C	0.00001	0.99984	0.00000	0.00015
16	747	A	0.99995	0.00001	0.00003	0.00002
16	748	A	1.00000	0.00000	0.00000	0.00000
16	749	T	0.02329	0.00921	0.00127	0.96623
16	750	C	0.00000	1.00000	0.00000	0.00000
16	751	C	0.00000	1.00000	0.00000	0.00000
16	752	A	0.99997	0.00000	0.00001	0.00001
16	753	G	0.00002	0.00000	0.99998	0.00000
16	754	T	0.00014	0.00068	0.00002	0.99917
16	755	G	0.00033	0.00002	0.99962	0.00003
16	756	D	0.30812	0.16564	0.30806	0.21819
16	757	T	0.00057	0.00232	0.00009	0.99701
16	758	T	0.00009	0.00041	0.00001	0.99949
16	759	G	0.00016	0.00001	0.99982	0.00002
16	760	C	0.00002	0.99960	0.00001	0.00036
16	761	T	0.00083	0.00371	0.00012	0.99533
16	762	A	0.99825	0.00019	0.00092	0.00063
16	763	C	0.00012	0.99794	0.00003	0.00190
16	764	G	0.00000	0.00000	1.00000	0.00000
16	765	T	0.00000	0.00000	0.00000	0.99999
16	766	C	0.00000	0.99998	0.00000	0.00002
16	767	G	0.00000	0.00000	0.99999	0.00000
16	768	T	0.00000	0.00000	0.00000	1.00000
16	769	A	1.00000	0.00000	0.00000	0.00000
16	770	A	1.00000	0.00000	0.00000	0.00000
16	771	C	0.00002	0.99967	0.00000	0.00031
16	772	G	0.00003	0.00000	0.99997	0.00000
16	773	C	0.00002	0.99961	0.00001	0.00036
16	774	G	0.00000	0.00000	1.00000	0.00000
16	775	T	0.00126	0.07550	0.00021	0.92303
16	776	A	1.00000	0.00000	0.00000	0.00000
16	777	A	1.00000	0.00000	0.00000	0.00000
16	778	G	0.00024	0.00001	0.99972	0.00002
16	779	T	0.00000	0.00001	0.00000	0.99999
16	780	T	0.00002	0.00013	0.00000	0.99984
16	781	G	0.00043	0.00003	0.99950	0.00004
16	782	G	0.00000	0.00000	1.00000	0.00000
16	783	A	0.99967	0.00003	0.00020	0.00010
16	784	G	0.00003	0.00000	0.99997	0.00000
16	785	G	0.00028	0.00002	0.99968	0.00003
16	786	C	0.00001	0.99986	0.00000	0.00013
16	787	G	0.00000	0.00000	1.00000	0.00000
16	788	G	0.00000	0.00000	1.00000	0.00000
16	789	A	0.99999	0.00000	0.00000	0.00000
16	790	A	1.00000	0.00000	0.00000	0.00000
16	791	C	0.00000	1.00000	0.00000	0.00000
16	792	A	0.99998	0.00000	0.00001	0.00001
16	793	G	0.00000	0.00000	0.99999	0.00000
16	794	A	1.00000	0.00000	0.00000	0.00000
16	795	C	0.00000	1.00000	0.00000	0.00000
16	796	T	0.00000	0.00000	0.00000	1.00000
16	797	A	1.00000	0.00000	0.00000	0.00000
16	798	C	0.00000	1.00000	0.00000	0.00000
16	799	T	0.00000	0.00000	0.00000	1.00000
16	800	T	0.00000	0.00000	0.00000	1.00000
16	801	T	0.00000	0.00000	0.00000	1.00000
16	802	C	0.00000	0.99998	0.00000	0.00002
16	803	G	0.00000	0.00000	1.00000	0.00000
16	804	G	0.00001	0.00000	0.99999	0.00000
16	805	T	0.00003	0.00021	0.00000	0.99976
16	806	A	0.99995	0.00000	0.00003	0.00002
16	807	C	0.00002	0.99963	0.00001	0.00034
16	808	T	0.00000	0.00078	0.00000	0.99922
16	809	C	0.00000	0.99998	0.00000	0.00002
16	810	C	0.00000	0.99999	0.00000	0.00001
16	811	G	0.00000	0.00000	1.00000	0.00000
16	812	T	0.00000	0.00001	0.00000	0.99999
16	813	G	0.00000	0.00000	1.00000	0.00000
16	814	T	0.00000	0.00000	0.00000	1.00000
16	815	T	0.00000	0.00001	0.00000	0.99999
16	816	T	0.00000	0.00000	0.00000	1.00000
16	817	C	0.00000	1.00000	0.00000	0.00000
16	818	C	0.00001	0.99884	0.00000	0.00114
16	819	T	0.00000	0.00002	0.00000	0.99998
16	820	T	0.00064	0.01056	0.00010	0.98870
16	821	T	0.00108	0.00007	0.00001	0.99884
16	822	T	0.29327	0.02055	0.01872	0.66746
16	823	T	0.00118	0.00063	0.00002	0.99817
16	824	T	0.02282	0.05217	0.00041	0.92460
16	825	T	0.00001	0.00004	0.00000	0.99995
16	826	T	0.00075	0.02779	0.00018	0.97128
16	827	T	0.13393	0.00663	0.00107	0.85837
16	828	T	0.00006	0.00006	0.00000	0.99988
16	829	T	0.01184	0.00503	0.00063	0.98249
16	830	T	0.00030	0.00075	0.00002	0.99893
16	831	T	0.02272	0.04736	0.00135	0.92857
16	832	T	0.00971	0.07314	0.00931	0.90784
16	833	K	0.20429	0.19823	0.26800	0.32949
16	834	W	0.28604	0.19863	0.14487	0.37045
16	835	T	0.12081	0.00568	0.00160	0.87191
16	836	A	0.99630	0.00021	0.00282	0.00067
16	837	A	0.98843	0.00061	0.00920	0.00176
16	838	A	0.89924	0.02537	0.00178	0.07362
16	839	A	0.99979	0.00002	0.00010	0.00008
16	840	T	0.11211	0.08379	0.00469	0.79942
16	841	T	0.00001	0.00007	0.00000	0.99992
16	842	T	0.00000	0.00001	0.00000	0.99999
16	843	T	0.00000	0.00000	0.00000	1.00000
16	844	A	1.00000	0.00000	0.00000	0.00000
16	845	T	0.00000	0.00001	0.00000	0.99999
16	846	G	0.00000	0.00000	1.00000	0.00000
16	847	G	0.00000	0.00000	1.00000	0.00000
16	848	T	0.00000	0.00001	0.00000	0.99999
16	849	G	0.00003	0.00000	0.99996	0.00000
16	850	A	1.00000	0.00000	0.00000	0.00000
16	851	C	0.00000	1.00000	0.00000	0.00000
16	852	A	1.00000	0.00000	0.00000	0.00000
16	853	A	0.99900	0.00002	0.00002	0.00095
16	854	T	0.00005	0.00024	0.00001	0.99970
16	855	T	0.00254	0.00375	0.00335	0.99035
16	856	G	0.00631	0.00012	0.99334	0.00023
16	857	C	0.00153	0.69261	0.00029	0.30557
16	858	T	0.00072	0.00165	0.00005	0.99758
16	859	G	0.00009	0.00001	0.99990	0.00001
16	860	A	0.98863	0.00094	0.00105	0.00938
16	861	G	0.00264	0.00052	0.99456	0.00229
16	862	A	0.99984	0.00002	0.00008	0.00006
16	863	T	0.00055	0.01210	0.00009	0.98725
16	864	T	0.00007	0.00031	0.00001	0.99961
16	865	T	0.00650	0.00272	0.00033	0.99045
16	866	G	0.00264	0.00052	0.99456	0.00229
16	867	T	0.00151	0.15222	0.00024	0.84603
16	868	G	0.00009	0.00001	0.99990	0.00001
16	869	A	0.99916	0.00013	0.00041	0.00031
16	870	A	0.78693	0.00680	0.04125	0.16502
16	871	T	0.00803	0.18155	0.00049	0.80993
16	872	T	0.00007	0.00031	0.00001	0.99961
16	873	T	0.25983	0.06774	0.00309	0.66934
16	874	G	0.00189	0.00041	0.99478	0.00292
16	875	C	0.00840	0.98208	0.00059	0.00893
16	876	G	0.04000	0.29467	0.62295	0.04238
16	877	A	0.99569	0.00248	0.00053	0.00129
16	878	C	0.04245	0.77913	0.03005	0.14837
16	879	T	0.04305	0.33173	0.00980	0.61542
16	880	T	0.00001	0.00048	0.00000	0.99951
16	881	T	0.00287	0.00023	0.00003	0.99687
16	882	G	0.33795	0.00052	0.66033	0.00120
16	883	C	0.00000	0.99990	0.00000	0.00009
16	884	C	0.00022	0.98409	0.00005	0.01564
16	885	A	0.58428	0.05874	0.34307	0.01391
16	886	T	0.00049	0.02090	0.00007	0.97855
16	887	T	0.00001	0.00008	0.00000	0.99990
16	888	G	0.00002	0.00000	0.99998	0.00000
16	889	A	0.99599	0.00296	0.00023	0.00083
16	890	A	1.00000	0.00000	0.00000	0.00000
16	891	T	0.00023	0.03181	0.00003	0.96793
16	892	A	0.99999	0.00000	0.00000	0.00000
16	893	T	0.00941	0.00156	0.00029	0.98874
16	894	T	0.01743	0.08687	0.00217	0.89353
16	895	G	0.00013	0.00001	0.99985	0.00001
16	896	C	0.00015	0.99782	0.00005	0.00198
16	897	C	0.00978	0.98068	0.00025	0.00929
16	898	T	0.00036	0.04691	0.00006	0.95267
16	899	T	0.00000	0.00001	0.00000	0.99999
16	900	G	0.16649	0.10372	0.60153	0.12826
16	901	A	0.54423	0.12791	0.15653	0.17132
16	902	G	0.00247	0.00001	0.99749	0.00002
16	903	T	0.00049	0.00429	0.00008	0.99514
16	904	A	0.99312	0.00034	0.00034	0.00620
16	905	T	0.00027	0.03549	0.00004	0.96420
16	906	T	0.00002	0.00317	0.00000	0.99681
16	907	A	0.99980	0.00002	0.00012	0.00006
16	908	C	0.00072	0.95303	0.00017	0.04608
16	909	C	0.00004	0.99578	0.00001	0.00418
16	910	T	0.00002	0.00010	0.00000	0.99988
16	911	A	0.90421	0.00091	0.08616	0.00872
16	912	G	0.22392	0.00062	0.77376	0.00170
16	913	T	0.00004	0.00022	0.00000	0.99974
16	914	C	0.00898	0.81308	0.00051	0.17743
16	915	G	0.00002	0.00000	0.99997	0.00000
16	916	G	0.09681	0.04193	0.80683	0.05443
16	917	T	0.12801	0.18792	0.07708	0.60699
16	918	G	0.09015	0.03920	0.81978	0.05086
16	919	A	0.48524	0.14192	0.17414	0.19870
16	920	-	0.31595	0.21072	0.19234	0.28099
16	921	W	0.35464	0.19043	0.18149	0.27344
16	922	-	0.24302	0.20084	0.26682	0.28932
16	923	H	0.25435	0.27378	0.15142	0.32045
16	924	T	0.19030	0.26201	0.14995	0.39774
16	925	A	0.40614	0.16508	0.15275	0.27604
16	926	G	0.18541	0.11371	0.54978	0.15110
16	927	A	0.49213	0.13291	0.19355	0.18141
16	928	C	0.00014	0.99787	0.00004	0.00195
16	929	A	0.96843	0.01810	0.00363	0.00984
16	930	T	0.00014	0.00066	0.00002	0.99918
16	931	T	0.00043	0.00178	0.00006	0.99773
16	932	T	0.00013	0.01096	0.00002	0.98890
16	933	C	0.00003	0.99917	0.00001	0.00080
16	934	A	0.99897	0.00011	0.00059	0.00034
16	935	C	0.02883	0.84830	0.00248	0.12040
16	936	A	0.99984	0.00002	0.00009	0.00006
16	937	A	0.98692	0.00112	0.00123	0.01073
16	938	A	0.99971	0.00003	0.00015	0.00010
16	939	W	0.32707	0.19070	0.15675	0.32549
16	940	W	0.32707	0.19070	0.15675	0.32549
16	941	R	0.34274	0.13560	0.34634	0.17532
16	942	W	0.32707	0.19070	0.15675	0.32549
16	943	Y	0.14981	0.37488	0.10799	0.36732
16	944	C	0.07960	0.69353	0.05600	0.17087
16	945	R	0.34274	0.13560	0.34634	0.17532
16	946	-	0.20562	0.19492	0.28475	0.31471
16	947	Y	0.15185	0.34748	0.10870	0.39197
16	948	T	0.10019	0.14952	0.06243	0.68786
16	949	C	0.07960	0.69353	0.05600	0.17087
16	950	Y	0.14981	0.37488	0.10799	0.36732
16	951	Y	0.15185	0.34748	0.10870	0.39197
16	952	H	0.27487	0.31614	0.15292	0.25607
16	953	-	0.19907	0.26211	0.31247	0.22635
16	954	A	0.98389	0.00051	0.01419	0.00141
16	955	C	0.00039	0.98232	0.00009	0.01720
16	956	C	0.01138	0.96481	0.00088	0.02294
16	957	T	0.00532	0.00190	0.00023	0.99256
16	958	C	0.00014	0.99783	0.00004	0.00199
16	959	A	0.96950	0.00241	0.00243	0.02567
16	960	G	0.02420	0.00039	0.97464	0.00077
16	961	A	0.99949	0.00006	0.00027	0.00018
16	962	G	0.09470	0.00374	0.89305	0.00851
16	963	A	0.90643	0.00263	0.08511	0.00582
16	964	T	0.00261	0.08294	0.00074	0.91371
16	965	T	0.14755	0.01268	0.00247	0.83730
16	966	C	0.00301	0.77109	0.00062	0.22528
16	967	C	0.00077	0.97179	0.00017	0.02727
16	968	C	0.02303	0.73657	0.00077	0.23963
16	969	A	0.99320	0.00316	0.00167	0.00196
16	970	G	0.34162	0.00351	0.64952	0.00535
16	971	C	0.00394	0.89822	0.00028	0.09756
16	972	T	0.00250	0.27061	0.00051	0.72637
16	973	C	0.00012	0.99815	0.00003	0.00170
16	974	T	0.00063	0.03692	0.00009	0.96236
16	975	T	0.00041	0.01055	0.00007	0.98897
16	976	A	0.67548	0.00120	0.32050	0.00281
16	977	C	0.29656	0.60690	0.01049	0.08605
