16
rf_1_NC_001617_ 0.0000000 0.9175929 0.9473766 1.0460240 1.1016190 1.1078862 0.9437953 1.0358679 0.9830393 0.9120223 0.8622783 0.8716163 0.9095278 1.0255638 0.9016130 0.9144704 
rf_1_NC_009996_ 0.9175929 0.0000000 0.7644103 1.0807916 1.0924276 1.0955238 1.0561142 0.9058581 0.9746375 1.0127315 0.9110192 0.9028121 0.9070742 0.9591474 0.8974354 0.9065409 
rf_1_NC_001490_ 0.9473766 0.7644103 0.0000000 0.8485013 0.8676838 0.8804738 0.9586688 0.7779481 0.7185433 0.6799211 0.7026854 0.7158669 0.8082899 0.8718591 0.7859107 0.7846673 
rf_1_NC_029905_ 1.0460240 1.0807916 0.8485013 0.0000000 0.8809786 0.9086380 0.8733544 0.7032721 0.7718593 0.7593805 0.7412640 0.6929549 0.8302703 0.9576782 0.8253259 0.8111720 
rf_1_NC_001612_ 1.1016190 1.0924276 0.8676838 0.8809786 0.0000000 0.0249092 0.9885518 0.7458287 0.5994611 0.6350818 0.6040064 0.5995450 0.7307675 0.8322368 0.7676778 0.7525559 
rf_1_NC_030454_ 1.1078862 1.0955238 0.8804738 0.9086380 0.0249092 0.0000000 0.9925994 0.7538082 0.6045677 0.6430662 0.6247357 0.6091619 0.7170939 0.8529921 0.7732240 0.7579780 
rf_1_NC_003988_ 0.9437953 1.0561142 0.9586688 0.8733544 0.9885518 0.9925994 0.0000000 0.7039452 0.6247257 0.5913720 0.5229385 0.5539504 0.7138424 0.7595438 0.7340517 0.7267276 
rf_1_NC_001430_ 1.0358679 0.9058581 0.7779481 0.7032721 0.7458287 0.7538082 0.7039452 0.0000000 0.3802444 0.4033046 0.4062802 0.4240681 0.6655009 0.7019306 0.6333277 0.6374209 
rf_1_NC_002058_ 0.9830393 0.9746375 0.7185433 0.7718593 0.5994611 0.6045677 0.6247257 0.3802444 0.0000000 0.4081326 0.3454084 0.3564039 0.5350587 0.6099734 0.5887142 0.5760582 
rf_1_NC_001472_ 0.9120223 1.0127315 0.6799211 0.7593805 0.6350818 0.6430662 0.5913720 0.4033046 0.4081326 0.0000000 0.2298730 0.2685295 0.5393946 0.5729586 0.5447163 0.5291761 
rf_1_NC_013695_ 0.8622783 0.9110192 0.7026854 0.7412640 0.6040064 0.6247357 0.5229385 0.4062802 0.3454084 0.2298730 0.0000000 0.1322716 0.4765909 0.5701897 0.5159223 0.4919230 
rf_1_NC_010415_ 0.8716163 0.9028121 0.7158669 0.6929549 0.5995450 0.6091619 0.5539504 0.4240681 0.3564039 0.2685295 0.1322716 0.0000000 0.4978776 0.5504992 0.5003805 0.4708235 
rf_1_NC_034267_ 0.9095278 0.9070742 0.8082899 0.8302703 0.7307675 0.7170939 0.7138424 0.6655009 0.5350587 0.5393946 0.4765909 0.4978776 0.0000000 0.4315608 0.4358276 0.4124240 
rf_1_NC_001859_ 1.0255638 0.9591474 0.8718591 0.9576782 0.8322368 0.8529921 0.7595438 0.7019306 0.6099734 0.5729586 0.5701897 0.5504992 0.4315608 0.0000000 0.2420536 0.2198804 
rf_1_NC_008714_ 0.9016130 0.8974354 0.7859107 0.8253259 0.7676778 0.7732240 0.7340517 0.6333277 0.5887142 0.5447163 0.5159223 0.5003805 0.4358276 0.2420536 0.0000000 0.0533852 
rf_1_NC_021220_ 0.9144704 0.9065409 0.7846673 0.8111720 0.7525559 0.7579780 0.7267276 0.6374209 0.5760582 0.5291761 0.4919230 0.4708235 0.4124240 0.2198804 0.0533852 0.0000000 
