16
NC_001617_ 0.0000000 1.5522708 1.8506190 1.6033738 1.8438736 1.7662941 1.6008043 1.4555549 1.4918159 1.6764578 1.3293165 1.5063741 1.4781315 1.8066123 1.3776059 1.4824213 
NC_009996_ 1.5522708 0.0000000 1.7466598 1.3361878 1.6061484 1.6656388 1.8663137 1.3420475 1.3563981 1.5304509 1.4518257 1.5284084 1.5312336 1.7344616 1.4782440 1.5453840 
NC_029905_ 1.8506190 1.7466598 0.0000000 1.3185795 1.5930149 1.5757188 1.6023699 1.1409706 1.3843263 1.2315833 1.5233354 1.3610627 1.3265635 1.5706199 1.4930520 1.5388188 
NC_001490_ 1.6033738 1.3361878 1.3185795 0.0000000 1.7620466 1.7532632 1.5976345 1.1496676 1.3550045 1.3137030 1.2222174 1.3463747 1.6140864 1.5095228 1.4722429 1.5286173 
NC_001612_ 1.8438736 1.6061484 1.5930149 1.7620466 0.0000000 0.1836747 1.7755901 1.1426481 0.9595428 1.1758172 1.2055295 1.0893213 1.4092200 1.3751339 1.3376141 1.3316894 
NC_030454_ 1.7662941 1.6656388 1.5757188 1.7532632 0.1836747 0.0000000 1.8249952 1.1019021 0.9635526 1.1577960 1.2021777 1.1634886 1.3562673 1.3970955 1.5015401 1.4161302 
NC_003988_ 1.6008043 1.8663137 1.6023699 1.5976345 1.7755901 1.8249952 0.0000000 1.1545822 1.1519038 1.0648183 1.0311028 1.1077264 1.2588485 1.3207879 1.2496021 1.3970477 
NC_001430_ 1.4555549 1.3420475 1.1409706 1.1496676 1.1426481 1.1019021 1.1545822 0.0000000 0.7928524 0.8426486 0.8034888 0.7716619 1.2386309 1.2343493 1.0846365 1.0575486 
NC_002058_ 1.4918159 1.3563981 1.3843263 1.3550045 0.9595428 0.9635526 1.1519038 0.7928524 0.0000000 0.8200715 0.7310887 0.7209075 0.9861268 1.1720789 1.0350667 0.9431443 
NC_001472_ 1.6764578 1.5304509 1.2315833 1.3137030 1.1758172 1.1577960 1.0648183 0.8426486 0.8200715 0.0000000 0.6288957 0.6669988 1.0637557 1.0184962 1.0023728 1.0276448 
NC_013695_ 1.3293165 1.4518257 1.5233354 1.2222174 1.2055295 1.2021777 1.0311028 0.8034888 0.7310887 0.6288957 0.0000000 0.4909109 0.9918176 1.0479686 0.9728290 0.9107097 
NC_010415_ 1.5063741 1.5284084 1.3610627 1.3463747 1.0893213 1.1634886 1.1077264 0.7716619 0.7209075 0.6669988 0.4909109 0.0000000 1.0189616 1.0372736 0.9260697 0.9541103 
NC_034267_ 1.4781315 1.5312336 1.3265635 1.6140864 1.4092200 1.3562673 1.2588485 1.2386309 0.9861268 1.0637557 0.9918176 1.0189616 0.0000000 0.8469068 0.8951993 0.9470046 
NC_001859_ 1.8066123 1.7344616 1.5706199 1.5095228 1.3751339 1.3970955 1.3207879 1.2343493 1.1720789 1.0184962 1.0479686 1.0372736 0.8469068 0.0000000 0.6705768 0.5684744 
NC_008714_ 1.3776059 1.4782440 1.4930520 1.4722429 1.3376141 1.5015401 1.2496021 1.0846365 1.0350667 1.0023728 0.9728290 0.9260697 0.8951993 0.6705768 0.0000000 0.2855817 
NC_021220_ 1.4824213 1.5453840 1.5388188 1.5286173 1.3316894 1.4161302 1.3970477 1.0575486 0.9431443 1.0276448 0.9107097 0.9541103 0.9470046 0.5684744 0.2855817 0.0000000 
