Node	Site	State 	p_A	p_C	p_G	p_T
36	1	T	0.04314	0.09270	0.10281	0.76134
36	2	T	0.00614	0.03300	0.00523	0.95562
36	3	C	0.03243	0.69812	0.13337	0.13607
36	4	A	0.98598	0.00152	0.00809	0.00441
36	5	A	0.95407	0.00617	0.02461	0.01515
36	6	A	0.71753	0.02435	0.20569	0.05243
36	7	G	0.18999	0.02426	0.73683	0.04892
36	8	G	0.02430	0.00674	0.95548	0.01349
36	9	G	0.09473	0.08015	0.54593	0.27919
36	10	G	0.08489	0.04972	0.74937	0.11602
36	11	G	0.02430	0.00674	0.95548	0.01349
36	12	T	0.07689	0.13812	0.15034	0.63464
36	13	C	0.02235	0.71243	0.02323	0.24199
36	14	G	0.08908	0.05567	0.72081	0.13445
36	15	G	0.08728	0.10579	0.69554	0.11139
36	16	R	0.37270	0.15861	0.28869	0.18000
36	17	G	0.08424	0.08912	0.72645	0.10020
36	18	G	0.00910	0.00190	0.98480	0.00420
36	19	G	0.04457	0.02061	0.87496	0.05986
36	20	T	0.06746	0.09262	0.03178	0.80814
36	21	T	0.06746	0.09262	0.03178	0.80814
36	22	T	0.00645	0.03442	0.00552	0.95362
36	23	Y	0.01745	0.52249	0.01689	0.44316
36	24	Y	0.01865	0.48005	0.01786	0.48344
36	25	C	0.00188	0.96934	0.00204	0.02674
36	26	C	0.12830	0.68086	0.03696	0.15388
36	27	G	0.18620	0.01003	0.77964	0.02414
36	28	G	0.03878	0.02188	0.90793	0.03141
36	29	A	0.90256	0.02123	0.03997	0.03624
36	30	C	0.01829	0.82770	0.03402	0.11999
36	31	C	0.01268	0.64908	0.01246	0.32578
36	32	C	0.00188	0.96934	0.00204	0.02674
36	33	C	0.00942	0.74970	0.00940	0.23149
36	34	C	0.00773	0.83182	0.00784	0.15262
36	35	C	0.00772	0.86002	0.00792	0.12433
36	36	G	0.13227	0.07594	0.67000	0.12179
36	37	A	0.63097	0.07779	0.15391	0.13733
36	38	C	0.07316	0.59803	0.08310	0.24572
36	39	G	0.13227	0.07594	0.67000	0.12179
36	40	Y	0.04604	0.49027	0.04781	0.41588
36	41	C	0.02062	0.82834	0.02271	0.12832
36	42	T	0.01623	0.16157	0.01472	0.80747
36	43	T	0.00645	0.03442	0.00552	0.95362
36	44	T	0.00645	0.03442	0.00552	0.95362
36	45	G	0.05208	0.11786	0.74783	0.08223
36	46	G	0.18620	0.01003	0.77964	0.02414
36	47	A	0.77390	0.00924	0.19255	0.02431
36	48	C	0.06640	0.60683	0.03728	0.28948
36	49	G	0.09969	0.00805	0.87392	0.01833
36	50	C	0.10358	0.51543	0.04884	0.33215
36	51	C	0.00188	0.96934	0.00204	0.02674
36	52	C	0.00188	0.96934	0.00204	0.02674
36	53	A	0.48407	0.04660	0.31595	0.15337
36	54	T	0.05224	0.08895	0.17333	0.68547
36	55	G	0.18379	0.06228	0.56387	0.19007
36	56	G	0.05208	0.11786	0.74783	0.08223
36	57	T	0.00645	0.03442	0.00552	0.95362
36	58	G	0.18620	0.01003	0.77964	0.02414
36	59	C	0.16905	0.39220	0.20711	0.23165
36	60	G	0.18620	0.01003	0.77964	0.02414
36	61	G	0.00910	0.00190	0.98480	0.00420
36	62	G	0.00401	0.00083	0.99323	0.00193
36	63	G	0.00401	0.00083	0.99323	0.00193
36	64	G	0.05112	0.00861	0.91723	0.02305
36	65	T	0.17770	0.13843	0.03477	0.64910
36	66	G	0.03929	0.00652	0.93778	0.01642
36	67	T	0.00248	0.01382	0.00205	0.98165
36	68	A	0.97887	0.00188	0.01368	0.00557
36	69	A	0.99359	0.00066	0.00364	0.00211
36	70	A	0.99059	0.00099	0.00538	0.00304
36	71	T	0.10456	0.19433	0.10862	0.59249
36	72	T	0.00645	0.03442	0.00552	0.95362
36	73	A	0.98550	0.00158	0.00837	0.00455
36	74	C	0.00068	0.98747	0.00077	0.01108
36	75	C	0.00423	0.85963	0.00431	0.13183
36	76	T	0.05702	0.14748	0.18238	0.61312
36	77	C	0.00423	0.85963	0.00431	0.13183
36	78	A	0.86445	0.00446	0.11819	0.01289
36	79	C	0.01655	0.82119	0.09211	0.07015
36	80	C	0.02461	0.75441	0.09141	0.12957
36	81	C	0.23954	0.48292	0.08410	0.19345
36	82	C	0.00185	0.95970	0.00200	0.03645
36	83	C	0.00068	0.98747	0.00077	0.01108
36	84	G	0.01147	0.00269	0.97953	0.00631
36	85	T	0.00248	0.01382	0.00205	0.98165
36	86	T	0.00248	0.01382	0.00205	0.98165
36	87	A	0.57310	0.09398	0.17418	0.15874
36	88	G	0.14970	0.09161	0.61568	0.14301
36	89	C	0.08838	0.54281	0.10025	0.26856
36	90	T	0.11334	0.20388	0.11880	0.56398
36	91	G	0.14970	0.09161	0.61568	0.14301
36	92	T	0.00182	0.00977	0.00150	0.98691
36	93	G	0.00795	0.00179	0.98612	0.00415
36	94	C	0.00133	0.97341	0.00148	0.02378
36	95	C	0.00133	0.97341	0.00148	0.02378
36	96	G	0.03549	0.02127	0.84395	0.09928
36	97	T	0.22109	0.11087	0.03507	0.63297
36	98	G	0.00826	0.00189	0.98532	0.00454
36	99	G	0.02808	0.00572	0.95508	0.01111
36	100	T	0.06257	0.10859	0.32948	0.49935
36	101	T	0.00479	0.12740	0.00440	0.86341
36	102	T	0.01912	0.02918	0.00674	0.94496
36	103	A	0.89238	0.01308	0.02616	0.06838
36	104	C	0.13478	0.71507	0.02362	0.12654
36	105	G	0.00317	0.00066	0.99461	0.00155
36	106	G	0.01005	0.00163	0.98459	0.00373
36	107	A	0.85459	0.02481	0.06897	0.05163
36	108	H	0.27051	0.36088	0.11946	0.24915
36	109	M	0.38120	0.25823	0.13050	0.23007
36	110	C	0.00050	0.99068	0.00057	0.00825
36	111	T	0.00182	0.00977	0.00150	0.98691
36	112	A	0.84410	0.00854	0.12564	0.02172
36	113	C	0.21999	0.55351	0.03397	0.19254
36	114	M	0.43091	0.43945	0.03092	0.09872
36	115	T	0.00248	0.01382	0.00205	0.98165
36	116	R	0.45239	0.04276	0.34243	0.16242
36	117	T	0.00544	0.05260	0.00465	0.93732
36	118	T	0.06537	0.26267	0.19316	0.47880
36	119	Y	0.01823	0.51037	0.01757	0.45384
36	120	C	0.03849	0.57055	0.06541	0.32556
36	121	T	0.12878	0.23362	0.05542	0.58217
36	122	T	0.01381	0.25932	0.01287	0.71399
36	123	A	0.76376	0.04082	0.07118	0.12423
36	124	G	0.07597	0.04422	0.76524	0.11457
36	125	Y	0.08621	0.27872	0.25074	0.38433
36	126	R	0.30712	0.14733	0.37925	0.16629
36	127	C	0.05768	0.55669	0.19139	0.19424
36	128	T	0.02483	0.28243	0.02358	0.66916
36	129	A	0.63097	0.07779	0.15391	0.13733
36	130	A	0.63097	0.07779	0.15391	0.13733
36	131	G	0.13227	0.07594	0.67000	0.12179
36	132	T	0.09805	0.18654	0.10118	0.61423
36	133	A	0.63097	0.07779	0.15391	0.13733
36	134	C	0.07316	0.59803	0.08310	0.24572
36	135	T	0.09805	0.18654	0.10118	0.61423
36	136	G	0.13227	0.07594	0.67000	0.12179
36	137	G	0.13227	0.07594	0.67000	0.12179
36	138	G	0.13227	0.07594	0.67000	0.12179
36	139	G	0.13227	0.07594	0.67000	0.12179
36	140	Y	0.04475	0.47955	0.04624	0.42946
36	141	Y	0.04475	0.47955	0.04624	0.42946
36	142	K	0.12289	0.11892	0.43335	0.32483
36	143	C	0.01934	0.83549	0.02129	0.12388
36	144	S	0.10987	0.27838	0.40046	0.21129
36	145	Y	0.04642	0.41016	0.04729	0.49613
36	146	T	0.03786	0.11479	0.03598	0.81138
36	147	K	0.12289	0.11892	0.43335	0.32483
36	148	W	0.42117	0.11364	0.12091	0.34429
36	149	C	0.01934	0.83549	0.02129	0.12388
36	150	C	0.01934	0.83549	0.02129	0.12388
36	151	K	0.12289	0.11892	0.43335	0.32483
36	152	W	0.34618	0.12404	0.11704	0.41274
36	153	K	0.12289	0.11892	0.43335	0.32483
36	154	Y	0.04475	0.47955	0.04624	0.42946
36	155	S	0.10987	0.27838	0.40046	0.21129
36	156	S	0.10987	0.27838	0.40046	0.21129
36	157	Y	0.04642	0.41016	0.04729	0.49613
36	158	W	0.42117	0.11364	0.12091	0.34429
36	159	Y	0.04475	0.47955	0.04624	0.42946
36	160	K	0.12289	0.11892	0.43335	0.32483
36	161	G	0.05127	0.01843	0.89671	0.03360
36	162	T	0.00415	0.03123	0.00351	0.96111
36	163	T	0.00182	0.00977	0.00150	0.98691
36	164	T	0.10379	0.06095	0.02472	0.81054
36	165	T	0.00182	0.00977	0.00150	0.98691
36	166	G	0.00891	0.00157	0.98593	0.00358
36	167	G	0.05601	0.23675	0.44356	0.26368
36	168	W	0.40574	0.19449	0.05141	0.34836
36	169	T	0.00436	0.03645	0.00371	0.95548
36	170	G	0.04932	0.02456	0.83361	0.09251
36	171	T	0.00182	0.00977	0.00150	0.98691
36	172	A	0.99327	0.00070	0.00381	0.00222
36	173	A	0.86443	0.00461	0.11771	0.01325
36	174	A	0.97644	0.00201	0.01563	0.00592
36	175	T	0.00253	0.01386	0.00210	0.98151
36	176	A	0.80815	0.02491	0.06132	0.10563
36	177	T	0.19838	0.06543	0.04006	0.69613
36	178	T	0.05903	0.13384	0.21574	0.59139
36	179	A	0.86443	0.00461	0.11771	0.01325
36	180	A	0.97532	0.00357	0.01249	0.00862
36	181	T	0.00253	0.01386	0.00210	0.98151
36	182	T	0.03735	0.11537	0.10781	0.73947
36	183	C	0.00790	0.77509	0.00795	0.20905
36	184	C	0.00214	0.95626	0.00233	0.03927
36	185	T	0.00871	0.16513	0.00792	0.81824
36	186	G	0.00575	0.00119	0.99033	0.00272
36	187	C	0.00576	0.83771	0.00587	0.15066
36	188	A	0.82132	0.07992	0.03490	0.06387
36	189	G	0.04967	0.03809	0.80178	0.11045
36	190	G	0.01147	0.00269	0.97953	0.00631
36	191	T	0.02065	0.06467	0.04354	0.87114
36	192	T	0.00479	0.12740	0.00440	0.86341
36	193	C	0.00050	0.99068	0.00057	0.00825
36	194	A	0.82945	0.00629	0.14671	0.01755
36	195	G	0.01005	0.00163	0.98459	0.00373
36	196	G	0.08501	0.08894	0.73850	0.08755
36	197	T	0.12127	0.12555	0.05434	0.69884
36	198	C	0.00449	0.84773	0.00465	0.14312
36	199	T	0.00182	0.00977	0.00150	0.98691
36	200	C	0.00549	0.91107	0.00504	0.07841
36	201	T	0.00182	0.00977	0.00150	0.98691
36	202	T	0.01526	0.27432	0.01685	0.69358
36	203	T	0.09805	0.18654	0.10118	0.61423
36	204	T	0.09805	0.18654	0.10118	0.61423
36	205	T	0.09805	0.18654	0.10118	0.61423
36	206	T	0.09805	0.18654	0.10118	0.61423
36	207	G	0.13227	0.07594	0.67000	0.12179
36	208	C	0.07316	0.59803	0.08310	0.24572
36	209	T	0.09805	0.18654	0.10118	0.61423
36	210	T	0.09805	0.18654	0.10118	0.61423
36	211	A	0.63097	0.07779	0.15391	0.13733
36	212	A	0.63097	0.07779	0.15391	0.13733
36	213	A	0.63097	0.07779	0.15391	0.13733
36	214	A	0.63097	0.07779	0.15391	0.13733
36	215	T	0.09805	0.18654	0.10118	0.61423
36	216	G	0.13227	0.07594	0.67000	0.12179
36	217	G	0.11736	0.00821	0.85349	0.02094
36	218	A	0.74392	0.08059	0.06980	0.10568
36	219	A	0.74360	0.07814	0.08070	0.09757
36	220	T	0.00546	0.02661	0.00530	0.96264
36	221	T	0.01489	0.36227	0.01728	0.60556
36	222	A	0.89238	0.01308	0.02616	0.06838
36	223	G	0.19178	0.06241	0.47975	0.26606
36	224	G	0.14489	0.01708	0.78810	0.04993
36	225	T	0.01542	0.07242	0.00934	0.90283
36	226	C	0.00310	0.92877	0.00333	0.06479
36	227	C	0.00050	0.99068	0.00057	0.00825
36	228	A	0.87559	0.02194	0.03370	0.06877
36	229	C	0.00597	0.82153	0.00606	0.16644
36	230	G	0.03219	0.01637	0.88426	0.06717
36	231	Y	0.06379	0.36128	0.11892	0.45602
36	232	T	0.02102	0.03207	0.10349	0.84342
36	233	A	0.99493	0.00052	0.00286	0.00170
36	234	G	0.03857	0.00357	0.94965	0.00821
36	235	G	0.13227	0.07594	0.67000	0.12179
36	236	C	0.07316	0.59803	0.08310	0.24572
36	237	G	0.13227	0.07594	0.67000	0.12179
36	238	T	0.09805	0.18654	0.10118	0.61423
36	239	A	0.63097	0.07779	0.15391	0.13733
36	240	A	0.63097	0.07779	0.15391	0.13733
36	241	C	0.07316	0.59803	0.08310	0.24572
36	242	C	0.07316	0.59803	0.08310	0.24572
36	243	A	0.63097	0.07779	0.15391	0.13733
36	244	T	0.09805	0.18654	0.10118	0.61423
36	245	G	0.02190	0.00920	0.92202	0.04688
36	246	G	0.03857	0.00357	0.94965	0.00821
36	247	G	0.02811	0.00601	0.95422	0.01166
36	248	C	0.00050	0.99068	0.00057	0.00825
36	249	A	0.84872	0.07990	0.02229	0.04908
36	250	C	0.00133	0.97341	0.00148	0.02378
36	251	T	0.00182	0.00977	0.00150	0.98691
36	252	C	0.00907	0.82377	0.00777	0.15938
36	253	T	0.17117	0.05541	0.02505	0.74837
36	254	C	0.03170	0.56587	0.09333	0.30909
36	255	T	0.00436	0.03645	0.00371	0.95548
36	256	T	0.00182	0.00977	0.00150	0.98691
36	257	A	0.94897	0.00691	0.02677	0.01734
36	258	C	0.00730	0.91803	0.00812	0.06655
36	259	C	0.00730	0.91803	0.00812	0.06655
36	260	C	0.02272	0.63826	0.02348	0.31555
36	261	A	0.94897	0.00691	0.02677	0.01734
36	262	T	0.08146	0.09877	0.25590	0.56388
36	263	A	0.94897	0.00691	0.02677	0.01734
36	264	A	0.55513	0.19245	0.08634	0.16608
36	265	G	0.27437	0.02346	0.65098	0.05119
36	266	T	0.01749	0.06360	0.01569	0.90322
36	267	G	0.02477	0.00712	0.95371	0.01440
36	268	A	0.94897	0.00691	0.02677	0.01734
36	269	C	0.02272	0.63826	0.02348	0.31555
36	270	G	0.08591	0.07246	0.60938	0.23226
36	271	C	0.06365	0.52973	0.22545	0.18117
36	272	C	0.00730	0.91803	0.00812	0.06655
36	273	T	0.25369	0.09213	0.07359	0.58059
36	274	T	0.01749	0.06360	0.01569	0.90322
36	275	A	0.60211	0.06674	0.08169	0.24946
36	276	G	0.02477	0.00712	0.95371	0.01440
36	277	C	0.06365	0.52973	0.22545	0.18117
36	278	G	0.02477	0.00712	0.95371	0.01440
36	279	G	0.02477	0.00712	0.95371	0.01440
36	280	A	0.62591	0.02319	0.29704	0.05385
36	281	A	0.55513	0.19245	0.08634	0.16608
36	282	C	0.00730	0.91803	0.00812	0.06655
36	283	C	0.06365	0.52973	0.22545	0.18117
36	284	T	0.01749	0.06360	0.01569	0.90322
36	285	T	0.02645	0.30306	0.02567	0.64483
36	286	T	0.02645	0.30306	0.02567	0.64483
36	287	C	0.02272	0.63826	0.02348	0.31555
36	288	T	0.01749	0.06360	0.01569	0.90322
36	289	A	0.62591	0.02319	0.29704	0.05385
36	290	C	0.03672	0.76018	0.04221	0.16089
36	291	A	0.79052	0.03905	0.09182	0.07861
36	292	C	0.03672	0.76018	0.04221	0.16089
36	293	T	0.05612	0.12214	0.05550	0.76624
36	294	T	0.05612	0.12214	0.05550	0.76624
36	295	G	0.07892	0.03857	0.81571	0.06680
36	296	A	0.79052	0.03905	0.09182	0.07861
36	297	T	0.05612	0.12214	0.05550	0.76624
36	298	G	0.02477	0.00712	0.95371	0.01440
36	299	T	0.08146	0.09877	0.25590	0.56388
36	300	G	0.02477	0.00712	0.95371	0.01440
36	301	G	0.07824	0.19562	0.58065	0.14549
36	302	T	0.01749	0.06360	0.01569	0.90322
36	303	T	0.01749	0.06360	0.01569	0.90322
36	304	A	0.94897	0.00691	0.02677	0.01734
36	305	G	0.04108	0.01854	0.88881	0.05157
36	306	G	0.08234	0.00794	0.89165	0.01807
36	307	C	0.05355	0.46453	0.31276	0.16916
36	308	K	0.07137	0.23695	0.40751	0.28417
36	309	Y	0.01463	0.50598	0.01406	0.46533
36	310	T	0.01418	0.21345	0.01307	0.75930
36	311	A	0.86828	0.03576	0.04402	0.05194
36	312	S	0.19005	0.37211	0.25566	0.18218
36	313	A	0.52594	0.12999	0.20325	0.14082
36	314	T	0.09267	0.24801	0.04088	0.61844
36	315	A	0.56563	0.05317	0.06244	0.31876
36	316	W	0.39086	0.07997	0.06106	0.46811
36	317	T	0.00412	0.02181	0.00344	0.97063
36	318	T	0.00412	0.02181	0.00344	0.97063
36	319	T	0.01334	0.32549	0.01241	0.64876
36	320	C	0.01119	0.70121	0.01117	0.27642
36	321	C	0.00121	0.97891	0.00135	0.01852
36	322	C	0.01119	0.70121	0.01117	0.27642
36	323	T	0.02661	0.05622	0.01381	0.90336
36	324	G	0.00646	0.00136	0.98909	0.00309
36	325	G	0.26930	0.01145	0.69135	0.02790
36	326	G	0.03587	0.08400	0.82136	0.05877
36	327	Y	0.03024	0.49109	0.05510	0.42357
36	328	C	0.00121	0.97891	0.00135	0.01852
36	329	C	0.07952	0.57425	0.09025	0.25598
36	330	A	0.60627	0.08455	0.16273	0.14645
36	331	G	0.13985	0.08248	0.64691	0.13075
36	332	A	0.60627	0.08455	0.16273	0.14645
36	333	H	0.35069	0.27961	0.13596	0.23374
36	334	W	0.33552	0.13914	0.13130	0.39404
36	335	T	0.04764	0.13648	0.12621	0.68967
36	336	T	0.01028	0.09802	0.00898	0.88272
36	337	C	0.00676	0.78999	0.00683	0.19642
36	338	T	0.01715	0.05989	0.02383	0.89913
36	339	T	0.30552	0.14468	0.06330	0.48651
36	340	T	0.17487	0.08313	0.09867	0.64333
36	341	G	0.02249	0.00705	0.95189	0.01857
36	342	G	0.12852	0.00701	0.84705	0.01743
36	343	C	0.02209	0.78375	0.09719	0.09698
36	344	C	0.01119	0.70121	0.01117	0.27642
36	345	C	0.00614	0.83058	0.00628	0.15700
36	346	T	0.01028	0.09802	0.00898	0.88272
36	347	T	0.12058	0.05232	0.02802	0.79908
36	348	T	0.02783	0.22060	0.04651	0.70506
36	349	T	0.00253	0.01386	0.00210	0.98151
36	350	T	0.00253	0.01386	0.00210	0.98151
36	351	C	0.00214	0.95626	0.00233	0.03927
36	352	C	0.10430	0.66528	0.03642	0.19401
36	353	C	0.04094	0.70697	0.01901	0.23308
36	354	C	0.00986	0.84289	0.02199	0.12526
36	355	C	0.00614	0.68793	0.00595	0.29997
36	356	T	0.04481	0.06857	0.31978	0.56685
36	357	Y	0.00892	0.45042	0.00852	0.53213
36	358	A	0.55828	0.05905	0.08571	0.29696
36	359	C	0.00347	0.87102	0.00353	0.12198
36	360	T	0.00479	0.12740	0.00440	0.86341
36	361	A	0.78463	0.02981	0.06299	0.12257
36	362	T	0.00182	0.00977	0.00150	0.98691
36	363	C	0.00347	0.87102	0.00353	0.12198
36	364	A	0.98707	0.00142	0.00702	0.00449
36	365	T	0.00479	0.12740	0.00440	0.86341
36	366	T	0.00865	0.29177	0.00786	0.69172
36	367	T	0.00867	0.41425	0.00820	0.56887
36	368	T	0.00415	0.03123	0.00351	0.96111
36	369	T	0.11425	0.05568	0.03732	0.79276
36	370	T	0.01010	0.08816	0.00879	0.89295
36	371	T	0.11334	0.20388	0.11880	0.56398
36	372	C	0.08838	0.54281	0.10025	0.26856
36	373	C	0.01774	0.59797	0.01344	0.37085
36	374	T	0.00182	0.00977	0.00150	0.98691
36	375	T	0.00488	0.06187	0.00419	0.92906
36	376	C	0.00050	0.99068	0.00057	0.00825
36	377	C	0.00203	0.96987	0.00201	0.02609
36	378	G	0.11681	0.00852	0.85473	0.01993
36	379	G	0.00317	0.00066	0.99461	0.00155
36	380	G	0.00317	0.00066	0.99461	0.00155
36	381	C	0.00121	0.97732	0.00135	0.02012
36	382	T	0.00182	0.00977	0.00150	0.98691
36	383	C	0.00050	0.99068	0.00057	0.00825
36	384	T	0.00182	0.00977	0.00150	0.98691
36	385	C	0.00050	0.99068	0.00057	0.00825
36	386	A	0.95677	0.00471	0.02619	0.01232
36	387	G	0.04547	0.26562	0.52530	0.16361
36	388	C	0.01040	0.90888	0.01015	0.07056
36	389	A	0.92480	0.00779	0.03870	0.02872
36	390	T	0.00182	0.00977	0.00150	0.98691
36	391	G	0.00845	0.00156	0.98644	0.00355
36	392	C	0.00050	0.99068	0.00057	0.00825
36	393	C	0.00050	0.99068	0.00057	0.00825
36	394	A	0.77047	0.01257	0.18576	0.03120
36	395	A	0.96666	0.00327	0.01982	0.01025
36	396	T	0.03429	0.15860	0.01334	0.79377
36	397	G	0.00317	0.00066	0.99461	0.00155
36	398	G	0.01272	0.00436	0.96029	0.02263
36	399	Y	0.05718	0.46231	0.01809	0.46243
36	400	Y	0.14962	0.38148	0.09113	0.37777
36	401	C	0.00050	0.99068	0.00057	0.00825
36	402	T	0.01760	0.06905	0.01592	0.89743
36	403	G	0.00317	0.00066	0.99461	0.00155
36	404	A	0.97298	0.00178	0.01991	0.00533
36	405	C	0.00050	0.99068	0.00057	0.00825
36	406	C	0.00050	0.99068	0.00057	0.00825
36	407	G	0.10889	0.00430	0.87556	0.01124
36	408	D	0.26048	0.14613	0.32807	0.26531
36	409	T	0.00182	0.00977	0.00150	0.98691
36	410	G	0.00317	0.00066	0.99461	0.00155
36	411	C	0.00050	0.99068	0.00057	0.00825
36	412	G	0.00317	0.00066	0.99461	0.00155
36	413	C	0.00050	0.99068	0.00057	0.00825
36	414	C	0.00891	0.94654	0.00378	0.04078
36	415	C	0.00050	0.99068	0.00057	0.00825
36	416	G	0.00317	0.00066	0.99461	0.00155
36	417	B	0.04930	0.27538	0.39997	0.27535
36	418	C	0.00347	0.87102	0.00353	0.12198
36	419	G	0.00317	0.00066	0.99461	0.00155
36	420	G	0.00317	0.00066	0.99461	0.00155
36	421	G	0.00317	0.00066	0.99461	0.00155
36	422	G	0.00317	0.00066	0.99461	0.00155
36	423	T	0.00182	0.00977	0.00150	0.98691
36	424	T	0.00488	0.06187	0.00419	0.92906
36	425	A	0.99493	0.00052	0.00286	0.00170
36	426	A	0.99493	0.00052	0.00286	0.00170
36	427	C	0.00050	0.99068	0.00057	0.00825
36	428	T	0.00857	0.26647	0.00774	0.71722
36	429	C	0.02003	0.79702	0.08822	0.09472
36	430	C	0.11281	0.74362	0.02134	0.12223
36	431	A	0.88948	0.01639	0.05109	0.04304
36	432	T	0.02622	0.05458	0.02308	0.89613
36	433	G	0.00317	0.00066	0.99461	0.00155
36	434	A	0.95148	0.00173	0.04160	0.00518
36	435	T	0.00182	0.00977	0.00150	0.98691
36	436	T	0.00182	0.00977	0.00150	0.98691
36	437	A	0.99493	0.00052	0.00286	0.00170
36	438	G	0.00317	0.00066	0.99461	0.00155
36	439	C	0.00050	0.99068	0.00057	0.00825
36	440	A	0.95914	0.00675	0.01672	0.01739
36	441	T	0.04416	0.10840	0.03369	0.81376
36	442	G	0.03383	0.01896	0.86225	0.08496
36	443	G	0.03975	0.07499	0.82927	0.05600
36	444	A	0.82639	0.00480	0.15553	0.01328
36	445	G	0.00317	0.00066	0.99461	0.00155
36	446	C	0.00050	0.99068	0.00057	0.00825
36	447	T	0.00182	0.00977	0.00150	0.98691
36	448	G	0.00317	0.00066	0.99461	0.00155
36	449	T	0.00182	0.00977	0.00150	0.98691
36	450	A	0.99493	0.00052	0.00286	0.00170
36	451	G	0.00317	0.00066	0.99461	0.00155
36	452	G	0.01847	0.00813	0.95756	0.01583
36	453	T	0.15915	0.33614	0.04305	0.46166
36	454	G	0.01214	0.01559	0.96123	0.01103
36	455	C	0.00677	0.73703	0.00678	0.24943
36	456	T	0.00488	0.06187	0.00419	0.92906
36	457	A	0.97699	0.00261	0.01010	0.01030
36	458	A	0.99493	0.00052	0.00286	0.00170
36	459	A	0.99493	0.00052	0.00286	0.00170
36	460	A	0.99493	0.00052	0.00286	0.00170
36	461	G	0.00814	0.00184	0.98571	0.00431
36	462	T	0.00415	0.03123	0.00351	0.96111
36	463	G	0.01853	0.00759	0.95749	0.01639
36	464	S	0.07744	0.45051	0.33014	0.14191
36	465	T	0.01178	0.07823	0.01260	0.89739
36	466	G	0.00317	0.00066	0.99461	0.00155
36	467	A	0.99493	0.00052	0.00286	0.00170
36	468	C	0.00125	0.97598	0.00140	0.02137
36	469	A	0.95926	0.00627	0.01659	0.01788
36	470	C	0.02754	0.70862	0.08799	0.17585
36	471	T	0.06359	0.21466	0.11861	0.60314
36	472	G	0.09645	0.13315	0.54123	0.22917
36	473	G	0.08843	0.07618	0.77209	0.06329
36	474	A	0.96666	0.00327	0.01982	0.01025
36	475	A	0.98668	0.00130	0.00807	0.00395
36	476	T	0.01570	0.14437	0.01415	0.82578
36	477	T	0.02387	0.37047	0.06814	0.53752
36	478	T	0.00714	0.40555	0.00673	0.58059
36	479	G	0.09322	0.04380	0.74547	0.11751
36	480	G	0.01853	0.00759	0.95749	0.01639
36	481	A	0.96320	0.00450	0.01681	0.01549
36	482	C	0.00628	0.95187	0.00339	0.03846
36	483	T	0.01912	0.09673	0.01809	0.86607
36	484	A	0.77386	0.01111	0.18319	0.03185
36	485	T	0.00399	0.02803	0.00336	0.96462
36	486	T	0.11888	0.22462	0.06048	0.59601
36	487	A	0.75121	0.00519	0.22963	0.01397
36	488	A	0.86412	0.00458	0.11809	0.01320
36	489	T	0.10116	0.04938	0.01796	0.83151
36	490	G	0.04969	0.12518	0.71480	0.11033
36	491	C	0.00985	0.85545	0.02715	0.10755
36	492	A	0.69272	0.05146	0.09307	0.16275
36	493	T	0.15017	0.18662	0.06982	0.59340
36	494	G	0.20856	0.02706	0.65741	0.10697
36	495	C	0.00198	0.94364	0.00212	0.05226
36	496	A	0.84384	0.02021	0.03663	0.09932
36	497	G	0.16562	0.26161	0.44510	0.12767
36	498	T	0.00780	0.02668	0.00477	0.96075
36	499	G	0.21541	0.01216	0.73878	0.03364
36	500	T	0.00604	0.02837	0.00666	0.95894
36	501	T	0.00182	0.00977	0.00150	0.98691
36	502	A	0.99493	0.00052	0.00286	0.00170
36	503	A	0.99493	0.00052	0.00286	0.00170
36	504	C	0.00050	0.99068	0.00057	0.00825
36	505	T	0.00182	0.00977	0.00150	0.98691
36	506	G	0.03878	0.02648	0.83507	0.09967
36	507	A	0.83782	0.00625	0.13847	0.01746
36	508	A	0.98012	0.00226	0.01017	0.00744
36	509	A	0.65940	0.04803	0.15184	0.14072
36	510	C	0.00506	0.92599	0.00454	0.06441
36	511	A	0.88929	0.02092	0.02956	0.06022
36	512	T	0.22914	0.13030	0.08190	0.55866
36	513	G	0.03549	0.02127	0.84395	0.09928
36	514	T	0.04588	0.11029	0.23770	0.60613
36	515	A	0.98722	0.00127	0.00763	0.00388
36	516	W	0.33603	0.14635	0.14270	0.37492
36	517	K	0.14092	0.14267	0.38879	0.32762
36	518	A	0.98722	0.00127	0.00763	0.00388
36	519	R	0.46217	0.09539	0.36423	0.07822
36	520	T	0.03512	0.33717	0.09967	0.52804
36	521	C	0.00903	0.70710	0.00900	0.27486
36	522	T	0.01804	0.29063	0.01215	0.67918
36	523	V	0.33083	0.23802	0.27864	0.15252
36	524	A	0.95529	0.00556	0.01834	0.02080
36	525	T	0.00436	0.03645	0.00371	0.95548
36	526	T	0.00516	0.14717	0.00463	0.84305
36	527	G	0.00317	0.00066	0.99461	0.00155
36	528	A	0.99493	0.00052	0.00286	0.00170
36	529	T	0.00182	0.00977	0.00150	0.98691
36	530	C	0.00050	0.99068	0.00057	0.00825
36	531	T	0.00182	0.00977	0.00150	0.98691
36	532	T	0.00182	0.00977	0.00150	0.98691
36	533	C	0.01281	0.75702	0.03189	0.19828
36	534	T	0.07673	0.20559	0.12200	0.59568
36	535	A	0.78628	0.03088	0.06113	0.12171
36	536	G	0.11313	0.28381	0.46626	0.13680
36	537	A	0.96715	0.00181	0.02565	0.00539
36	538	A	0.83888	0.00619	0.13764	0.01729
36	539	G	0.33741	0.00666	0.63879	0.01714
36	540	G	0.00317	0.00066	0.99461	0.00155
36	541	G	0.00317	0.00066	0.99461	0.00155
36	542	G	0.00317	0.00066	0.99461	0.00155
36	543	T	0.00182	0.00977	0.00150	0.98691
36	544	A	0.99493	0.00052	0.00286	0.00170
36	545	G	0.00317	0.00066	0.99461	0.00155
36	546	G	0.00317	0.00066	0.99461	0.00155
36	547	C	0.00050	0.99068	0.00057	0.00825
36	548	T	0.00182	0.00977	0.00150	0.98691
36	549	A	0.99493	0.00052	0.00286	0.00170
36	550	C	0.00050	0.99068	0.00057	0.00825
36	551	G	0.00317	0.00066	0.99461	0.00155
36	552	G	0.00317	0.00066	0.99461	0.00155
36	553	G	0.00317	0.00066	0.99461	0.00155
36	554	T	0.00182	0.00977	0.00150	0.98691
36	555	G	0.00317	0.00066	0.99461	0.00155
36	556	A	0.99493	0.00052	0.00286	0.00170
36	557	A	0.99493	0.00052	0.00286	0.00170
36	558	A	0.99493	0.00052	0.00286	0.00170
36	559	C	0.00050	0.99068	0.00057	0.00825
36	560	C	0.00050	0.99068	0.00057	0.00825
36	561	C	0.00009	0.99556	0.00010	0.00424
36	562	C	0.09222	0.52809	0.01554	0.36415
36	563	C	0.00204	0.57641	0.00184	0.41971
36	564	T	0.00079	0.02307	0.00060	0.97553
36	565	A	0.99957	0.00003	0.00028	0.00012
36	566	G	0.00406	0.00059	0.99344	0.00191
36	567	G	0.00531	0.00051	0.99285	0.00134
36	568	T	0.00058	0.00846	0.00043	0.99052
36	569	T	0.00019	0.00209	0.00014	0.99758
36	570	A	0.99957	0.00003	0.00028	0.00012
36	571	A	0.95813	0.00044	0.03965	0.00179
36	572	T	0.00019	0.00209	0.00014	0.99758
36	573	A	0.99957	0.00003	0.00028	0.00012
36	574	C	0.00003	0.99871	0.00003	0.00124
36	575	T	0.00056	0.00771	0.00041	0.99132
36	576	C	0.00042	0.98412	0.00038	0.01508
36	577	A	0.99686	0.00037	0.00171	0.00106
36	578	T	0.00019	0.00209	0.00014	0.99758
36	579	A	0.99957	0.00003	0.00028	0.00012
36	580	T	0.00019	0.00209	0.00014	0.99758
36	581	T	0.00153	0.01018	0.00232	0.98597
36	582	G	0.00446	0.00038	0.99405	0.00112
36	583	A	0.99957	0.00003	0.00028	0.00012
36	584	G	0.00038	0.00004	0.99946	0.00012
36	585	A	0.99957	0.00003	0.00028	0.00012
36	586	G	0.00038	0.00004	0.99946	0.00012
36	587	A	0.99957	0.00003	0.00028	0.00012
36	588	T	0.00019	0.00209	0.00014	0.99758
36	589	A	0.99843	0.00009	0.00110	0.00038
36	590	C	0.00045	0.98116	0.00054	0.01785
36	591	C	0.00967	0.75263	0.00444	0.23326
36	592	T	0.00019	0.00209	0.00014	0.99758
36	593	C	0.00054	0.95610	0.00054	0.04282
36	594	C	0.00371	0.57102	0.00408	0.42118
36	595	R	0.55620	0.00228	0.43359	0.00793
36	596	G	0.32892	0.01548	0.55787	0.09773
36	597	T	0.00953	0.00799	0.00182	0.98066
36	598	A	0.99957	0.00003	0.00028	0.00012
36	599	G	0.00038	0.00004	0.99946	0.00012
36	600	G	0.00038	0.00004	0.99946	0.00012
36	601	T	0.00488	0.27832	0.00514	0.71166
36	602	T	0.00267	0.00914	0.00814	0.98004
36	603	A	0.99957	0.00003	0.00028	0.00012
36	604	A	0.99957	0.00003	0.00028	0.00012
36	605	G	0.01156	0.00843	0.96704	0.01297
36	606	G	0.00145	0.00013	0.99805	0.00036
36	607	T	0.00153	0.01018	0.00232	0.98597
36	608	T	0.00074	0.01699	0.00056	0.98171
36	609	G	0.00135	0.00012	0.99817	0.00035
36	610	G	0.00208	0.00125	0.99544	0.00122
36	611	C	0.00067	0.92443	0.00064	0.07426
36	612	G	0.00038	0.00004	0.99946	0.00012
36	613	G	0.00038	0.00004	0.99946	0.00012
36	614	A	0.99493	0.00052	0.00286	0.00170
36	615	T	0.00019	0.00209	0.00014	0.99758
36	616	A	0.99957	0.00003	0.00028	0.00012
36	617	A	0.98210	0.00177	0.00549	0.01065
36	618	T	0.14618	0.05285	0.05540	0.74556
36	619	G	0.00038	0.00004	0.99946	0.00012
36	620	G	0.01048	0.00422	0.97358	0.01172
36	621	T	0.00019	0.00209	0.00014	0.99758
36	622	G	0.00038	0.00004	0.99946	0.00012
36	623	A	0.96749	0.00196	0.00433	0.02623
36	624	G	0.00038	0.00004	0.99946	0.00012
36	625	T	0.01760	0.06905	0.01592	0.89743
36	626	T	0.03975	0.11849	0.03795	0.80381
36	627	C	0.02062	0.82834	0.02271	0.12832
36	628	T	0.00093	0.00719	0.00056	0.99132
36	629	T	0.00088	0.00804	0.00079	0.99029
36	630	T	0.04032	0.01223	0.00398	0.94347
36	631	A	0.87862	0.01798	0.01821	0.08519
36	632	A	0.99855	0.00010	0.00093	0.00042
36	633	C	0.00799	0.90988	0.01919	0.06294
36	634	G	0.00038	0.00004	0.99946	0.00012
36	635	A	0.99957	0.00003	0.00028	0.00012
36	636	C	0.00003	0.99871	0.00003	0.00124
36	637	A	0.99493	0.00052	0.00286	0.00170
36	638	A	0.95813	0.00044	0.03965	0.00179
36	639	A	0.85027	0.01324	0.02029	0.11619
36	640	A	0.99957	0.00003	0.00028	0.00012
36	641	A	0.96749	0.00196	0.00433	0.02623
36	642	C	0.01029	0.92341	0.00616	0.06015
36	643	C	0.00003	0.99871	0.00003	0.00124
36	644	W	0.41778	0.08089	0.03095	0.47038
36	645	T	0.00019	0.00209	0.00014	0.99758
36	646	T	0.00019	0.00209	0.00014	0.99758
36	647	C	0.00003	0.99871	0.00003	0.00124
36	648	A	0.99957	0.00003	0.00028	0.00012
36	649	A	0.99957	0.00003	0.00028	0.00012
36	650	C	0.00003	0.99871	0.00003	0.00124
36	651	G	0.05442	0.00071	0.94260	0.00228
36	652	C	0.00035	0.98946	0.00133	0.00886
36	653	C	0.00009	0.99585	0.00010	0.00397
36	654	T	0.00153	0.01018	0.00232	0.98597
36	655	G	0.00038	0.00004	0.99946	0.00012
36	656	T	0.00102	0.00744	0.00060	0.99094
36	657	G	0.00038	0.00004	0.99946	0.00012
36	658	G	0.00038	0.00004	0.99946	0.00012
36	659	A	0.91709	0.01304	0.04018	0.02969
36	660	G	0.22901	0.00887	0.74355	0.01857
36	661	C	0.00009	0.99556	0.00010	0.00424
36	662	C	0.00677	0.91936	0.01296	0.06091
36	663	A	0.69171	0.02796	0.24141	0.03892
36	664	A	0.84043	0.00304	0.14672	0.00980
36	665	C	0.00234	0.60177	0.00211	0.39378
36	666	C	0.00003	0.99871	0.00003	0.00124
36	667	T	0.00019	0.00209	0.00014	0.99758
36	668	C	0.00003	0.99871	0.00003	0.00124
36	669	A	0.99957	0.00003	0.00028	0.00012
36	670	Y	0.07426	0.48949	0.01403	0.42223
36	671	Y	0.00247	0.54270	0.00218	0.45265
36	672	G	0.41396	0.00405	0.56949	0.01250
36	673	G	0.03298	0.00060	0.96459	0.00183
36	674	C	0.01144	0.77525	0.07183	0.14148
36	675	A	0.60284	0.03744	0.02976	0.32996
36	676	C	0.28006	0.41697	0.10021	0.20277
36	677	A	0.55304	0.00981	0.41837	0.01877
36	678	A	0.99957	0.00003	0.00028	0.00012
36	679	T	0.00019	0.00209	0.00014	0.99758
36	680	G	0.00038	0.00004	0.99946	0.00012
36	681	C	0.00003	0.99871	0.00003	0.00124
36	682	T	0.03084	0.07647	0.09301	0.79967
36	683	T	0.00019	0.00209	0.00014	0.99758
36	684	T	0.04032	0.01223	0.00398	0.94347
36	685	C	0.08838	0.54281	0.10025	0.26856
36	686	T	0.11334	0.20388	0.11880	0.56398
36	687	T	0.11334	0.20388	0.11880	0.56398
36	688	G	0.14970	0.09161	0.61568	0.14301
36	689	A	0.57310	0.09398	0.17418	0.15874
36	690	C	0.08838	0.54281	0.10025	0.26856
36	691	T	0.11334	0.20388	0.11880	0.56398
36	692	G	0.14970	0.09161	0.61568	0.14301
36	693	A	0.57310	0.09398	0.17418	0.15874
36	694	T	0.11334	0.20388	0.11880	0.56398
36	695	C	0.08838	0.54281	0.10025	0.26856
36	696	C	0.08838	0.54281	0.10025	0.26856
36	697	T	0.11334	0.20388	0.11880	0.56398
36	698	T	0.11334	0.20388	0.11880	0.56398
36	699	C	0.08838	0.54281	0.10025	0.26856
36	700	A	0.57310	0.09398	0.17418	0.15874
36	701	G	0.14970	0.09161	0.61568	0.14301
36	702	A	0.57310	0.09398	0.17418	0.15874
36	703	G	0.14970	0.09161	0.61568	0.14301
36	704	G	0.08691	0.04111	0.80129	0.07068
36	705	R	0.40003	0.07135	0.40241	0.12622
36	706	G	0.08691	0.04111	0.80129	0.07068
36	707	T	0.06220	0.14521	0.06184	0.73075
36	708	G	0.08691	0.04111	0.80129	0.07068
36	709	R	0.36569	0.07128	0.43776	0.12528
36	710	W	0.37109	0.13927	0.14586	0.34378
36	711	T	0.06220	0.14521	0.06184	0.73075
36	712	Y	0.07413	0.39371	0.07822	0.45394
36	713	K	0.14092	0.14267	0.38879	0.32762
36	714	W	0.37109	0.13927	0.14586	0.34378
36	715	C	0.03987	0.73762	0.04503	0.17747
36	716	T	0.06220	0.14521	0.06184	0.73075
36	717	G	0.08691	0.04111	0.80129	0.07068
36	718	W	0.33603	0.14635	0.14270	0.37492
36	719	H	0.29123	0.31391	0.14040	0.25446
36	720	W	0.37109	0.13927	0.14586	0.34378
36	721	R	0.36569	0.07128	0.43776	0.12528
36	722	G	0.08691	0.04111	0.80129	0.07068
36	723	G	0.08691	0.04111	0.80129	0.07068
36	724	Y	0.07272	0.42366	0.07725	0.42637
36	725	T	0.06220	0.14521	0.06184	0.73075
36	726	G	0.08691	0.04111	0.80129	0.07068
36	727	Y	0.07413	0.39371	0.07822	0.45394
36	728	C	0.03987	0.73762	0.04503	0.17747
36	729	T	0.06220	0.14521	0.06184	0.73075
36	730	T	0.06220	0.14521	0.06184	0.73075
36	731	K	0.13890	0.14996	0.35199	0.35915
36	732	A	0.78107	0.04066	0.09793	0.08033
36	733	S	0.12864	0.28106	0.36006	0.23024
36	734	R	0.36569	0.07128	0.43776	0.12528
36	735	C	0.03987	0.73762	0.04503	0.17747
36	736	T	0.06220	0.14521	0.06184	0.73075
36	737	K	0.13890	0.14996	0.35199	0.35915
36	738	A	0.78107	0.04066	0.09793	0.08033
36	739	W	0.37109	0.13927	0.14586	0.34378
36	740	K	0.13890	0.14996	0.35199	0.35915
36	741	Y	0.07413	0.39371	0.07822	0.45394
36	742	C	0.03987	0.73762	0.04503	0.17747
36	743	T	0.03624	0.20286	0.24747	0.51344
36	744	G	0.32250	0.02039	0.53476	0.12236
36	745	G	0.07556	0.00812	0.88526	0.03106
36	746	A	0.87029	0.01098	0.09894	0.01979
36	747	R	0.37686	0.07317	0.43005	0.11992
36	748	C	0.00151	0.88190	0.00173	0.11485
36	749	C	0.04700	0.58610	0.18101	0.18589
36	750	A	0.98373	0.00287	0.00592	0.00749
36	751	A	0.99360	0.00053	0.00326	0.00261
36	752	G	0.01422	0.00684	0.95681	0.02213
36	753	T	0.00019	0.00209	0.00014	0.99758
36	754	G	0.00038	0.00004	0.99946	0.00012
36	755	C	0.00249	0.85432	0.00283	0.14036
36	756	G	0.00038	0.00004	0.99946	0.00012
36	757	C	0.17718	0.55030	0.06208	0.21044
36	758	T	0.00019	0.00209	0.00014	0.99758
36	759	A	0.96433	0.00180	0.02722	0.00666
36	760	G	0.00145	0.00013	0.99805	0.00036
36	761	G	0.00038	0.00004	0.99946	0.00012
36	762	G	0.06330	0.02566	0.86525	0.04579
36	763	B	0.11291	0.32157	0.33710	0.22843
36	764	C	0.02604	0.80232	0.02903	0.14260
36	765	A	0.58945	0.08928	0.16859	0.15267
36	766	A	0.58945	0.08928	0.16859	0.15267
36	767	A	0.58945	0.08928	0.16859	0.15267
36	768	C	0.08397	0.55825	0.09526	0.26252
36	769	A	0.58945	0.08928	0.16859	0.15267
36	770	T	0.10900	0.19930	0.11375	0.57794
36	771	C	0.08397	0.55825	0.09526	0.26252
36	772	A	0.58945	0.08928	0.16859	0.15267
36	773	T	0.10900	0.19930	0.11375	0.57794
36	774	T	0.10900	0.19930	0.11375	0.57794
36	775	T	0.03786	0.11479	0.03598	0.81138
36	776	G	0.02185	0.00067	0.97542	0.00206
36	777	G	0.03358	0.20871	0.58015	0.17756
36	778	C	0.00089	0.87085	0.00082	0.12743
36	779	T	0.00524	0.04361	0.01571	0.93543
36	780	T	0.06263	0.04222	0.00879	0.88636
36	781	B	0.06034	0.31370	0.37297	0.25299
36	782	W	0.44911	0.02449	0.08702	0.43938
36	783	A	0.92280	0.00250	0.06056	0.01414
36	784	T	0.15091	0.18674	0.02267	0.63968
36	785	G	0.02660	0.02312	0.86389	0.08639
36	786	G	0.00485	0.00052	0.99331	0.00132
36	787	A	0.99505	0.00029	0.00345	0.00121
36	788	G	0.12044	0.00091	0.87561	0.00304
36	789	A	0.99747	0.00014	0.00181	0.00057
36	790	T	0.00177	0.01152	0.00101	0.98571
36	791	G	0.02101	0.00295	0.96806	0.00798
36	792	C	0.00033	0.99269	0.00037	0.00661
36	793	T	0.00133	0.00842	0.00106	0.98918
36	794	Y	0.05371	0.43945	0.04143	0.46541
36	795	T	0.00714	0.39162	0.00656	0.59468
36	796	A	0.82651	0.01948	0.10982	0.04419
36	797	G	0.01381	0.00216	0.97908	0.00495
36	798	T	0.00208	0.04753	0.00198	0.94840
36	799	G	0.02197	0.00068	0.97527	0.00208
36	800	G	0.00038	0.00004	0.99946	0.00012
36	801	A	0.93408	0.00112	0.06059	0.00421
36	802	H	0.35182	0.27641	0.13267	0.23910
36	803	K	0.13182	0.12921	0.41539	0.32357
36	804	Y	0.05545	0.45851	0.05804	0.42801
36	805	T	0.04782	0.12916	0.04649	0.77654
36	806	H	0.35182	0.27641	0.13267	0.23910
36	807	A	0.98803	0.00070	0.00818	0.00308
36	808	G	0.01499	0.00674	0.93453	0.04374
36	809	K	0.03641	0.03663	0.46121	0.46574
36	810	T	0.14119	0.24556	0.09193	0.52132
36	811	A	0.66675	0.00753	0.30169	0.02402
36	812	C	0.00003	0.99871	0.00003	0.00124
36	813	T	0.11334	0.20388	0.11880	0.56398
36	814	A	0.57310	0.09398	0.17418	0.15874
36	815	G	0.14970	0.09161	0.61568	0.14301
36	816	C	0.08838	0.54281	0.10025	0.26856
36	817	T	0.11334	0.20388	0.11880	0.56398
36	818	T	0.11334	0.20388	0.11880	0.56398
36	819	C	0.00009	0.99553	0.00010	0.00427
36	820	C	0.00048	0.96840	0.00048	0.03064
36	821	T	0.00713	0.02370	0.01760	0.95157
36	822	C	0.00003	0.99871	0.00003	0.00124
36	823	C	0.00003	0.99871	0.00003	0.00124
36	824	C	0.00044	0.98437	0.00039	0.01480
36	825	T	0.00900	0.09505	0.00788	0.88807
36	826	R	0.50998	0.02682	0.38512	0.07807
36	827	G	0.00780	0.00622	0.97810	0.00787
36	828	A	0.98875	0.00022	0.01009	0.00094
36	829	A	0.99686	0.00037	0.00171	0.00106
36	830	A	0.97823	0.00052	0.01918	0.00208
36	831	G	0.00498	0.00110	0.99147	0.00244
36	832	G	0.06132	0.00509	0.92203	0.01156
36	833	C	0.08838	0.54281	0.10025	0.26856
36	834	T	0.11334	0.20388	0.11880	0.56398
36	835	C	0.08838	0.54281	0.10025	0.26856
36	836	T	0.11334	0.20388	0.11880	0.56398
36	837	G	0.14970	0.09161	0.61568	0.14301
36	838	G	0.14970	0.09161	0.61568	0.14301
36	839	G	0.14970	0.09161	0.61568	0.14301
36	840	G	0.14970	0.09161	0.61568	0.14301
36	841	C	0.08838	0.54281	0.10025	0.26856
36	842	Y	0.07413	0.39371	0.07822	0.45394
36	843	S	0.12864	0.28106	0.36006	0.23024
36	844	S	0.12864	0.28106	0.36006	0.23024
36	845	A	0.78107	0.04066	0.09793	0.08033
36	846	C	0.03987	0.73762	0.04503	0.17747
36	847	K	0.13890	0.14996	0.35199	0.35915
36	848	R	0.36569	0.07128	0.43776	0.12528
36	849	Y	0.07413	0.39371	0.07822	0.45394
36	850	Y	0.07413	0.39371	0.07822	0.45394
36	851	C	0.03987	0.73762	0.04503	0.17747
36	852	T	0.06220	0.14521	0.06184	0.73075
36	853	Y	0.07413	0.39371	0.07822	0.45394
36	854	T	0.06220	0.14521	0.06184	0.73075
36	855	G	0.08691	0.04111	0.80129	0.07068
36	856	G	0.08691	0.04111	0.80129	0.07068
36	857	G	0.03650	0.01345	0.92473	0.02533
36	858	G	0.09066	0.08681	0.71935	0.10317
36	859	T	0.00266	0.03797	0.00219	0.95717
36	860	C	0.00078	0.92508	0.00075	0.07339
36	861	G	0.01152	0.00445	0.96211	0.02192
36	862	T	0.00086	0.00794	0.00078	0.99042
36	863	A	0.99825	0.00012	0.00112	0.00050
36	864	T	0.10900	0.19930	0.11375	0.57794
36	865	G	0.14489	0.08706	0.63112	0.13693
36	866	T	0.10900	0.19930	0.11375	0.57794
36	867	G	0.14489	0.08706	0.63112	0.13693
36	868	G	0.14489	0.08706	0.63112	0.13693
36	869	T	0.10900	0.19930	0.11375	0.57794
36	870	G	0.14489	0.08706	0.63112	0.13693
36	871	T	0.10900	0.19930	0.11375	0.57794
36	872	T	0.10900	0.19930	0.11375	0.57794
36	873	T	0.10900	0.19930	0.11375	0.57794
36	874	G	0.14489	0.08706	0.63112	0.13693
36	875	C	0.08397	0.55825	0.09526	0.26252
36	876	C	0.08397	0.55825	0.09526	0.26252
36	877	T	0.10900	0.19930	0.11375	0.57794
36	878	C	0.08397	0.55825	0.09526	0.26252
36	879	T	0.10900	0.19930	0.11375	0.57794
36	880	G	0.00038	0.00004	0.99946	0.00012
36	881	G	0.00145	0.00013	0.99805	0.00036
36	882	G	0.00038	0.00004	0.99946	0.00012
36	883	G	0.00038	0.00004	0.99946	0.00012
36	884	T	0.00019	0.00209	0.00014	0.99758
36	885	A	0.99957	0.00003	0.00028	0.00012
36	886	G	0.04891	0.01723	0.90217	0.03168
36	887	C	0.01901	0.80319	0.00460	0.17320
36	888	T	0.00019	0.00209	0.00014	0.99758
36	889	C	0.00003	0.99871	0.00003	0.00124
36	890	A	0.99957	0.00003	0.00028	0.00012
36	891	G	0.00038	0.00004	0.99946	0.00012
36	892	G	0.00038	0.00004	0.99946	0.00012
36	893	G	0.00213	0.00033	0.99623	0.00130
36	894	G	0.00038	0.00004	0.99946	0.00012
36	895	C	0.00020	0.98278	0.00021	0.01681
36	896	A	0.99957	0.00003	0.00028	0.00012
36	897	T	0.00588	0.05517	0.01780	0.92115
36	898	T	0.00019	0.00209	0.00014	0.99758
36	899	T	0.00019	0.00209	0.00014	0.99758
36	900	A	0.99957	0.00003	0.00028	0.00012
36	901	G	0.00038	0.00004	0.99946	0.00012
36	902	G	0.00038	0.00004	0.99946	0.00012
36	903	T	0.02654	0.08295	0.02501	0.86550
36	904	T	0.02654	0.08295	0.02501	0.86550
36	905	T	0.00062	0.02459	0.00049	0.97430
36	906	T	0.00019	0.00209	0.00014	0.99758
36	907	T	0.00019	0.00209	0.00014	0.99758
36	908	C	0.00003	0.99871	0.00003	0.00124
36	909	C	0.00003	0.99871	0.00003	0.00124
36	910	A	0.99850	0.00010	0.00095	0.00044
36	911	C	0.00003	0.99871	0.00003	0.00124
36	912	A	0.99957	0.00003	0.00028	0.00012
36	913	T	0.13223	0.25231	0.01677	0.59869
36	914	T	0.00019	0.00209	0.00014	0.99758
36	915	T	0.00153	0.03588	0.00117	0.96142
36	916	A	0.60212	0.03096	0.10694	0.25998
36	917	A	0.97388	0.00834	0.00689	0.01089
36	918	A	0.73451	0.01116	0.19548	0.05885
36	919	A	0.99957	0.00003	0.00028	0.00012
36	920	T	0.16064	0.04235	0.33288	0.46413
36	921	T	0.38983	0.02834	0.01844	0.56339
36	922	T	0.09574	0.05103	0.08878	0.76445
36	923	Y	0.11991	0.29651	0.16385	0.41973
36	924	T	0.09742	0.10279	0.02026	0.77953
36	925	A	0.83497	0.02208	0.03181	0.11114
36	926	T	0.09803	0.18652	0.10116	0.61429
36	927	C	0.07314	0.59809	0.08308	0.24569
36	928	A	0.99957	0.00003	0.00028	0.00012
36	929	T	0.00019	0.00209	0.00014	0.99758
36	930	G	0.00038	0.00004	0.99946	0.00012
36	931	A	0.63097	0.07779	0.15391	0.13733
36	932	G	0.13227	0.07594	0.67000	0.12179
36	933	A	0.63097	0.07779	0.15391	0.13733
36	934	G	0.13227	0.07594	0.67000	0.12179
36	935	T	0.09805	0.18654	0.10118	0.61423
36	936	G	0.13227	0.07594	0.67000	0.12179
36	937	A	0.63097	0.07779	0.15391	0.13733
36	938	G	0.13227	0.07594	0.67000	0.12179
36	939	C	0.07316	0.59803	0.08310	0.24572
36	940	C	0.07316	0.59803	0.08310	0.24572
36	941	A	0.63097	0.07779	0.15391	0.13733
36	942	T	0.09805	0.18654	0.10118	0.61423
36	943	G	0.13227	0.07594	0.67000	0.12179
35	1	T	0.04036	0.08410	0.11360	0.76195
35	2	T	0.00418	0.02678	0.00346	0.96558
35	3	C	0.01720	0.82581	0.04999	0.10700
35	4	A	0.99160	0.00081	0.00512	0.00246
35	5	A	0.95811	0.00553	0.02262	0.01373
35	6	A	0.70183	0.02287	0.22553	0.04977
35	7	G	0.21006	0.02277	0.72027	0.04691
35	8	G	0.02240	0.00604	0.95936	0.01220
35	9	G	0.08852	0.06751	0.62699	0.21698
35	10	G	0.08390	0.05094	0.73818	0.12698
35	11	G	0.02240	0.00604	0.95936	0.01220
35	12	T	0.07709	0.13339	0.16675	0.62278
35	13	C	0.02121	0.70021	0.02184	0.25675
35	14	G	0.08809	0.05716	0.70616	0.14859
35	15	G	0.08507	0.11953	0.67983	0.11557
35	16	R	0.32289	0.17932	0.31275	0.18503
35	17	G	0.08221	0.09967	0.71429	0.10383
35	18	G	0.00619	0.00109	0.99024	0.00248
35	19	G	0.04093	0.01933	0.87549	0.06424
35	20	T	0.07213	0.08420	0.02866	0.81501
35	21	T	0.07213	0.08420	0.02866	0.81501
35	22	T	0.00456	0.02859	0.00380	0.96305
35	23	Y	0.01378	0.48266	0.01291	0.49065
35	24	Y	0.01340	0.53694	0.01269	0.43696
35	25	C	0.00114	0.97758	0.00121	0.02008
35	26	C	0.05109	0.80609	0.02031	0.12251
35	27	G	0.09467	0.00574	0.88562	0.01397
35	28	G	0.03404	0.02220	0.91439	0.02937
35	29	A	0.90965	0.02151	0.03474	0.03409
35	30	C	0.01658	0.83450	0.03583	0.11309
35	31	C	0.00982	0.62440	0.00938	0.35640
35	32	C	0.00114	0.97758	0.00121	0.02008
35	33	C	0.00541	0.85046	0.00540	0.13872
35	34	C	0.00583	0.83037	0.00576	0.15803
35	35	C	0.00575	0.86443	0.00576	0.12406
