Node	Site	State 	p_A	p_C	p_G	p_T
13	1	T	0.00000	0.00000	0.00000	1.00000
13	2	T	0.00000	0.00001	0.00000	0.99999
13	3	A	0.99970	0.00000	0.00001	0.00029
13	4	A	1.00000	0.00000	0.00000	0.00000
13	5	A	0.99999	0.00000	0.00000	0.00000
13	6	A	1.00000	0.00000	0.00000	0.00000
13	7	G	0.20571	0.15375	0.47733	0.16322
13	8	G	0.20571	0.15375	0.47733	0.16322
13	9	G	0.20571	0.15375	0.47733	0.16322
13	10	A	0.42482	0.17506	0.20571	0.19441
13	11	C	0.17506	0.43642	0.15375	0.23477
13	12	G	0.20571	0.15375	0.47733	0.16322
13	13	C	0.17506	0.43642	0.15375	0.23477
13	14	G	0.20571	0.15375	0.47733	0.16322
13	15	G	0.20571	0.15375	0.47733	0.16322
13	16	T	0.19441	0.23477	0.16322	0.40759
13	17	G	0.20571	0.15375	0.47733	0.16322
13	18	T	0.19441	0.23477	0.16322	0.40759
13	19	G	0.20571	0.15375	0.47733	0.16322
13	20	G	0.20571	0.15375	0.47733	0.16322
13	21	C	0.17506	0.43642	0.15375	0.23477
13	22	A	0.42482	0.17506	0.20571	0.19441
13	23	G	0.20571	0.15375	0.47733	0.16322
13	24	C	0.17506	0.43642	0.15375	0.23477
13	25	T	0.19441	0.23477	0.16322	0.40759
13	26	T	0.19441	0.23477	0.16322	0.40759
13	27	T	0.19441	0.23477	0.16322	0.40759
13	28	G	0.20571	0.15375	0.47733	0.16322
13	29	G	0.20571	0.15375	0.47733	0.16322
13	30	C	0.17506	0.43642	0.15375	0.23477
13	31	T	0.19441	0.23477	0.16322	0.40759
13	32	A	0.84655	0.03118	0.07416	0.04811
13	33	C	0.02722	0.87144	0.01687	0.08447
13	34	C	0.00000	0.99996	0.00000	0.00004
13	35	A	1.00000	0.00000	0.00000	0.00000
13	36	G	0.00005	0.00000	0.99995	0.00000
13	37	C	0.00001	0.99977	0.00000	0.00022
13	38	C	0.00002	0.99960	0.00001	0.00037
13	39	T	0.00020	0.00297	0.00003	0.99680
13	40	G	0.00060	0.00004	0.99929	0.00007
13	41	G	0.00037	0.00002	0.99957	0.00004
13	42	G	0.00001	0.00000	0.99999	0.00000
13	43	G	0.00000	0.00000	1.00000	0.00000
13	44	G	0.00001	0.00000	0.99999	0.00000
13	45	T	0.00001	0.00004	0.00000	0.99996
13	46	T	0.00000	0.00000	0.00000	1.00000
13	47	G	0.00002	0.00000	0.99998	0.00000
13	48	T	0.00000	0.00001	0.00000	0.99999
13	49	W	0.46163	0.00785	0.00420	0.52632
13	50	C	0.00000	0.99998	0.00000	0.00001
13	51	C	0.00000	1.00000	0.00000	0.00000
13	52	C	0.00000	0.99995	0.00000	0.00005
13	53	A	0.99997	0.00000	0.00002	0.00001
13	54	C	0.00000	0.99999	0.00000	0.00001
13	55	C	0.00000	0.99997	0.00000	0.00003
13	56	C	0.00000	1.00000	0.00000	0.00000
13	57	C	0.00005	0.99909	0.00001	0.00085
13	58	T	0.00173	0.05186	0.00021	0.94621
13	59	G	0.01136	0.00015	0.98812	0.00036
13	60	G	0.00021	0.00001	0.99976	0.00002
13	61	G	0.00004	0.00000	0.99995	0.00000
13	62	G	0.00006	0.00000	0.99994	0.00001
13	63	C	0.00000	1.00000	0.00000	0.00000
13	64	C	0.00000	0.99999	0.00000	0.00001
13	65	C	0.00000	0.99998	0.00000	0.00002
13	66	A	1.00000	0.00000	0.00000	0.00000
13	67	C	0.00000	0.99993	0.00000	0.00007
13	68	G	0.00004	0.00000	0.99995	0.00000
13	69	T	0.00003	0.00015	0.00000	0.99982
13	70	G	0.00001	0.00000	0.99999	0.00000
13	71	G	0.00000	0.00000	1.00000	0.00000
13	72	C	0.00001	0.99973	0.00000	0.00025
13	73	G	0.00000	0.00000	1.00000	0.00000
13	74	G	0.12564	0.06561	0.73281	0.07594
13	75	C	0.00025	0.98485	0.00008	0.01483
13	76	T	0.00001	0.00030	0.00000	0.99969
13	77	A	0.99994	0.00001	0.00003	0.00003
13	78	G	0.00000	0.00000	1.00000	0.00000
13	79	T	0.00001	0.00005	0.00000	0.99995
13	80	A	0.99997	0.00000	0.00002	0.00001
13	81	C	0.00000	0.99998	0.00000	0.00002
13	82	T	0.00005	0.00512	0.00001	0.99482
13	83	C	0.00000	0.99999	0.00000	0.00001
13	84	T	0.00000	0.00001	0.00000	0.99999
13	85	G	0.00000	0.00000	1.00000	0.00000
13	86	G	0.00003	0.00000	0.99997	0.00000
13	87	T	0.00000	0.00003	0.00000	0.99997
13	88	A	0.99442	0.00026	0.00028	0.00505
13	89	C	0.00004	0.99772	0.00001	0.00223
13	90	G	0.00072	0.00005	0.99914	0.00009
13	91	C	0.00157	0.80079	0.00025	0.19739
13	92	T	0.00002	0.00014	0.00000	0.99983
13	93	T	0.14995	0.20056	0.11077	0.53872
13	94	T	0.14995	0.20056	0.11077	0.53872
13	95	A	0.56317	0.12440	0.16248	0.14995
13	96	C	0.12440	0.57543	0.09960	0.20056
13	97	C	0.12440	0.57543	0.09960	0.20056
13	98	T	0.14995	0.20056	0.11077	0.53872
13	99	C	0.12440	0.57543	0.09960	0.20056
13	100	G	0.16248	0.09960	0.62715	0.11077
13	101	G	0.16248	0.09960	0.62715	0.11077
13	102	T	0.14995	0.20056	0.11077	0.53872
13	103	A	0.56317	0.12440	0.16248	0.14995
13	104	T	0.14995	0.20056	0.11077	0.53872
13	105	T	0.14995	0.20056	0.11077	0.53872
13	106	A	0.56317	0.12440	0.16248	0.14995
13	107	C	0.12440	0.57543	0.09960	0.20056
13	108	G	0.16248	0.09960	0.62715	0.11077
13	109	G	0.16248	0.09960	0.62715	0.11077
13	110	T	0.14995	0.20056	0.11077	0.53872
13	111	A	0.56317	0.12440	0.16248	0.14995
13	112	C	0.12440	0.57543	0.09960	0.20056
13	113	C	0.17836	0.45897	0.12850	0.23417
13	114	G	0.10875	0.05907	0.76486	0.06732
13	115	A	0.70370	0.08107	0.11286	0.10237
13	116	T	0.19191	0.22301	0.17663	0.40845
13	117	G	0.20343	0.15764	0.48114	0.15779
13	118	T	0.20477	0.21346	0.13201	0.44976
13	119	A	0.70370	0.08107	0.11286	0.10237
13	120	T	0.20477	0.21346	0.13201	0.44976
13	121	A	0.70370	0.08107	0.11286	0.10237
13	122	C	0.04670	0.75669	0.02486	0.17174
13	123	A	0.99992	0.00001	0.00004	0.00003
13	124	G	0.00000	0.00000	1.00000	0.00000
13	125	T	0.00448	0.00066	0.00009	0.99478
13	126	A	0.99996	0.00000	0.00004	0.00000
13	127	C	0.00000	0.99998	0.00000	0.00002
13	128	C	0.00000	0.99999	0.00000	0.00001
13	129	T	0.00004	0.00306	0.00001	0.99689
13	130	T	0.00000	0.00000	0.00000	1.00000
13	131	T	0.19441	0.23477	0.16322	0.40759
13	132	C	0.17506	0.43642	0.15375	0.23477
13	133	C	0.17506	0.43642	0.15375	0.23477
13	134	C	0.17506	0.43642	0.15375	0.23477
13	135	T	0.19441	0.23477	0.16322	0.40759
13	136	G	0.20571	0.15375	0.47733	0.16322
13	137	T	0.19441	0.23477	0.16322	0.40759
13	138	A	0.42482	0.17506	0.20571	0.19441
13	139	G	0.20571	0.15375	0.47733	0.16322
13	140	G	0.20571	0.15375	0.47733	0.16322
13	141	C	0.17506	0.43642	0.15375	0.23477
13	142	T	0.00000	0.00000	0.00000	1.00000
13	143	G	0.00002	0.00000	0.99997	0.00000
13	144	T	0.00001	0.00007	0.00000	0.99992
13	145	A	1.00000	0.00000	0.00000	0.00000
13	146	C	0.00000	0.99999	0.00000	0.00001
13	147	G	0.00001	0.00000	0.99999	0.00000
13	148	C	0.00000	0.99999	0.00000	0.00001
13	149	C	0.00000	1.00000	0.00000	0.00000
13	150	T	0.00000	0.00001	0.00000	0.99999
13	151	G	0.00006	0.00000	0.99993	0.00001
13	152	T	0.00000	0.00000	0.00000	1.00000
13	153	T	0.02237	0.04310	0.01017	0.92436
13	154	T	0.00000	0.00000	0.00000	1.00000
13	155	T	0.00000	0.00000	0.00000	1.00000
13	156	T	0.00002	0.00009	0.00000	0.99989
13	157	C	0.00024	0.98435	0.00005	0.01535
13	158	C	0.00001	0.99969	0.00000	0.00029
13	159	C	0.00013	0.99769	0.00003	0.00215
13	160	C	0.00007	0.99791	0.00002	0.00201
13	161	T	0.00002	0.00009	0.00000	0.99989
13	162	H	0.27377	0.31973	0.17110	0.23540
13	163	H	0.27377	0.31973	0.17110	0.23540
13	164	Y	0.16299	0.35268	0.12502	0.35932
13	165	C	0.13571	0.54368	0.11122	0.20939
13	166	A	0.53129	0.13571	0.17275	0.16024
13	167	C	0.00000	0.99999	0.00000	0.00001
13	168	C	0.00000	0.99999	0.00000	0.00001
13	169	C	0.00048	0.89760	0.00010	0.10183
13	170	T	0.00000	0.00002	0.00000	0.99998
13	171	T	0.00143	0.00559	0.00032	0.99265
13	172	A	0.99993	0.00001	0.00004	0.00003
13	173	A	0.99970	0.00003	0.00015	0.00012
13	174	A	0.99960	0.00004	0.00020	0.00016
13	175	T	0.00106	0.18153	0.00017	0.81725
13	176	A	0.99981	0.00002	0.00010	0.00008
13	177	A	0.99972	0.00003	0.00014	0.00011
13	178	A	0.99957	0.00005	0.00021	0.00017
13	179	T	0.00004	0.00018	0.00001	0.99978
13	180	T	0.00020	0.00182	0.00003	0.99796
13	181	A	0.99986	0.00001	0.00007	0.00005
13	182	A	0.99954	0.00005	0.00023	0.00018
13	183	G	0.00005	0.00000	0.99995	0.00001
13	184	A	0.99547	0.00056	0.00284	0.00113
13	185	T	0.00000	0.00002	0.00000	0.99998
13	186	T	0.00020	0.00611	0.00003	0.99366
13	187	G	0.16885	0.00518	0.79255	0.03343
13	188	C	0.00000	0.99994	0.00000	0.00005
13	189	C	0.00022	0.99027	0.00005	0.00946
13	190	A	0.96440	0.00047	0.03355	0.00157
13	191	C	0.00009	0.99837	0.00004	0.00149
13	192	T	0.00191	0.02480	0.00061	0.97268
13	193	A	0.99957	0.00004	0.00021	0.00017
13	194	C	0.00173	0.99604	0.00011	0.00211
13	195	T	0.00010	0.00108	0.00001	0.99881
13	196	G	0.00006	0.00000	0.99993	0.00001
13	197	A	0.99265	0.00067	0.00083	0.00584
13	198	G	0.00006	0.00000	0.99993	0.00001
13	199	G	0.00016	0.00001	0.99981	0.00002
13	200	G	0.00011	0.00001	0.99987	0.00001
13	201	G	0.00016	0.00001	0.99982	0.00002
13	202	A	0.99993	0.00001	0.00004	0.00003
13	203	G	0.00016	0.00001	0.99982	0.00002
13	204	T	0.00003	0.00012	0.00000	0.99985
13	205	A	0.99978	0.00002	0.00011	0.00008
13	206	G	0.00060	0.00007	0.99925	0.00008
13	207	T	0.01101	0.00317	0.00044	0.98538
13	208	C	0.00001	0.99972	0.00000	0.00026
13	209	C	0.00001	0.99972	0.00000	0.00026
13	210	G	0.00008	0.00000	0.99990	0.00001
13	211	A	0.99986	0.00001	0.00007	0.00006
13	212	C	0.00001	0.99972	0.00000	0.00026
13	213	T	0.00005	0.00023	0.00001	0.99971
13	214	C	0.00008	0.99730	0.00002	0.00260
13	215	C	0.00001	0.99972	0.00000	0.00026
13	216	G	0.00008	0.00000	0.99990	0.00001
13	217	C	0.00001	0.99972	0.00000	0.00026
13	218	T	0.00556	0.00223	0.00027	0.99195
13	219	C	0.00001	0.99972	0.00000	0.00026
13	220	C	0.00001	0.99972	0.00000	0.00026
13	221	A	0.91705	0.00229	0.07688	0.00378
13	222	G	0.01300	0.00054	0.98572	0.00074
13	223	T	0.00147	0.33362	0.00024	0.66467
13	224	A	0.99986	0.00001	0.00007	0.00006
13	225	C	0.00012	0.99835	0.00002	0.00151
13	226	T	0.10601	0.23731	0.03188	0.62480
13	227	G	0.00249	0.00048	0.99468	0.00235
13	228	C	0.00012	0.99797	0.00007	0.00184
13	229	T	0.00461	0.01495	0.00483	0.97561
13	230	G	0.00220	0.00194	0.99489	0.00096
13	231	C	0.00314	0.99157	0.00027	0.00502
13	232	A	0.97555	0.01416	0.00223	0.00806
13	233	C	0.00001	0.99972	0.00000	0.00026
13	234	C	0.00314	0.99157	0.00027	0.00502
13	235	A	0.99241	0.00018	0.00682	0.00058
13	236	G	0.00249	0.00048	0.99468	0.00235
13	237	T	0.00556	0.00223	0.00027	0.99195
13	238	G	0.00078	0.00002	0.99915	0.00004
13	239	A	0.99623	0.00183	0.00066	0.00128
13	240	A	0.94847	0.00816	0.03549	0.00787
13	241	C	0.00001	0.99972	0.00000	0.00026
13	242	T	0.00217	0.00294	0.00277	0.99211
13	243	G	0.00008	0.00000	0.99990	0.00001
13	244	G	0.00249	0.00048	0.99468	0.00235
13	245	T	0.00005	0.00023	0.00001	0.99971
13	246	A	0.99331	0.00317	0.00098	0.00254
13	247	C	0.00214	0.97547	0.00354	0.01885
13	248	G	0.00525	0.00737	0.98482	0.00256
13	249	C	0.00081	0.97529	0.00039	0.02350
13	250	T	0.00037	0.00401	0.00005	0.99556
13	251	A	0.99905	0.00005	0.00069	0.00020
13	252	G	0.00011	0.00001	0.99987	0.00001
13	253	T	0.00164	0.00222	0.00222	0.99392
13	254	A	0.99980	0.00002	0.00010	0.00008
13	255	C	0.00002	0.99967	0.00000	0.00030
13	256	C	0.00003	0.99940	0.00001	0.00056
13	257	T	0.00033	0.00816	0.00005	0.99146
13	258	T	0.00003	0.00012	0.00000	0.99985
13	259	T	0.00029	0.01106	0.00004	0.98861
13	260	G	0.02765	0.06147	0.52221	0.38867
13	261	C	0.00064	0.95814	0.00015	0.04107
13	262	A	0.99993	0.00001	0.00004	0.00003
13	263	C	0.00002	0.99967	0.00000	0.00030
13	264	G	0.00004	0.00000	0.99995	0.00000
13	265	G	0.00016	0.00001	0.99982	0.00002
13	266	A	0.99919	0.00005	0.00056	0.00020
13	267	G	0.00265	0.00051	0.99436	0.00248
13	268	T	0.00003	0.00014	0.00000	0.99982
13	269	A	0.98127	0.00139	0.01480	0.00253
13	270	G	0.00130	0.00003	0.99859	0.00007
13	271	A	0.83115	0.01837	0.00287	0.14761
13	272	T	0.01689	0.11060	0.00112	0.87139
13	273	G	0.00334	0.00064	0.99314	0.00288
13	274	G	0.00021	0.00001	0.99975	0.00002
13	275	T	0.02443	0.33306	0.00169	0.64082
13	276	A	0.99382	0.00013	0.00563	0.00042
13	277	T	0.00050	0.03293	0.00008	0.96649
13	278	C	0.03744	0.87422	0.00149	0.08684
13	279	C	0.00000	0.99999	0.00000	0.00001
13	280	C	0.00000	0.99999	0.00000	0.00001
13	281	C	0.00001	0.99961	0.00000	0.00037
13	282	C	0.00205	0.91081	0.00058	0.08656
13	283	A	0.99735	0.00081	0.00066	0.00118
13	284	C	0.00001	0.99973	0.00000	0.00025
13	285	C	0.00016	0.99719	0.00005	0.00261
13	286	C	0.00020	0.99627	0.00006	0.00347
13	287	C	0.00018	0.99659	0.00005	0.00317
13	288	G	0.00000	0.00000	1.00000	0.00000
13	289	T	0.00021	0.00238	0.00004	0.99737
13	290	A	1.00000	0.00000	0.00000	0.00000
13	291	A	1.00000	0.00000	0.00000	0.00000
13	292	C	0.00000	0.99996	0.00000	0.00004
13	293	-	0.28465	0.23940	0.17579	0.30015
13	294	T	0.00000	0.00001	0.00000	0.99998
13	295	A	0.59355	0.11384	0.15248	0.14013
13	296	T	0.14013	0.19162	0.10026	0.56799
13	297	C	0.11384	0.60547	0.08908	0.19162
13	298	T	0.00000	0.00000	0.00000	1.00000
13	299	A	1.00000	0.00000	0.00000	0.00000
13	300	G	0.00001	0.00000	0.99999	0.00000
13	301	A	1.00000	0.00000	0.00000	0.00000
13	302	A	0.99999	0.00000	0.00001	0.00000
13	303	G	0.00000	0.00000	0.99999	0.00000
13	304	Y	0.00285	0.51221	0.00049	0.48445
13	305	T	0.09171	0.22109	0.05681	0.63039
13	306	W	0.38982	0.16241	0.14060	0.30716
13	307	A	0.67492	0.07961	0.09192	0.15355
13	308	T	0.12417	0.14596	0.13086	0.59900
13	309	A	0.99937	0.00009	0.00029	0.00025
13	310	A	0.56130	0.05486	0.00334	0.38050
13	311	T	0.00803	0.01670	0.00048	0.97479
13	312	G	0.00552	0.00094	0.98903	0.00450
13	313	A	0.95675	0.00448	0.00205	0.03672
13	314	A	0.99756	0.00002	0.00236	0.00007
13	315	C	0.00000	0.99999	0.00000	0.00001
13	316	A	1.00000	0.00000	0.00000	0.00000
13	317	C	0.00646	0.97809	0.00070	0.01476
13	318	A	0.97712	0.00443	0.00988	0.00857
13	319	A	0.99946	0.00006	0.00027	0.00021
13	320	A	0.99451	0.00030	0.00073	0.00446
13	321	C	0.00008	0.99853	0.00002	0.00137
13	322	A	0.60870	0.10865	0.14742	0.13523
13	323	C	0.00057	0.95202	0.00012	0.04730
13	324	G	0.00000	0.00000	1.00000	0.00000
13	325	A	0.99306	0.00016	0.00612	0.00066
13	326	C	0.00005	0.99911	0.00001	0.00083
13	327	C	0.00000	1.00000	0.00000	0.00000
13	328	A	0.99999	0.00000	0.00000	0.00000
13	329	A	0.99981	0.00002	0.00010	0.00007
13	330	T	0.00000	0.00001	0.00000	0.99999
13	331	A	1.00000	0.00000	0.00000	0.00000
13	332	G	0.00000	0.00000	1.00000	0.00000
13	333	B	0.17733	0.34514	0.22444	0.25309
13	334	A	0.63502	0.07524	0.18536	0.10437
13	335	R	0.34117	0.15447	0.32213	0.18223
13	336	G	0.13386	0.07265	0.68171	0.11178
13	337	C	0.12817	0.66597	0.05797	0.14789
13	338	R	0.36146	0.13004	0.35269	0.15582
13	339	G	0.08052	0.02972	0.81468	0.07507
13	340	G	0.02223	0.00105	0.97375	0.00297
13	341	G	0.00001	0.00000	0.99999	0.00000
13	342	C	0.00014	0.99750	0.00004	0.00232
13	343	G	0.00362	0.00013	0.99607	0.00018
13	344	C	0.00112	0.65916	0.00021	0.33951
13	345	G	0.00537	0.00081	0.98997	0.00385
13	346	G	0.01645	0.00026	0.98268	0.00061
13	347	C	0.00001	0.99979	0.00000	0.00020
13	348	A	1.00000	0.00000	0.00000	0.00000
13	349	T	0.01940	0.07129	0.03815	0.87116
13	350	C	0.00000	0.99999	0.00000	0.00000
13	351	C	0.00000	0.99999	0.00000	0.00000
13	352	A	0.99998	0.00000	0.00001	0.00001
13	353	G	0.00011	0.00001	0.99988	0.00001
13	354	C	0.00050	0.91020	0.00011	0.08920
13	355	C	0.00313	0.62529	0.00058	0.37100
13	356	G	0.01611	0.00028	0.98296	0.00064
13	357	C	0.00067	0.98322	0.00008	0.01604
13	358	G	0.00020	0.00001	0.99977	0.00002
13	359	C	0.00002	0.99679	0.00000	0.00318
13	360	A	0.96437	0.00262	0.00231	0.03070
13	361	R	0.39027	0.12170	0.33728	0.15075
13	362	A	0.99964	0.00001	0.00031	0.00004
13	363	C	0.00509	0.98440	0.00056	0.00995
13	364	G	0.00000	0.00000	1.00000	0.00000
13	365	G	0.00032	0.00002	0.99963	0.00003
13	366	T	0.00021	0.00088	0.00003	0.99888
13	367	C	0.00000	0.99998	0.00000	0.00002
13	368	A	0.99999	0.00000	0.00000	0.00000
13	369	A	0.99998	0.00000	0.00001	0.00001
13	370	G	0.00001	0.00000	0.99999	0.00000
13	371	C	0.00000	0.99995	0.00000	0.00005
13	372	A	0.99999	0.00000	0.00001	0.00001
13	373	C	0.00000	0.99999	0.00000	0.00001
13	374	T	0.00000	0.00001	0.00000	0.99999
13	375	T	0.00000	0.00000	0.00000	1.00000
13	376	C	0.00000	1.00000	0.00000	0.00000
13	377	T	0.00000	0.00000	0.00000	1.00000
13	378	G	0.00000	0.00000	1.00000	0.00000
13	379	T	0.00000	0.00001	0.00000	0.99999
13	380	C	0.12699	0.53298	0.09826	0.24177
13	381	T	0.00003	0.01077	0.00000	0.98919
13	382	T	0.00000	0.00001	0.00000	0.99998
13	383	C	0.00000	0.99998	0.00000	0.00002
13	384	C	0.00000	0.99999	0.00000	0.00001
13	385	C	0.00000	0.99999	0.00000	0.00001
13	386	C	0.00000	0.99999	0.00000	0.00001
13	387	G	0.00000	0.00000	1.00000	0.00000
13	388	G	0.00000	0.00000	1.00000	0.00000
13	389	T	0.00016	0.00600	0.00002	0.99381
13	390	C	0.00005	0.99913	0.00001	0.00081
13	391	C	0.00615	0.97079	0.00067	0.02239
13	392	G	0.00014	0.00001	0.99984	0.00002
13	393	W	0.40115	0.05902	0.03839	0.50144
13	394	G	0.10851	0.02527	0.83250	0.03372
13	395	T	0.20807	0.17839	0.13282	0.48073
13	396	G	0.11859	0.05045	0.76987	0.06110
13	397	A	0.49191	0.13683	0.19765	0.17361
13	398	T	0.20167	0.26650	0.11697	0.41486
13	399	G	0.17536	0.07374	0.66162	0.08928
13	400	T	0.22784	0.22819	0.16275	0.38122
13	401	-	0.22562	0.25087	0.22659	0.29692
13	402	G	0.15587	0.11619	0.61300	0.11494
13	403	-	0.26590	0.22421	0.27925	0.23064
13	404	A	0.61382	0.07824	0.20191	0.10603
13	405	T	0.01778	0.03249	0.00801	0.94173
13	406	A	0.83559	0.02232	0.10442	0.03767
13	407	G	0.18667	0.09431	0.60618	0.11285
13	408	G	0.35349	0.05741	0.51229	0.07681
13	409	C	0.01419	0.88075	0.00769	0.09736
13	410	T	0.01746	0.03190	0.00786	0.94278
13	411	G	0.09771	0.12485	0.51059	0.26685
13	412	T	0.07417	0.22926	0.03921	0.65736
13	413	A	0.64017	0.09255	0.12716	0.14012
13	414	C	0.05575	0.75003	0.03461	0.15961
13	415	C	0.09933	0.61238	0.06879	0.21951
13	416	C	0.07167	0.78557	0.03069	0.11208
13	417	A	0.75316	0.06030	0.08147	0.10507
13	418	C	0.26167	0.40316	0.16066	0.17451
13	419	G	0.09433	0.04308	0.79765	0.06494
13	420	G	0.01921	0.00614	0.96664	0.00801
13	421	C	0.06681	0.56682	0.03949	0.32688
13	422	T	0.19466	0.25045	0.12903	0.42587
13	423	G	0.13630	0.05585	0.73298	0.07487
13	424	A	0.96163	0.00814	0.01580	0.01444
13	425	A	0.81180	0.02914	0.11107	0.04799
13	426	A	0.63143	0.08531	0.17624	0.10702
13	427	G	0.20631	0.23802	0.36312	0.19256
13	428	C	0.17729	0.41900	0.12670	0.27701
13	429	G	0.25108	0.11823	0.48021	0.15047
13	430	A	0.77396	0.05685	0.08836	0.08083
13	431	C	0.02831	0.74445	0.00183	0.22541
13	432	A	0.99952	0.00005	0.00024	0.00019
13	433	A	0.97901	0.00197	0.00249	0.01652
13	434	G	0.00920	0.00108	0.98553	0.00419
13	435	G	0.00045	0.00003	0.99947	0.00005
13	436	A	0.93925	0.00017	0.05996	0.00061
13	437	T	0.00003	0.00018	0.00000	0.99978
13	438	C	0.00000	1.00000	0.00000	0.00000
13	439	G	0.00001	0.00000	0.99999	0.00000
13	440	T	0.00000	0.00000	0.00000	1.00000
13	441	T	0.00003	0.00294	0.00000	0.99702
13	442	A	1.00000	0.00000	0.00000	0.00000
13	443	C	0.00071	0.85857	0.00015	0.14057
13	444	C	0.00000	1.00000	0.00000	0.00000
13	445	A	0.40438	0.18292	0.21175	0.20094
13	446	C	0.18292	0.41556	0.16266	0.23886
13	447	A	0.40438	0.18292	0.21175	0.20094
13	448	C	0.00000	1.00000	0.00000	0.00000
13	449	G	0.00001	0.00000	0.99999	0.00000
13	450	C	0.00000	0.99997	0.00000	0.00003
13	451	C	0.00000	0.99989	0.00000	0.00010
13	452	C	0.00013	0.99759	0.00004	0.00225
13	453	A	0.98283	0.00243	0.00329	0.01145
13	454	R	0.40981	0.09614	0.46189	0.03216
13	455	T	0.03080	0.03565	0.01665	0.91690
13	456	C	0.00002	0.99958	0.00001	0.00039
13	457	T	0.00041	0.19957	0.00007	0.79995
13	458	A	0.99999	0.00000	0.00000	0.00000
13	459	C	0.00000	1.00000	0.00000	0.00000
13	460	T	0.00000	0.00001	0.00000	0.99999
13	461	A	0.99984	0.00002	0.00008	0.00006
13	462	C	0.00000	0.99997	0.00000	0.00003
13	463	G	0.00261	0.00001	0.99737	0.00002
13	464	A	0.94425	0.00025	0.05464	0.00085
13	465	G	0.01898	0.00005	0.98083	0.00014
13	466	A	0.99998	0.00000	0.00001	0.00001
13	467	A	1.00000	0.00000	0.00000	0.00000
13	468	G	0.00031	0.00002	0.99963	0.00004
13	469	C	0.00000	0.99990	0.00000	0.00009
13	470	C	0.00000	1.00000	0.00000	0.00000
13	471	T	0.00001	0.00003	0.00000	0.99997
13	472	A	1.00000	0.00000	0.00000	0.00000
13	473	T	0.00487	0.03505	0.18781	0.77226
13	474	T	0.00000	0.00001	0.00000	0.99999
13	475	A	1.00000	0.00000	0.00000	0.00000
13	476	A	0.99614	0.00035	0.00121	0.00230
13	477	C	0.00000	0.99998	0.00000	0.00001
13	478	T	0.00141	0.15645	0.00013	0.84201
13	479	A	0.98517	0.00039	0.01290	0.00154
13	480	T	0.02403	0.33277	0.17657	0.46662
13	481	T	0.00059	0.07169	0.00009	0.92763
13	482	T	0.00629	0.17206	0.01874	0.80292
13	483	G	0.23736	0.01136	0.74502	0.00627
13	484	A	0.99868	0.00012	0.00076	0.00044
13	485	A	1.00000	0.00000	0.00000	0.00000
13	486	G	0.01028	0.01372	0.97143	0.00456
13	487	T	0.00834	0.08700	0.00788	0.89678
13	488	T	0.02469	0.09851	0.18988	0.68692
13	489	A	0.86381	0.00590	0.08003	0.05026
13	490	T	0.12630	0.01013	0.00578	0.85779
13	491	C	0.02973	0.60494	0.02365	0.34169
13	492	G	0.04619	0.00040	0.95241	0.00100
13	493	A	0.99437	0.00221	0.00142	0.00200
13	494	G	0.03647	0.00035	0.96234	0.00084
13	495	G	0.00557	0.00002	0.99437	0.00004
13	496	T	0.05494	0.09112	0.03221	0.82174
13	497	W	0.24702	0.20794	0.17992	0.36512
13	498	A	0.78192	0.00484	0.20210	0.01114
13	499	G	0.00000	0.00000	1.00000	0.00000
13	500	T	0.00000	0.00000	0.00000	1.00000
13	501	T	0.00000	0.00000	0.00000	0.99999
13	502	G	0.00007	0.00000	0.99992	0.00001
13	503	C	0.00000	0.99999	0.00000	0.00001
13	504	G	0.00000	0.00000	1.00000	0.00000
13	505	C	0.00001	0.99978	0.00000	0.00021
13	506	T	0.00001	0.00003	0.00000	0.99997
13	507	C	0.00000	0.99999	0.00000	0.00001
13	508	A	0.98569	0.00493	0.00686	0.00253
13	509	R	0.48837	0.00033	0.51024	0.00106
13	510	C	0.00000	0.99997	0.00000	0.00003
13	511	C	0.00002	0.99965	0.00000	0.00032
13	512	A	0.99925	0.00008	0.00036	0.00031
13	513	C	0.00017	0.99678	0.00005	0.00300
13	514	A	0.98311	0.00045	0.01474	0.00170
13	515	A	0.98414	0.00132	0.00143	0.01311
13	516	C	0.00006	0.99893	0.00002	0.00099
13	517	C	0.00000	0.99990	0.00000	0.00009
13	518	C	0.00000	0.99996	0.00000	0.00004
13	519	C	0.00000	0.99996	0.00000	0.00004
13	520	A	0.98528	0.00032	0.01330	0.00111
13	521	S	0.20591	0.25015	0.34467	0.19927
13	522	A	0.57014	0.10778	0.18507	0.13701
13	523	G	0.22088	0.16976	0.44216	0.16720
13	524	G	0.00057	0.00003	0.99933	0.00006
13	525	T	0.00073	0.00323	0.00011	0.99593
13	526	G	0.00047	0.00003	0.99945	0.00005
13	527	G	0.00003	0.00000	0.99997	0.00000
13	528	T	0.00001	0.00003	0.00000	0.99996
13	529	A	0.99999	0.00000	0.00000	0.00000
13	530	G	0.00001	0.00000	0.99999	0.00000
13	531	C	0.00013	0.99767	0.00004	0.00216
13	532	T	0.00000	0.00002	0.00000	0.99997
13	533	C	0.00001	0.99978	0.00000	0.00021
13	534	T	0.00135	0.03243	0.00023	0.96599
13	535	G	0.00001	0.00000	0.99999	0.00000
13	536	A	0.99758	0.00001	0.00239	0.00002
13	537	G	0.01291	0.00011	0.98670	0.00027
13	538	T	0.16565	0.00969	0.00138	0.82328
13	539	G	0.00001	0.00000	0.99999	0.00000
13	540	A	1.00000	0.00000	0.00000	0.00000
13	541	T	0.00000	0.00000	0.00000	1.00000
13	542	G	0.00000	0.00000	1.00000	0.00000
13	543	G	0.00004	0.00000	0.99995	0.00000
13	544	G	0.00000	0.00000	1.00000	0.00000
13	545	T	0.19441	0.23477	0.16322	0.40759
13	546	G	0.00007	0.00000	0.99991	0.00001
13	547	C	0.00000	1.00000	0.00000	0.00000
13	548	T	0.00000	0.00001	0.00000	0.99998
13	549	C	0.00011	0.99799	0.00004	0.00186
13	550	G	0.00001	0.00000	0.99999	0.00000
13	551	C	0.00005	0.99902	0.00001	0.00091
13	552	A	0.93643	0.00324	0.05807	0.00225
13	553	A	0.99188	0.00021	0.00728	0.00062
13	554	Y	0.02706	0.46374	0.00086	0.50834
13	555	C	0.24927	0.68876	0.00672	0.05525
13	556	A	0.96778	0.00108	0.00090	0.03024
13	557	C	0.00000	1.00000	0.00000	0.00000
13	558	C	0.00000	1.00000	0.00000	0.00000
13	559	C	0.00000	0.99995	0.00000	0.00004
13	560	C	0.00000	1.00000	0.00000	0.00000
13	561	C	0.00000	0.99998	0.00000	0.00001
13	562	G	0.00003	0.00000	0.99996	0.00001
13	563	T	0.00033	0.00163	0.00005	0.99799
13	564	G	0.00001	0.00000	0.99999	0.00000
13	565	G	0.00000	0.00000	1.00000	0.00000
13	566	T	0.00004	0.00025	0.00001	0.99970
13	567	A	0.99999	0.00000	0.00000	0.00000
13	568	A	1.00000	0.00000	0.00000	0.00000
13	569	C	0.00000	0.99998	0.00000	0.00002
13	570	A	0.99934	0.00007	0.00034	0.00025
13	571	C	0.00007	0.99948	0.00001	0.00044
13	572	G	0.00003	0.00000	0.99996	0.00000
13	573	G	0.00000	0.00000	1.00000	0.00000
13	574	T	0.07675	0.00591	0.00072	0.91662
13	575	T	0.00072	0.04902	0.00015	0.95011
13	576	G	0.00012	0.00001	0.99986	0.00001
13	577	C	0.00000	0.99997	0.00000	0.00003
13	578	T	0.00035	0.00478	0.00005	0.99482
13	579	T	0.00005	0.00019	0.00001	0.99975
13	580	G	0.00000	0.00000	1.00000	0.00000
13	581	G	0.21175	0.16266	0.45394	0.17165
13	582	G	0.21175	0.16266	0.45394	0.17165
13	583	G	0.21175	0.16266	0.45394	0.17165
13	584	C	0.18292	0.41556	0.16266	0.23886
13	585	C	0.18292	0.41556	0.16266	0.23886
13	586	A	0.40438	0.18292	0.21175	0.20094
13	587	A	0.40438	0.18292	0.21175	0.20094
13	588	A	0.40438	0.18292	0.21175	0.20094
13	589	A	0.40438	0.18292	0.21175	0.20094
13	590	C	0.00001	0.99978	0.00000	0.00021
13	591	C	0.00000	0.99998	0.00000	0.00002
13	592	C	0.00000	0.99991	0.00000	0.00009
13	593	G	0.00000	0.00000	1.00000	0.00000
13	594	C	0.00000	1.00000	0.00000	0.00000
13	595	G	0.00000	0.00000	1.00000	0.00000
13	596	C	0.00017	0.69982	0.00003	0.29998
13	597	G	0.00000	0.00000	0.99999	0.00000
13	598	T	0.00014	0.00908	0.00003	0.99075
13	599	G	0.00001	0.00000	0.99999	0.00000
13	600	C	0.00000	0.99997	0.00000	0.00003
13	601	A	0.83997	0.00113	0.00104	0.15785
13	602	C	0.00001	0.99855	0.00000	0.00144
13	603	T	0.00001	0.00271	0.00000	0.99728
13	604	C	0.00000	1.00000	0.00000	0.00000
13	605	G	0.00271	0.00036	0.99632	0.00061
13	606	G	0.11367	0.07334	0.74248	0.07052
13	607	C	0.08940	0.72266	0.04556	0.14239
13	608	C	0.07354	0.63230	0.04805	0.24611
13	609	C	0.13307	0.51261	0.08702	0.26729
13	610	A	0.57312	0.07725	0.24632	0.10332
13	611	C	0.01623	0.92704	0.01018	0.04655
13	612	A	0.38526	0.24232	0.16838	0.20404
13	613	C	0.03603	0.81346	0.02138	0.12913
13	614	C	0.12367	0.55397	0.08398	0.23838
13	615	Y	0.17051	0.37733	0.12097	0.33119
13	616	H	0.28176	0.30747	0.15966	0.25111
13	617	T	0.15528	0.23142	0.10452	0.50878
13	618	-	0.27372	0.21445	0.25662	0.25520
13	619	H	0.21453	0.26182	0.19006	0.33359
13	620	G	0.00001	0.00000	0.99999	0.00000
13	621	G	0.00011	0.00001	0.99987	0.00001
13	622	T	0.00733	0.00893	0.01124	0.97250
13	623	T	0.00048	0.00221	0.00007	0.99724
13	624	C	0.00007	0.99887	0.00002	0.00105
13	625	A	0.91463	0.02515	0.05082	0.00940
13	626	G	0.00062	0.00004	0.99927	0.00007
13	627	C	0.01275	0.69210	0.01873	0.27642
13	628	C	0.00021	0.98653	0.00005	0.01321
13	629	T	0.02140	0.23810	0.00150	0.73900
13	630	T	0.22742	0.12244	0.00618	0.64396
13	631	T	0.00003	0.00092	0.00000	0.99905
13	632	T	0.00412	0.15267	0.00243	0.84078
13	633	G	0.00037	0.00005	0.99947	0.00011
13	634	G	0.00532	0.00003	0.99458	0.00007
13	635	C	0.00047	0.98295	0.00011	0.01647
13	636	C	0.00034	0.63141	0.00006	0.36819
13	637	G	0.00000	0.00000	1.00000	0.00000
13	638	T	0.00001	0.00007	0.00000	0.99991
13	639	T	0.00005	0.00026	0.00001	0.99969
13	640	C	0.00011	0.99790	0.00003	0.00196
13	641	A	0.99899	0.00011	0.00050	0.00040
13	642	C	0.00023	0.99595	0.00007	0.00376
13	643	C	0.00038	0.66374	0.00007	0.33581
13	644	T	0.15069	0.18780	0.08181	0.57970
13	645	A	0.57725	0.09296	0.20465	0.12515
13	646	T	0.00138	0.05207	0.00023	0.94632
13	647	C	0.00129	0.90455	0.00030	0.09386
13	648	A	0.92727	0.00011	0.07226	0.00036
13	649	A	1.00000	0.00000	0.00000	0.00000
13	650	C	0.00010	0.99853	0.00098	0.00039
13	651	A	0.99257	0.00027	0.00014	0.00701
13	652	T	0.01041	0.28172	0.00060	0.70728
13	653	A	0.98581	0.00059	0.01317	0.00042
13	654	G	0.32255	0.00178	0.64397	0.03169
13	655	T	0.00003	0.01612	0.00000	0.98384
13	656	G	0.00000	0.00000	1.00000	0.00000
13	657	T	0.00019	0.00763	0.00003	0.99215
13	658	A	0.99993	0.00001	0.00004	0.00002
13	659	A	0.99981	0.00002	0.00010	0.00008
13	660	G	0.22854	0.16925	0.57469	0.02752
13	661	T	0.00036	0.01466	0.00005	0.98493
13	662	A	0.79256	0.00052	0.20518	0.00173
13	663	G	0.00007	0.00000	0.99992	0.00001
13	664	C	0.00027	0.99720	0.00004	0.00250
13	665	G	0.21175	0.16266	0.45394	0.17165
13	666	C	0.00005	0.99907	0.00003	0.00084
13	667	A	1.00000	0.00000	0.00000	0.00000
13	668	A	1.00000	0.00000	0.00000	0.00000
13	669	G	0.00000	0.00000	1.00000	0.00000
13	670	A	0.99996	0.00000	0.00002	0.00002
13	671	G	0.00001	0.00000	0.99999	0.00000
13	672	C	0.00001	0.99980	0.00000	0.00019
13	673	C	0.00000	1.00000	0.00000	0.00000
13	674	T	0.00002	0.00009	0.00000	0.99988
13	675	A	0.99996	0.00000	0.00002	0.00002
13	676	T	0.00054	0.07456	0.00009	0.92481
13	677	T	0.00000	0.00001	0.00000	0.99999
13	678	G	0.00000	0.00000	1.00000	0.00000
13	679	T	0.00004	0.00018	0.00001	0.99978
13	680	G	0.00000	0.00000	1.00000	0.00000
13	681	C	0.00000	1.00000	0.00000	0.00000
13	682	T	0.00000	0.00000	0.00000	1.00000
13	683	G	0.03088	0.00031	0.96805	0.00075
13	684	C	0.10803	0.50694	0.07837	0.30666
13	685	G	0.00010	0.00000	0.99989	0.00001
13	686	A	0.90568	0.00510	0.01184	0.07737
13	687	T	0.07180	0.01438	0.08955	0.82427
13	688	T	0.00551	0.00350	0.00029	0.99069
13	689	G	0.00036	0.00002	0.99958	0.00004
13	690	G	0.00010	0.00001	0.99988	0.00001
13	691	T	0.00010	0.00043	0.00001	0.99945
13	692	T	0.00009	0.00066	0.00001	0.99923
13	693	T	0.00810	0.00168	0.00025	0.98997
13	694	T	0.00000	0.00001	0.00000	0.99999
13	695	C	0.00000	0.99999	0.00000	0.00001
13	696	C	0.00000	0.99998	0.00000	0.00002
13	697	T	0.00000	0.00000	0.00000	1.00000
13	698	C	0.00000	1.00000	0.00000	0.00000
13	699	C	0.00000	0.99998	0.00000	0.00002
13	700	G	0.00000	0.00000	1.00000	0.00000
13	701	G	0.00000	0.00000	1.00000	0.00000
13	702	A	0.98953	0.00011	0.01020	0.00016
13	703	G	0.00000	0.00000	1.00000	0.00000
13	704	C	0.00002	0.99954	0.00001	0.00043
13	705	C	0.00000	0.99999	0.00000	0.00001
13	706	G	0.00000	0.00000	1.00000	0.00000
13	707	T	0.00000	0.00000	0.00000	1.00000
13	708	G	0.00000	0.00000	1.00000	0.00000
13	709	A	1.00000	0.00000	0.00000	0.00000
13	710	A	1.00000	0.00000	0.00000	0.00000
13	711	T	0.00000	0.00000	0.00000	1.00000
13	712	G	0.00000	0.00000	1.00000	0.00000
13	713	C	0.00000	0.99999	0.00000	0.00001
13	714	T	0.00001	0.00003	0.00000	0.99997
13	715	G	0.00000	0.00000	1.00000	0.00000
13	716	T	0.20094	0.23886	0.17165	0.38856
13	717	C	0.18292	0.41556	0.16266	0.23886
13	718	C	0.00000	1.00000	0.00000	0.00000
13	719	T	0.00000	0.00000	0.00000	1.00000
13	720	A	1.00000	0.00000	0.00000	0.00000
13	721	A	1.00000	0.00000	0.00000	0.00000
13	722	T	0.00001	0.00003	0.00000	0.99996
13	723	C	0.00000	1.00000	0.00000	0.00000
13	724	C	0.00001	0.99988	0.00000	0.00011
13	725	C	0.00019	0.95933	0.00004	0.04045
13	726	A	1.00000	0.00000	0.00000	0.00000
13	727	A	1.00000	0.00000	0.00000	0.00000
13	728	C	0.00000	0.99998	0.00000	0.00002
13	729	C	0.00000	0.99997	0.00000	0.00003
13	730	T	0.00069	0.02655	0.00012	0.97265
13	731	C	0.00001	0.99985	0.00000	0.00014
13	732	C	0.00001	0.99974	0.00000	0.00024
13	733	G	0.00498	0.00003	0.99492	0.00007
13	734	A	0.99999	0.00000	0.00000	0.00000
13	735	G	0.00000	0.00000	1.00000	0.00000
13	736	C	0.00000	0.99998	0.00000	0.00002
13	737	G	0.00049	0.00003	0.99943	0.00005
13	738	T	0.00061	0.00262	0.00009	0.99669
13	739	G	0.00078	0.00004	0.99910	0.00008
13	740	T	0.00007	0.00034	0.00001	0.99958
13	741	G	0.00014	0.00001	0.99983	0.00002
13	742	C	0.00002	0.99964	0.00001	0.00033
13	743	G	0.00084	0.00005	0.99901	0.00010
13	744	C	0.00009	0.99847	0.00002	0.00142
13	745	A	0.99927	0.00007	0.00038	0.00027
13	746	C	0.00001	0.99983	0.00000	0.00016
13	747	A	0.99995	0.00000	0.00003	0.00002
13	748	A	1.00000	0.00000	0.00000	0.00000
13	749	T	0.02035	0.00773	0.00107	0.97084
13	750	C	0.00000	1.00000	0.00000	0.00000
13	751	C	0.00000	1.00000	0.00000	0.00000
13	752	A	0.99997	0.00000	0.00001	0.00001
13	753	G	0.00002	0.00000	0.99998	0.00000
13	754	T	0.00011	0.00053	0.00002	0.99935
13	755	G	0.00036	0.00002	0.99957	0.00004
13	756	D	0.31948	0.16541	0.31879	0.19633
13	757	T	0.00054	0.00218	0.00009	0.99719
13	758	T	0.00006	0.00026	0.00001	0.99968
13	759	G	0.00017	0.00001	0.99980	0.00002
13	760	C	0.00003	0.99952	0.00001	0.00045
13	761	T	0.00067	0.00300	0.00010	0.99623
13	762	A	0.99829	0.00018	0.00085	0.00068
13	763	C	0.00009	0.99821	0.00003	0.00167
13	764	G	0.00000	0.00000	1.00000	0.00000
13	765	T	0.00000	0.00000	0.00000	1.00000
13	766	C	0.00000	0.99998	0.00000	0.00002
13	767	G	0.00001	0.00000	0.99999	0.00000
13	768	T	0.00000	0.00000	0.00000	1.00000
13	769	A	1.00000	0.00000	0.00000	0.00000
13	770	A	0.99999	0.00000	0.00000	0.00000
13	771	C	0.00001	0.99977	0.00000	0.00022
13	772	G	0.00003	0.00000	0.99997	0.00000
13	773	C	0.00003	0.99953	0.00001	0.00043
13	774	G	0.00000	0.00000	1.00000	0.00000
13	775	T	0.00107	0.06785	0.00018	0.93089
13	776	A	1.00000	0.00000	0.00000	0.00000
13	777	A	1.00000	0.00000	0.00000	0.00000
13	778	G	0.00028	0.00002	0.99967	0.00003
13	779	T	0.00000	0.00001	0.00000	0.99999
13	780	T	0.00002	0.00012	0.00000	0.99986
13	781	G	0.00033	0.00002	0.99961	0.00004
13	782	G	0.00000	0.00000	1.00000	0.00000
13	783	A	0.99974	0.00002	0.00015	0.00009
13	784	G	0.00003	0.00000	0.99996	0.00000
13	785	G	0.00035	0.00002	0.99959	0.00004
13	786	C	0.00001	0.99985	0.00000	0.00014
13	787	G	0.00000	0.00000	1.00000	0.00000
13	788	G	0.00000	0.00000	1.00000	0.00000
13	789	A	0.99998	0.00000	0.00001	0.00001
13	790	A	1.00000	0.00000	0.00000	0.00000
13	791	C	0.00000	1.00000	0.00000	0.00000
13	792	A	0.99998	0.00000	0.00001	0.00001
13	793	G	0.00001	0.00000	0.99999	0.00000
13	794	A	1.00000	0.00000	0.00000	0.00000
13	795	C	0.00000	1.00000	0.00000	0.00000
13	796	T	0.00000	0.00000	0.00000	1.00000
13	797	A	1.00000	0.00000	0.00000	0.00000
13	798	C	0.00000	1.00000	0.00000	0.00000
13	799	T	0.00000	0.00000	0.00000	1.00000
13	800	T	0.00000	0.00000	0.00000	1.00000
13	801	T	0.00000	0.00000	0.00000	1.00000
13	802	C	0.00000	0.99997	0.00000	0.00003
13	803	G	0.00000	0.00000	1.00000	0.00000
13	804	G	0.00001	0.00000	0.99999	0.00000
13	805	T	0.00002	0.00013	0.00000	0.99985
13	806	A	0.99993	0.00001	0.00004	0.00002
13	807	C	0.00003	0.99954	0.00001	0.00043
13	808	T	0.00000	0.00043	0.00000	0.99957
13	809	C	0.00000	0.99997	0.00000	0.00003
13	810	C	0.00000	0.99998	0.00000	0.00002
13	811	G	0.00000	0.00000	1.00000	0.00000
13	812	T	0.00000	0.00001	0.00000	0.99999
13	813	G	0.00000	0.00000	1.00000	0.00000
13	814	T	0.00000	0.00000	0.00000	1.00000
13	815	T	0.00000	0.00000	0.00000	1.00000
13	816	T	0.00000	0.00000	0.00000	1.00000
13	817	C	0.00000	1.00000	0.00000	0.00000
13	818	C	0.00001	0.99849	0.00000	0.00150
13	819	T	0.00000	0.00001	0.00000	0.99999
13	820	T	0.00043	0.00739	0.00006	0.99212
13	821	T	0.00082	0.00004	0.00001	0.99914
13	822	T	0.19652	0.01190	0.00925	0.78234
13	823	T	0.00062	0.00036	0.00001	0.99901
13	824	T	0.01914	0.04375	0.00030	0.93681
13	825	T	0.00001	0.00003	0.00000	0.99997
13	826	T	0.00063	0.02430	0.00015	0.97492
13	827	T	0.09736	0.00437	0.00068	0.89759
13	828	T	0.00003	0.00003	0.00000	0.99994
13	829	T	0.01065	0.00443	0.00056	0.98436
13	830	T	0.00016	0.00042	0.00001	0.99941
13	831	T	0.01986	0.04176	0.00114	0.93725
13	832	T	0.00776	0.06404	0.00694	0.92126
13	833	-	0.20918	0.20024	0.28709	0.30348
13	834	W	0.29847	0.20105	0.15476	0.34571
13	835	T	0.10969	0.00429	0.00127	0.88476
13	836	A	0.99583	0.00025	0.00304	0.00088
13	837	A	0.98673	0.00072	0.01022	0.00233
13	838	A	0.86643	0.02815	0.00179	0.10364
13	839	A	0.99986	0.00001	0.00007	0.00006
13	840	T	0.09474	0.07573	0.00394	0.82559
13	841	T	0.00001	0.00006	0.00000	0.99992
13	842	T	0.00000	0.00000	0.00000	1.00000
13	843	T	0.00000	0.00000	0.00000	1.00000
13	844	A	1.00000	0.00000	0.00000	0.00000
13	845	T	0.00000	0.00001	0.00000	0.99999
13	846	G	0.00000	0.00000	1.00000	0.00000
13	847	G	0.00000	0.00000	1.00000	0.00000
13	848	T	0.00000	0.00000	0.00000	1.00000
13	849	G	0.00003	0.00000	0.99996	0.00000
13	850	A	1.00000	0.00000	0.00000	0.00000
13	851	C	0.00000	1.00000	0.00000	0.00000
13	852	A	1.00000	0.00000	0.00000	0.00000
13	853	A	0.99893	0.00002	0.00002	0.00102
13	854	T	0.00003	0.00016	0.00000	0.99980
13	855	T	0.00200	0.00291	0.00282	0.99227
13	856	G	0.00611	0.00011	0.99352	0.00025
13	857	C	0.00135	0.66930	0.00025	0.32910
13	858	T	0.00059	0.00137	0.00004	0.99800
13	859	G	0.00008	0.00000	0.99990	0.00001
13	860	A	0.98893	0.00084	0.00095	0.00928
13	861	G	0.00249	0.00048	0.99468	0.00235
13	862	A	0.99986	0.00001	0.00007	0.00006
13	863	T	0.00045	0.01046	0.00007	0.98901
13	864	T	0.00005	0.00023	0.00001	0.99971
13	865	T	0.00556	0.00223	0.00027	0.99195
13	866	G	0.00249	0.00048	0.99468	0.00235
13	867	T	0.00128	0.13455	0.00020	0.86397
13	868	G	0.00008	0.00000	0.99990	0.00001
13	869	A	0.99918	0.00012	0.00037	0.00033
13	870	A	0.76528	0.00645	0.03844	0.18983
13	871	T	0.00693	0.16794	0.00042	0.82471
13	872	T	0.00005	0.00023	0.00001	0.99971
13	873	T	0.22730	0.06100	0.00253	0.70917
13	874	G	0.00185	0.00039	0.99469	0.00306
13	875	C	0.00723	0.98341	0.00049	0.00888
13	876	G	0.04006	0.29502	0.61990	0.04501
13	877	A	0.99583	0.00230	0.00049	0.00138
13	878	C	0.03870	0.77545	0.02665	0.15920
13	879	T	0.03555	0.30779	0.00726	0.64940
13	880	T	0.00001	0.00026	0.00000	0.99973
13	881	T	0.00216	0.00014	0.00002	0.99768
13	882	G	0.37063	0.00054	0.62735	0.00148
13	883	C	0.00000	0.99992	0.00000	0.00008
13	884	C	0.00017	0.98511	0.00004	0.01469
13	885	A	0.60287	0.06106	0.31861	0.01747
13	886	T	0.00034	0.01523	0.00005	0.98438
13	887	T	0.00001	0.00007	0.00000	0.99991
13	888	G	0.00003	0.00000	0.99997	0.00000
13	889	A	0.99658	0.00247	0.00017	0.00078
13	890	A	1.00000	0.00000	0.00000	0.00000
13	891	T	0.00008	0.01215	0.00001	0.98777
13	892	A	0.99999	0.00000	0.00000	0.00000
13	893	T	0.00852	0.00144	0.00027	0.98977
13	894	T	0.01391	0.07849	0.00163	0.90597
13	895	G	0.00009	0.00001	0.99989	0.00001
13	896	C	0.00014	0.99750	0.00005	0.00232
13	897	C	0.00825	0.98168	0.00019	0.00987
13	898	T	0.00021	0.02901	0.00003	0.97075
13	899	T	0.00000	0.00000	0.00000	1.00000
13	900	G	0.16088	0.09787	0.63220	0.10905
13	901	A	0.56807	0.12269	0.16088	0.14837
13	902	G	0.00331	0.00002	0.99664	0.00004
13	903	T	0.00046	0.00401	0.00008	0.99545
13	904	A	0.99312	0.00031	0.00032	0.00625
13	905	T	0.00014	0.02055	0.00002	0.97928
13	906	T	0.00001	0.00238	0.00000	0.99761
13	907	A	0.99976	0.00002	0.00014	0.00008
13	908	C	0.00068	0.94654	0.00016	0.05262
13	909	C	0.00004	0.99461	0.00001	0.00534
13	910	T	0.00001	0.00008	0.00000	0.99990
13	911	A	0.90379	0.00091	0.08573	0.00957
13	912	G	0.23736	0.00057	0.76010	0.00197
13	913	T	0.00003	0.00020	0.00000	0.99976
13	914	C	0.00864	0.78143	0.00049	0.20944
13	915	G	0.00002	0.00000	0.99997	0.00000
13	916	G	0.09469	0.04053	0.81542	0.04936
13	917	T	0.12688	0.18714	0.07778	0.60820
13	918	G	0.08894	0.03837	0.82605	0.04664
13	919	A	0.49589	0.14136	0.18279	0.17996
13	920	-	0.32646	0.21497	0.20442	0.25415
13	921	W	0.37035	0.19042	0.19188	0.24735
13	922	-	0.24983	0.20569	0.27841	0.26607
13	923	H	0.25975	0.28309	0.16035	0.29681
13	924	Y	0.19547	0.27123	0.15908	0.37423
13	925	A	0.41235	0.16804	0.16130	0.25830
13	926	G	0.18515	0.11223	0.56637	0.13626
13	927	A	0.49715	0.13395	0.20369	0.16521
13	928	C	0.00013	0.99775	0.00004	0.00208
13	929	A	0.96862	0.01754	0.00323	0.01061
13	930	T	0.00008	0.00040	0.00001	0.99950
13	931	T	0.00038	0.00155	0.00005	0.99802
13	932	T	0.00008	0.00785	0.00001	0.99206
13	933	C	0.00002	0.99930	0.00000	0.00068
13	934	A	0.99897	0.00010	0.00056	0.00037
13	935	C	0.02629	0.85067	0.00221	0.12084
13	936	A	0.99985	0.00002	0.00008	0.00006
13	937	A	0.98732	0.00100	0.00110	0.01058
13	938	A	0.99973	0.00003	0.00013	0.00011
13	939	W	0.34303	0.19129	0.16707	0.29861
13	940	W	0.34303	0.19129	0.16707	0.29861
13	941	R	0.34929	0.13423	0.36043	0.15605
13	942	W	0.34303	0.19129	0.16707	0.29861
13	943	Y	0.15254	0.39331	0.11463	0.33952
13	944	C	0.07727	0.71549	0.05676	0.15047
13	945	R	0.34929	0.13423	0.36043	0.15605
13	946	-	0.21003	0.19635	0.30499	0.28863
13	947	Y	0.15541	0.36279	0.11592	0.36588
13	948	T	0.09967	0.14783	0.06406	0.68844
13	949	C	0.07727	0.71549	0.05676	0.15047
13	950	Y	0.15254	0.39331	0.11463	0.33952
13	951	Y	0.15541	0.36279	0.11592	0.36588
13	952	H	0.28075	0.32551	0.16261	0.23114
13	953	S	0.20200	0.26611	0.32946	0.20243
13	954	A	0.98522	0.00046	0.01283	0.00149
13	955	C	0.00036	0.98234	0.00008	0.01722
13	956	C	0.01036	0.96273	0.00079	0.02612
13	957	T	0.00425	0.00135	0.00017	0.99424
13	958	C	0.00013	0.99777	0.00003	0.00207
13	959	A	0.96819	0.00215	0.00213	0.02752
13	960	G	0.02384	0.00036	0.97496	0.00084
13	961	A	0.99950	0.00005	0.00025	0.00020
13	962	G	0.09180	0.00346	0.89543	0.00930
13	963	A	0.91289	0.00232	0.07914	0.00565
13	964	T	0.00214	0.07728	0.00062	0.91996
13	965	T	0.11647	0.01030	0.00187	0.87136
13	966	C	0.00267	0.77757	0.00056	0.21920
13	967	C	0.00070	0.97167	0.00016	0.02747
13	968	C	0.01974	0.71609	0.00063	0.26354
13	969	A	0.99308	0.00304	0.00165	0.00223
13	970	G	0.34848	0.00360	0.64167	0.00625
13	971	C	0.00334	0.88728	0.00023	0.10915
13	972	T	0.00206	0.26357	0.00042	0.73395
13	973	C	0.00011	0.99808	0.00003	0.00178
13	974	T	0.00044	0.02730	0.00007	0.97219
13	975	T	0.00027	0.00821	0.00004	0.99147
13	976	A	0.69815	0.00112	0.29766	0.00307
13	977	C	0.28106	0.61276	0.00936	0.09682
