Node	Site	State 	p_A	p_C	p_G	p_T
36	1	G	0.13708	0.07473	0.66408	0.12410
36	2	K	0.13207	0.12702	0.35802	0.38289
36	3	T	0.01194	0.04372	0.01014	0.93420
36	4	T	0.01194	0.04372	0.01014	0.93420
36	5	T	0.00568	0.02400	0.00464	0.96568
36	6	Y	0.01938	0.53303	0.01755	0.43004
36	7	Y	0.02107	0.48327	0.01893	0.47673
36	8	C	0.00159	0.97778	0.00157	0.01906
36	9	C	0.14453	0.68105	0.03608	0.13834
36	10	G	0.20368	0.00949	0.76168	0.02514
36	11	G	0.03948	0.02018	0.90982	0.03052
36	12	A	0.90264	0.02113	0.03986	0.03637
36	13	C	0.01673	0.85557	0.02790	0.09980
36	14	C	0.01346	0.66987	0.01229	0.30438
36	15	C	0.00159	0.97778	0.00157	0.01906
36	16	C	0.01017	0.74655	0.00939	0.23389
36	17	C	0.00775	0.85422	0.00728	0.13075
36	18	C	0.00763	0.88198	0.00723	0.10317
36	19	G	0.12849	0.06783	0.68928	0.11440
36	20	A	0.65708	0.07098	0.14269	0.12924
36	21	C	0.06888	0.63887	0.07309	0.21916
36	22	G	0.12849	0.06783	0.68928	0.11440
36	23	Y	0.04586	0.49646	0.04450	0.41318
36	24	C	0.01684	0.86870	0.01712	0.09734
36	25	T	0.01727	0.14105	0.01484	0.82684
36	26	T	0.00568	0.02400	0.00464	0.96568
36	27	T	0.00568	0.02400	0.00464	0.96568
36	28	G	0.05504	0.13639	0.72227	0.08630
36	29	G	0.20368	0.00949	0.76168	0.02514
36	30	A	0.75333	0.00907	0.21201	0.02560
36	31	C	0.06600	0.62446	0.03587	0.27368
36	32	G	0.09465	0.00734	0.87975	0.01826
36	33	C	0.10264	0.53391	0.04770	0.31574
36	34	C	0.00159	0.97778	0.00157	0.01906
36	35	C	0.00159	0.97778	0.00157	0.01906
36	36	A	0.47801	0.04265	0.32481	0.15453
36	37	T	0.05361	0.07219	0.18879	0.68540
36	38	G	0.18457	0.05925	0.55096	0.20523
36	39	G	0.05504	0.13639	0.72227	0.08630
36	40	T	0.00568	0.02400	0.00464	0.96568
36	41	G	0.20368	0.00949	0.76168	0.02514
36	42	C	0.16851	0.41291	0.19464	0.22394
36	43	G	0.20368	0.00949	0.76168	0.02514
36	44	G	0.00831	0.00156	0.98628	0.00385
36	45	G	0.00332	0.00058	0.99456	0.00154
36	46	G	0.00332	0.00058	0.99456	0.00154
36	47	G	0.05186	0.00760	0.91735	0.02319
36	48	T	0.18751	0.12426	0.03557	0.65266
36	49	G	0.04054	0.00577	0.93708	0.01661
36	50	T	0.00201	0.00908	0.00159	0.98732
36	51	A	0.97939	0.00173	0.01343	0.00545
36	52	A	0.99469	0.00052	0.00303	0.00177
36	53	A	0.99210	0.00079	0.00453	0.00258
36	54	T	0.10247	0.17512	0.10145	0.62095
36	55	T	0.00568	0.02400	0.00464	0.96568
36	56	A	0.98631	0.00146	0.00781	0.00442
36	57	C	0.00053	0.99152	0.00053	0.00742
36	58	C	0.00425	0.86570	0.00396	0.12610
36	59	T	0.06079	0.13519	0.18653	0.61750
36	60	C	0.00425	0.86570	0.00396	0.12610
36	61	A	0.86668	0.00388	0.11728	0.01216
36	62	C	0.01660	0.83111	0.08955	0.06274
36	63	C	0.02586	0.76353	0.08828	0.12233
36	64	C	0.22714	0.51855	0.07588	0.17843
36	65	C	0.00168	0.96787	0.00164	0.02881
36	66	C	0.00053	0.99152	0.00053	0.00742
36	67	G	0.01098	0.00219	0.98095	0.00588
36	68	T	0.00201	0.00908	0.00159	0.98732
36	69	T	0.00201	0.00908	0.00159	0.98732
36	70	A	0.60492	0.08524	0.16109	0.14875
36	71	G	0.14506	0.08161	0.63981	0.13353
36	72	C	0.08271	0.58807	0.08794	0.24128
36	73	T	0.10950	0.18305	0.10916	0.59829
36	74	G	0.14506	0.08161	0.63981	0.13353
36	75	T	0.00201	0.00908	0.00159	0.98732
36	76	G	0.01098	0.00219	0.98095	0.00588
36	77	C	0.00053	0.99152	0.00053	0.00742
36	78	C	0.00053	0.99152	0.00053	0.00742
36	79	G	0.03595	0.01342	0.89874	0.05189
36	80	T	0.31064	0.03972	0.03090	0.61874
36	81	G	0.00332	0.00058	0.99456	0.00154
36	82	G	0.01605	0.00176	0.97760	0.00459
36	83	G	0.06496	0.06729	0.60337	0.26439
36	84	T	0.00615	0.13676	0.00524	0.85184
36	85	T	0.04228	0.03500	0.01230	0.91042
36	86	A	0.73024	0.02562	0.03378	0.21037
36	87	C	0.05314	0.81849	0.01712	0.11124
36	88	G	0.00332	0.00058	0.99456	0.00154
36	89	G	0.00332	0.00058	0.99456	0.00154
36	90	A	0.60492	0.08524	0.16109	0.14875
36	91	A	0.60492	0.08524	0.16109	0.14875
36	92	C	0.08271	0.58807	0.08794	0.24128
36	93	C	0.00040	0.99355	0.00041	0.00564
36	94	T	0.00149	0.00646	0.00117	0.99089
36	95	A	0.84285	0.00848	0.12640	0.02227
36	96	C	0.19357	0.60740	0.03012	0.16891
36	97	C	0.26563	0.63515	0.02085	0.07837
36	98	T	0.00201	0.00908	0.00159	0.98732
36	99	R	0.46678	0.02451	0.43061	0.07810
36	100	T	0.00351	0.01537	0.00280	0.97833
36	101	T	0.09163	0.09648	0.32402	0.48787
36	102	T	0.03515	0.26316	0.03202	0.66968
36	103	C	0.05051	0.66884	0.09916	0.18149
36	104	T	0.03515	0.26316	0.03202	0.66968
36	105	T	0.05980	0.12319	0.05673	0.76028
36	106	T	0.00203	0.00900	0.00160	0.98737
36	107	T	0.00149	0.00646	0.00117	0.99089
36	108	T	0.10435	0.05328	0.02447	0.81790
36	109	T	0.00149	0.00646	0.00117	0.99089
36	110	G	0.00811	0.00128	0.98734	0.00327
36	111	G	0.06075	0.22400	0.46037	0.25488
36	112	W	0.38015	0.21351	0.05101	0.35534
36	113	T	0.00435	0.03135	0.00352	0.96078
36	114	G	0.05280	0.02159	0.83144	0.09416
36	115	T	0.00149	0.00646	0.00117	0.99089
36	116	A	0.99435	0.00056	0.00320	0.00189
36	117	A	0.86675	0.00404	0.11663	0.01258
36	118	A	0.97529	0.00192	0.01680	0.00599
36	119	T	0.00209	0.00922	0.00165	0.98704
36	120	A	0.80205	0.02325	0.06677	0.10793
36	121	T	0.20885	0.05624	0.04002	0.69489
36	122	T	0.06326	0.11753	0.23407	0.58514
36	123	A	0.86675	0.00404	0.11663	0.01258
36	124	A	0.97515	0.00371	0.01232	0.00882
36	125	T	0.00209	0.00922	0.00165	0.98704
36	126	T	0.03229	0.04716	0.11290	0.80766
36	127	C	0.00571	0.84736	0.00533	0.14160
36	128	C	0.00084	0.98700	0.00084	0.01133
36	129	T	0.00873	0.15759	0.00743	0.82624
36	130	G	0.00481	0.00085	0.99214	0.00220
36	131	C	0.00571	0.84736	0.00533	0.14160
36	132	A	0.82490	0.08256	0.03278	0.05975
36	133	G	0.05164	0.03425	0.80179	0.11231
36	134	G	0.01098	0.00219	0.98095	0.00588
36	135	T	0.00856	0.03105	0.00896	0.95143
36	136	T	0.00615	0.13676	0.00524	0.85184
36	137	C	0.00053	0.99152	0.00053	0.00742
36	138	A	0.86668	0.00388	0.11728	0.01216
36	139	G	0.00332	0.00058	0.99456	0.00154
36	140	G	0.04960	0.09666	0.77598	0.07776
36	141	T	0.13712	0.06217	0.05741	0.74331
36	142	C	0.00625	0.72090	0.00566	0.26719
36	143	T	0.00201	0.00908	0.00159	0.98732
36	144	C	0.00311	0.96346	0.00259	0.03083
36	145	T	0.00201	0.00908	0.00159	0.98732
36	146	T	0.02816	0.06476	0.03250	0.87458
36	147	G	0.10906	0.02393	0.80906	0.05795
36	148	A	0.91559	0.01116	0.04631	0.02694
36	149	A	0.91761	0.01277	0.03649	0.03313
36	150	T	0.01964	0.04737	0.01995	0.91303
36	151	Y	0.02814	0.51552	0.03290	0.42343
36	152	A	0.66308	0.04214	0.05758	0.23721
36	153	G	0.07229	0.08402	0.49670	0.34700
36	154	G	0.05273	0.02206	0.86576	0.05945
36	155	T	0.04750	0.11136	0.02868	0.81246
36	156	C	0.01482	0.83947	0.01520	0.13052
36	157	C	0.00507	0.96160	0.00543	0.02790
36	158	A	0.66761	0.06850	0.06957	0.19432
36	159	C	0.00916	0.91754	0.00961	0.06368
36	160	G	0.06535	0.04587	0.66127	0.22751
36	161	Y	0.04102	0.40622	0.02866	0.52410
36	162	T	0.00968	0.02315	0.00871	0.95846
36	163	A	0.96590	0.00536	0.01572	0.01301
36	164	G	0.09957	0.01497	0.85380	0.03166
36	165	G	0.05724	0.03742	0.66661	0.23873
36	166	G	0.09957	0.01497	0.85380	0.03166
36	167	G	0.07546	0.02575	0.85458	0.04420
36	168	C	0.00507	0.96160	0.00543	0.02790
36	169	A	0.96590	0.00536	0.01572	0.01301
36	170	C	0.00916	0.91754	0.00961	0.06368
36	171	T	0.00968	0.02315	0.00871	0.95846
36	172	C	0.01285	0.91252	0.01138	0.06326
36	173	T	0.36107	0.06017	0.05101	0.52775
36	174	C	0.01819	0.68145	0.01797	0.28239
36	175	T	0.01723	0.07287	0.01554	0.89436
36	176	T	0.00968	0.02315	0.00871	0.95846
36	177	T	0.00348	0.01502	0.00277	0.97874
36	178	T	0.00348	0.01502	0.00277	0.97874
36	179	T	0.01426	0.31634	0.01237	0.65703
36	180	C	0.01169	0.71879	0.01078	0.25874
36	181	C	0.00097	0.98528	0.00097	0.01279
36	182	C	0.01169	0.71879	0.01078	0.25874
36	183	T	0.02361	0.04473	0.01226	0.91940
36	184	G	0.00553	0.00099	0.99092	0.00256
36	185	G	0.25562	0.01030	0.70639	0.02769
36	186	G	0.03650	0.08416	0.82295	0.05639
36	187	Y	0.03408	0.47343	0.06241	0.43008
36	188	C	0.00097	0.98528	0.00097	0.01279
36	189	C	0.07583	0.61281	0.08053	0.23083
36	190	A	0.63042	0.07815	0.15223	0.13920
36	191	G	0.13708	0.07473	0.66408	0.12410
36	192	A	0.63042	0.07815	0.15223	0.13920
36	193	M	0.38296	0.26782	0.13157	0.21765
36	194	W	0.31738	0.13220	0.12401	0.42641
36	195	T	0.04953	0.11940	0.12527	0.70580
36	196	T	0.01068	0.09472	0.00886	0.88574
36	197	C	0.00662	0.80527	0.00609	0.18202
36	198	T	0.01594	0.04723	0.02057	0.91625
36	199	T	0.29832	0.15041	0.06243	0.48884
36	200	T	0.17137	0.07207	0.09150	0.66506
36	201	G	0.02299	0.00639	0.95054	0.02008
36	202	G	0.12747	0.00602	0.84989	0.01662
36	203	C	0.02224	0.79708	0.09329	0.08739
36	204	C	0.01169	0.71879	0.01078	0.25874
36	205	C	0.00620	0.84016	0.00581	0.14783
36	206	T	0.01068	0.09472	0.00886	0.88574
36	207	T	0.11958	0.04300	0.02622	0.81120
36	208	T	0.03091	0.21469	0.05252	0.70188
36	209	T	0.00209	0.00922	0.00165	0.98704
36	210	T	0.00209	0.00922	0.00165	0.98704
36	211	C	0.00204	0.96272	0.00200	0.03325
36	212	C	0.10016	0.69085	0.03412	0.17486
36	213	C	0.04686	0.70917	0.01919	0.22479
36	214	C	0.01042	0.84652	0.02101	0.12206
36	215	C	0.00614	0.72872	0.00552	0.25961
36	216	T	0.04359	0.05683	0.28183	0.61774
36	217	T	0.00960	0.41021	0.00845	0.57173
36	218	A	0.52449	0.05532	0.08527	0.33491
36	219	C	0.00355	0.87481	0.00330	0.11833
36	220	T	0.00480	0.12400	0.00412	0.86708
36	221	A	0.78260	0.02781	0.06377	0.12582
36	222	T	0.00149	0.00646	0.00117	0.99089
36	223	C	0.00355	0.87481	0.00330	0.11833
36	224	A	0.98755	0.00131	0.00676	0.00438
36	225	T	0.00480	0.12400	0.00412	0.86708
36	226	T	0.00941	0.28486	0.00804	0.69769
36	227	T	0.00944	0.39199	0.00827	0.59031
36	228	T	0.00395	0.02337	0.00318	0.96950
36	229	T	0.11304	0.04602	0.03443	0.80651
36	230	T	0.01022	0.07696	0.00844	0.90438
36	231	T	0.10950	0.18305	0.10916	0.59829
36	232	C	0.08271	0.58807	0.08794	0.24128
36	233	C	0.01813	0.60998	0.01312	0.35878
36	234	T	0.00149	0.00646	0.00117	0.99089
36	235	T	0.00483	0.05106	0.00393	0.94019
36	236	C	0.00040	0.99355	0.00041	0.00564
36	237	C	0.00177	0.97654	0.00161	0.02008
36	238	G	0.11757	0.00770	0.85489	0.01984
36	239	G	0.00264	0.00047	0.99564	0.00125
36	240	G	0.00264	0.00047	0.99564	0.00125
36	241	C	0.00113	0.98183	0.00113	0.01591
36	242	T	0.00149	0.00646	0.00117	0.99089
36	243	C	0.00040	0.99355	0.00041	0.00564
36	244	T	0.00149	0.00646	0.00117	0.99089
36	245	C	0.00040	0.99355	0.00041	0.00564
36	246	A	0.95719	0.00453	0.02575	0.01252
36	247	G	0.04450	0.22221	0.60475	0.12854
36	248	C	0.01048	0.92041	0.00876	0.06036
36	249	A	0.92678	0.00707	0.03723	0.02892
36	250	T	0.00149	0.00646	0.00117	0.99089
36	251	G	0.00800	0.00129	0.98741	0.00330
36	252	C	0.00040	0.99355	0.00041	0.00564
36	253	C	0.00040	0.99355	0.00041	0.00564
36	254	A	0.76828	0.01203	0.18788	0.03181
36	255	A	0.96547	0.00320	0.02059	0.01074
36	256	T	0.03432	0.15424	0.01317	0.79827
36	257	G	0.00264	0.00047	0.99564	0.00125
36	258	G	0.01368	0.00450	0.94965	0.03217
36	259	Y	0.06089	0.48269	0.01805	0.43837
36	260	Y	0.15162	0.37268	0.09683	0.37887
36	261	C	0.00040	0.99355	0.00041	0.00564
36	262	T	0.01536	0.05075	0.01323	0.92067
36	263	G	0.00264	0.00047	0.99564	0.00125
36	264	A	0.97378	0.00164	0.01937	0.00521
36	265	C	0.00040	0.99355	0.00041	0.00564
36	266	C	0.00040	0.99355	0.00041	0.00564
36	267	G	0.10878	0.00364	0.87703	0.01055
36	268	D	0.26635	0.14308	0.32880	0.26176
36	269	T	0.00149	0.00646	0.00117	0.99089
36	270	G	0.00264	0.00047	0.99564	0.00125
36	271	C	0.00040	0.99355	0.00041	0.00564
36	272	G	0.00264	0.00047	0.99564	0.00125
36	273	C	0.00040	0.99355	0.00041	0.00564
36	274	C	0.00804	0.95674	0.00312	0.03210
36	275	C	0.00040	0.99355	0.00041	0.00564
36	276	G	0.00264	0.00047	0.99564	0.00125
36	277	K	0.05250	0.25932	0.40472	0.28345
36	278	C	0.00355	0.87481	0.00330	0.11833
36	279	G	0.00264	0.00047	0.99564	0.00125
36	280	G	0.00264	0.00047	0.99564	0.00125
36	281	G	0.00264	0.00047	0.99564	0.00125
36	282	G	0.00264	0.00047	0.99564	0.00125
36	283	T	0.00149	0.00646	0.00117	0.99089
36	284	T	0.00483	0.05106	0.00393	0.94019
36	285	A	0.99579	0.00041	0.00238	0.00142
36	286	A	0.99579	0.00041	0.00238	0.00142
36	287	C	0.00040	0.99355	0.00041	0.00564
36	288	T	0.00935	0.26484	0.00796	0.71785
36	289	C	0.02120	0.80469	0.08492	0.08919
36	290	C	0.10684	0.76456	0.01962	0.10898
36	291	A	0.87918	0.01679	0.05489	0.04914
36	292	T	0.02612	0.04562	0.02411	0.90414
36	293	G	0.00264	0.00047	0.99564	0.00125
36	294	A	0.93700	0.00174	0.05562	0.00564
36	295	T	0.00149	0.00646	0.00117	0.99089
36	296	T	0.00149	0.00646	0.00117	0.99089
36	297	A	0.99579	0.00041	0.00238	0.00142
36	298	G	0.00264	0.00047	0.99564	0.00125
36	299	C	0.00040	0.99355	0.00041	0.00564
36	300	A	0.95553	0.00752	0.01782	0.01914
36	301	T	0.05017	0.09862	0.03432	0.81688
36	302	G	0.03515	0.01636	0.85798	0.09050
36	303	G	0.04148	0.07521	0.82796	0.05535
36	304	A	0.81480	0.00476	0.16617	0.01428
36	305	G	0.00264	0.00047	0.99564	0.00125
36	306	C	0.00040	0.99355	0.00041	0.00564
36	307	T	0.00149	0.00646	0.00117	0.99089
36	308	G	0.00264	0.00047	0.99564	0.00125
36	309	T	0.00149	0.00646	0.00117	0.99089
36	310	A	0.99579	0.00041	0.00238	0.00142
36	311	G	0.00264	0.00047	0.99564	0.00125
36	312	G	0.01963	0.00799	0.95596	0.01642
36	313	T	0.16091	0.32208	0.04234	0.47468
36	314	G	0.01326	0.02232	0.95113	0.01329
36	315	C	0.00731	0.74290	0.00673	0.24306
36	316	T	0.00483	0.05106	0.00393	0.94019
36	317	A	0.97793	0.00234	0.00962	0.01011
36	318	A	0.99579	0.00041	0.00238	0.00142
36	319	A	0.99579	0.00041	0.00238	0.00142
36	320	A	0.99579	0.00041	0.00238	0.00142
36	321	G	0.00773	0.00149	0.98682	0.00396
36	322	T	0.00395	0.02337	0.00318	0.96950
36	323	G	0.01972	0.00695	0.95574	0.01759
36	324	C	0.06283	0.54451	0.26605	0.12661
36	325	T	0.01200	0.06422	0.01203	0.91176
36	326	G	0.00264	0.00047	0.99564	0.00125
36	327	A	0.99579	0.00041	0.00238	0.00142
36	328	C	0.00113	0.98151	0.00114	0.01622
36	329	A	0.95555	0.00649	0.01763	0.02033
36	330	C	0.02924	0.72193	0.08469	0.16414
36	331	T	0.06671	0.21165	0.11935	0.60229
36	332	G	0.10075	0.13256	0.52472	0.24197
36	333	G	0.08945	0.07684	0.77067	0.06304
36	334	A	0.96547	0.00320	0.02059	0.01074
36	335	A	0.98714	0.00120	0.00781	0.00386
36	336	T	0.01672	0.12713	0.01431	0.84184
36	337	T	0.02595	0.34607	0.07132	0.55666
36	338	T	0.00764	0.42237	0.00669	0.56330
36	339	G	0.10310	0.03919	0.73839	0.11932
36	340	G	0.01972	0.00695	0.95574	0.01759
36	341	A	0.96286	0.00423	0.01710	0.01581
36	342	C	0.00529	0.96234	0.00270	0.02966
36	343	T	0.01928	0.08537	0.01735	0.87800
36	344	A	0.77640	0.01024	0.18150	0.03186
36	345	T	0.00390	0.02217	0.00314	0.97079
36	346	T	0.12059	0.23258	0.05863	0.58820
36	347	A	0.74426	0.00508	0.23564	0.01501
36	348	A	0.86654	0.00402	0.11691	0.01253
36	349	T	0.09939	0.03829	0.01650	0.84582
36	350	G	0.05327	0.12406	0.71218	0.11049
36	351	C	0.01037	0.86398	0.02671	0.09894
36	352	A	0.68873	0.04870	0.08871	0.17386
36	353	T	0.16337	0.18221	0.06800	0.58642
36	354	G	0.25220	0.02452	0.60497	0.11831
36	355	C	0.00188	0.95203	0.00182	0.04427
36	356	A	0.84571	0.01838	0.03567	0.10024
36	357	G	0.17579	0.26127	0.43638	0.12657
36	358	T	0.00777	0.02068	0.00440	0.96714
36	359	G	0.21520	0.01141	0.73704	0.03635
36	360	T	0.00581	0.02175	0.00637	0.96607
36	361	T	0.00149	0.00646	0.00117	0.99089
36	362	A	0.99579	0.00041	0.00238	0.00142
36	363	A	0.99579	0.00041	0.00238	0.00142
36	364	C	0.00040	0.99355	0.00041	0.00564
36	365	T	0.00149	0.00646	0.00117	0.99089
36	366	G	0.03961	0.02286	0.83712	0.10042
36	367	A	0.83816	0.00582	0.13850	0.01752
36	368	A	0.98065	0.00209	0.00986	0.00740
36	369	A	0.66899	0.04319	0.14769	0.14013
36	370	C	0.00459	0.93878	0.00386	0.05276
36	371	A	0.89444	0.01836	0.02932	0.05788
36	372	T	0.22495	0.12877	0.08165	0.56463
36	373	G	0.03658	0.01794	0.84279	0.10269
36	374	T	0.04789	0.09300	0.23430	0.62481
36	375	A	0.98762	0.00117	0.00742	0.00379
36	376	W	0.34387	0.13671	0.13901	0.38042
36	377	K	0.14341	0.13282	0.38702	0.33675
36	378	A	0.98762	0.00117	0.00742	0.00379
36	379	R	0.42834	0.11083	0.37598	0.08485
36	380	T	0.03806	0.34116	0.10116	0.51961
36	381	C	0.01018	0.69602	0.00932	0.28449
36	382	T	0.01741	0.26322	0.01135	0.70802
36	383	V	0.34438	0.24114	0.26875	0.14573
36	384	A	0.94974	0.00580	0.01957	0.02490
36	385	T	0.00435	0.03135	0.00352	0.96078
36	386	T	0.00499	0.13330	0.00418	0.85753
36	387	G	0.00264	0.00047	0.99564	0.00125
36	388	A	0.99579	0.00041	0.00238	0.00142
36	389	T	0.00149	0.00646	0.00117	0.99089
36	390	C	0.00040	0.99355	0.00041	0.00564
36	391	T	0.00149	0.00646	0.00117	0.99089
36	392	T	0.00149	0.00646	0.00117	0.99089
36	393	C	0.01381	0.76151	0.03234	0.19234
36	394	T	0.08688	0.19385	0.12509	0.59418
36	395	A	0.78822	0.02836	0.06119	0.12223
36	396	G	0.12734	0.28203	0.45541	0.13523
36	397	A	0.96603	0.00170	0.02686	0.00541
36	398	A	0.84120	0.00572	0.13585	0.01723
36	399	G	0.34500	0.00611	0.63150	0.01740
36	400	G	0.00264	0.00047	0.99564	0.00125
36	401	G	0.00264	0.00047	0.99564	0.00125
36	402	G	0.00264	0.00047	0.99564	0.00125
36	403	T	0.00149	0.00646	0.00117	0.99089
36	404	A	0.99579	0.00041	0.00238	0.00142
36	405	G	0.00264	0.00047	0.99564	0.00125
36	406	G	0.00264	0.00047	0.99564	0.00125
36	407	C	0.00040	0.99355	0.00041	0.00564
36	408	T	0.00149	0.00646	0.00117	0.99089
36	409	A	0.99579	0.00041	0.00238	0.00142
36	410	C	0.00040	0.99355	0.00041	0.00564
36	411	G	0.00264	0.00047	0.99564	0.00125
36	412	G	0.00264	0.00047	0.99564	0.00125
36	413	G	0.00264	0.00047	0.99564	0.00125
36	414	T	0.00149	0.00646	0.00117	0.99089
36	415	G	0.00264	0.00047	0.99564	0.00125
36	416	A	0.99579	0.00041	0.00238	0.00142
36	417	A	0.99579	0.00041	0.00238	0.00142
36	418	A	0.99579	0.00041	0.00238	0.00142
36	419	C	0.00040	0.99355	0.00041	0.00564
36	420	C	0.00040	0.99355	0.00041	0.00564
36	421	C	0.00009	0.99653	0.00009	0.00329
36	422	C	0.08750	0.52655	0.01560	0.37034
36	423	C	0.00242	0.56306	0.00198	0.43254
36	424	T	0.00086	0.02021	0.00062	0.97831
36	425	A	0.99961	0.00002	0.00026	0.00011
36	426	G	0.00429	0.00050	0.99327	0.00193
36	427	G	0.00551	0.00046	0.99262	0.00141
36	428	T	0.00061	0.00657	0.00043	0.99239
36	429	T	0.00016	0.00131	0.00011	0.99841
36	430	A	0.99961	0.00002	0.00026	0.00011
36	431	A	0.96322	0.00038	0.03469	0.00171
36	432	T	0.00016	0.00131	0.00011	0.99841
36	433	A	0.99961	0.00002	0.00026	0.00011
36	434	C	0.00002	0.99914	0.00002	0.00082
36	435	T	0.00059	0.00604	0.00042	0.99295
36	436	C	0.00043	0.98654	0.00035	0.01268
36	437	A	0.99673	0.00039	0.00178	0.00111
36	438	T	0.00016	0.00131	0.00011	0.99841
36	439	A	0.99961	0.00002	0.00026	0.00011
36	440	T	0.00016	0.00131	0.00011	0.99841
36	441	T	0.00150	0.00752	0.00218	0.98881
36	442	G	0.00477	0.00034	0.99369	0.00120
36	443	A	0.99961	0.00002	0.00026	0.00011
36	444	G	0.00033	0.00003	0.99954	0.00010
36	445	A	0.99961	0.00002	0.00026	0.00011
36	446	G	0.00033	0.00003	0.99954	0.00010
36	447	A	0.99961	0.00002	0.00026	0.00011
36	448	T	0.00016	0.00131	0.00011	0.99841
36	449	A	0.99831	0.00009	0.00119	0.00042
36	450	C	0.00045	0.98452	0.00047	0.01455
36	451	C	0.00921	0.78178	0.00403	0.20498
36	452	T	0.00016	0.00131	0.00011	0.99841
36	453	C	0.00062	0.95629	0.00055	0.04255
36	454	C	0.00436	0.56232	0.00434	0.42898
36	455	R	0.52821	0.00221	0.46105	0.00853
36	456	G	0.31367	0.01326	0.58113	0.09194
36	457	T	0.00961	0.00612	0.00177	0.98250
36	458	A	0.99961	0.00002	0.00026	0.00011
36	459	G	0.00033	0.00003	0.99954	0.00010
36	460	G	0.00033	0.00003	0.99954	0.00010
36	461	T	0.00560	0.23959	0.00539	0.74943
36	462	T	0.00271	0.00687	0.00820	0.98222
36	463	A	0.99961	0.00002	0.00026	0.00011
36	464	A	0.99961	0.00002	0.00026	0.00011
36	465	G	0.01371	0.00951	0.96212	0.01467
36	466	G	0.00144	0.00011	0.99809	0.00036
36	467	T	0.00150	0.00752	0.00218	0.98881
36	468	T	0.00079	0.01385	0.00056	0.98480
36	469	G	0.00135	0.00011	0.99819	0.00035
36	470	G	0.00238	0.00165	0.99445	0.00152
36	471	C	0.00073	0.93250	0.00063	0.06614
36	472	G	0.00033	0.00003	0.99954	0.00010
36	473	G	0.00033	0.00003	0.99954	0.00010
36	474	A	0.99579	0.00041	0.00238	0.00142
36	475	T	0.00016	0.00131	0.00011	0.99841
36	476	A	0.99961	0.00002	0.00026	0.00011
36	477	A	0.97995	0.00182	0.00613	0.01210
36	478	T	0.12917	0.04382	0.05121	0.77579
36	479	G	0.00033	0.00003	0.99954	0.00010
36	480	G	0.01236	0.00408	0.96934	0.01422
36	481	T	0.00016	0.00131	0.00011	0.99841
36	482	G	0.00033	0.00003	0.99954	0.00010
36	483	A	0.97132	0.00161	0.00410	0.02296
36	484	G	0.00033	0.00003	0.99954	0.00010
36	485	T	0.01536	0.05075	0.01323	0.92067
36	486	T	0.03523	0.09263	0.03198	0.84016
36	487	C	0.01684	0.86870	0.01712	0.09734
36	488	T	0.00091	0.00537	0.00054	0.99317
36	489	T	0.00087	0.00593	0.00073	0.99247
36	490	T	0.03348	0.00897	0.00349	0.95406
36	491	A	0.87191	0.01702	0.01969	0.09139
36	492	A	0.99844	0.00010	0.00100	0.00046
36	493	C	0.00858	0.91439	0.01879	0.05824
36	494	G	0.00033	0.00003	0.99954	0.00010
36	495	A	0.99961	0.00002	0.00026	0.00011
36	496	C	0.00002	0.99914	0.00002	0.00082
36	497	A	0.99579	0.00041	0.00238	0.00142
36	498	A	0.96322	0.00038	0.03469	0.00171
36	499	A	0.83875	0.01269	0.02173	0.12684
36	500	A	0.99961	0.00002	0.00026	0.00011
36	501	A	0.97132	0.00161	0.00410	0.02296
36	502	C	0.01146	0.92891	0.00570	0.05392
36	503	C	0.00002	0.99914	0.00002	0.00082
36	504	W	0.44511	0.07434	0.03243	0.44812
36	505	T	0.00016	0.00131	0.00011	0.99841
36	506	T	0.00016	0.00131	0.00011	0.99841
36	507	C	0.00002	0.99914	0.00002	0.00082
36	508	A	0.99961	0.00002	0.00026	0.00011
36	509	A	0.99961	0.00002	0.00026	0.00011
36	510	C	0.00002	0.99914	0.00002	0.00082
36	511	G	0.05471	0.00067	0.94216	0.00246
36	512	C	0.00040	0.99051	0.00158	0.00751
36	513	C	0.00009	0.99671	0.00008	0.00311
36	514	T	0.00150	0.00752	0.00218	0.98881
36	515	G	0.00033	0.00003	0.99954	0.00010
36	516	T	0.00099	0.00553	0.00057	0.99291
36	517	G	0.00033	0.00003	0.99954	0.00010
36	518	G	0.00033	0.00003	0.99954	0.00010
36	519	A	0.91713	0.01308	0.03940	0.03040
36	520	G	0.20187	0.00827	0.77157	0.01829
36	521	C	0.00009	0.99653	0.00009	0.00329
36	522	C	0.00691	0.92524	0.01309	0.05476
36	523	A	0.71206	0.02845	0.21982	0.03968
36	524	A	0.85214	0.00288	0.13475	0.01023
36	525	C	0.00266	0.64336	0.00219	0.35178
36	526	C	0.00002	0.99914	0.00002	0.00082
36	527	T	0.00016	0.00131	0.00011	0.99841
36	528	C	0.00002	0.99914	0.00002	0.00082
36	529	A	0.99961	0.00002	0.00026	0.00011
36	530	C	0.06845	0.52353	0.01371	0.39432
36	531	Y	0.00299	0.55720	0.00244	0.43737
36	532	R	0.43168	0.00391	0.55099	0.01342
36	533	G	0.03667	0.00057	0.96070	0.00206
36	534	C	0.01285	0.77230	0.07077	0.14408
36	535	A	0.56043	0.03660	0.03198	0.37099
36	536	C	0.28336	0.41388	0.09787	0.20489
36	537	R	0.53309	0.01051	0.43621	0.02019
36	538	A	0.99961	0.00002	0.00026	0.00011
36	539	T	0.00016	0.00131	0.00011	0.99841
36	540	G	0.00033	0.00003	0.99954	0.00010
36	541	C	0.00002	0.99914	0.00002	0.00082
36	542	T	0.03100	0.06269	0.08342	0.82288
36	543	T	0.00016	0.00131	0.00011	0.99841
36	544	T	0.03348	0.00897	0.00349	0.95406
36	545	K	0.04457	0.21221	0.32716	0.41606
36	546	A	0.50478	0.01686	0.36568	0.11268
36	547	G	0.04710	0.00687	0.91419	0.03184
36	548	A	0.84866	0.01301	0.11518	0.02315
36	549	R	0.36178	0.07941	0.42349	0.13532
36	550	C	0.00159	0.90178	0.00168	0.09495
36	551	C	0.05238	0.60757	0.15942	0.18063
36	552	A	0.98266	0.00298	0.00646	0.00789
36	553	A	0.99192	0.00061	0.00393	0.00354
36	554	G	0.01618	0.00645	0.95277	0.02461
36	555	T	0.00016	0.00131	0.00011	0.99841
36	556	G	0.00033	0.00003	0.99954	0.00010
36	557	C	0.00287	0.85824	0.00293	0.13596
36	558	G	0.00033	0.00003	0.99954	0.00010
36	559	C	0.18436	0.56704	0.05802	0.19058
36	560	T	0.00016	0.00131	0.00011	0.99841
36	561	A	0.95889	0.00197	0.03131	0.00783
36	562	G	0.00144	0.00011	0.99809	0.00036
36	563	G	0.00033	0.00003	0.99954	0.00010
36	564	G	0.06053	0.02272	0.87340	0.04335
36	565	C	0.07583	0.61281	0.08053	0.23083
36	566	C	0.07583	0.61281	0.08053	0.23083
36	567	T	0.09514	0.16627	0.09352	0.64507
36	568	G	0.02234	0.00062	0.97486	0.00218
36	569	G	0.03776	0.18819	0.58846	0.18558
36	570	C	0.00104	0.84774	0.00087	0.15035
36	571	T	0.00627	0.03611	0.01879	0.93883
36	572	T	0.05686	0.03850	0.00873	0.89591
36	573	S	0.06655	0.27335	0.39746	0.26264
36	574	T	0.36119	0.02095	0.08115	0.53672
36	575	A	0.91134	0.00254	0.06909	0.01703
36	576	T	0.14031	0.19799	0.02287	0.63883
36	577	G	0.02557	0.01062	0.89945	0.06436
36	578	G	0.00225	0.00026	0.99673	0.00076
36	579	A	0.99703	0.00014	0.00220	0.00063
36	580	G	0.22459	0.00134	0.76894	0.00513
36	581	A	0.99906	0.00006	0.00062	0.00026
36	582	T	0.00045	0.00351	0.00031	0.99573
36	583	G	0.01115	0.00224	0.97958	0.00703
36	584	C	0.00045	0.99167	0.00045	0.00743
36	585	T	0.00188	0.00928	0.00144	0.98740
36	586	T	0.10844	0.31870	0.07784	0.49502
36	587	T	0.00718	0.21336	0.00598	0.77349
36	588	A	0.66263	0.02941	0.24140	0.06656
36	589	G	0.00888	0.00094	0.98753	0.00264
36	590	T	0.00357	0.05561	0.00372	0.93709
36	591	G	0.03595	0.00084	0.96024	0.00297
36	592	G	0.00049	0.00004	0.99933	0.00014
36	593	A	0.85914	0.00160	0.13279	0.00647
36	594	A	0.63042	0.07815	0.15223	0.13920
36	595	G	0.13708	0.07473	0.66408	0.12410
36	596	C	0.07583	0.61281	0.08053	0.23083
36	597	T	0.10247	0.17512	0.10145	0.62095
36	598	A	0.63042	0.07815	0.15223	0.13920
36	599	A	0.96657	0.00208	0.02101	0.01035
36	600	G	0.00849	0.00288	0.96294	0.02569
36	601	K	0.05117	0.03571	0.48221	0.43091
36	602	T	0.13391	0.23296	0.04775	0.58538
36	603	A	0.65093	0.00436	0.32634	0.01836
36	604	C	0.00004	0.99866	0.00004	0.00127
36	605	C	0.00016	0.99407	0.00015	0.00562
36	606	C	0.00032	0.98050	0.00029	0.01889
36	607	T	0.00386	0.01035	0.01006	0.97573
36	608	C	0.00004	0.99866	0.00004	0.00127
36	609	C	0.00004	0.99866	0.00004	0.00127
36	610	C	0.00034	0.99216	0.00025	0.00726
36	611	T	0.01613	0.12347	0.01375	0.84666
36	612	G	0.31051	0.03827	0.52051	0.13071
36	613	G	0.01209	0.00811	0.96794	0.01186
36	614	A	0.98558	0.00030	0.01276	0.00136
36	615	A	0.99664	0.00029	0.00202	0.00105
36	616	A	0.96527	0.00080	0.03060	0.00334
36	617	G	0.00805	0.00199	0.98574	0.00422
36	618	G	0.02566	0.00202	0.96664	0.00568
36	619	G	0.12397	0.06438	0.70220	0.10946
36	620	G	0.12397	0.06438	0.70220	0.10946
36	621	T	0.00209	0.01004	0.00161	0.98626
36	622	C	0.00153	0.87067	0.00130	0.12649
36	623	G	0.01213	0.00337	0.96786	0.01665
36	624	T	0.00152	0.00952	0.00142	0.98754
36	625	A	0.99671	0.00027	0.00199	0.00103
36	626	G	0.00048	0.00004	0.99934	0.00014
36	627	G	0.00048	0.00004	0.99934	0.00014
36	628	G	0.00033	0.00003	0.99954	0.00010
36	629	G	0.00033	0.00003	0.99954	0.00010
36	630	T	0.00016	0.00131	0.00011	0.99841
36	631	A	0.99961	0.00002	0.00026	0.00011
36	632	G	0.04417	0.01392	0.91417	0.02774
36	633	C	0.02358	0.80968	0.00515	0.16159
36	634	T	0.00016	0.00131	0.00011	0.99841
36	635	C	0.00002	0.99914	0.00002	0.00082
36	636	A	0.99961	0.00002	0.00026	0.00011
36	637	G	0.00033	0.00003	0.99954	0.00010
36	638	G	0.00033	0.00003	0.99954	0.00010
36	639	G	0.00215	0.00028	0.99622	0.00136
36	640	G	0.00033	0.00003	0.99954	0.00010
36	641	C	0.00022	0.98431	0.00020	0.01527
36	642	A	0.99961	0.00002	0.00026	0.00011
36	643	T	0.00725	0.05118	0.02189	0.91969
36	644	T	0.00016	0.00131	0.00011	0.99841
36	645	T	0.00016	0.00131	0.00011	0.99841
36	646	A	0.99961	0.00002	0.00026	0.00011
36	647	G	0.00033	0.00003	0.99954	0.00010
36	648	G	0.00033	0.00003	0.99954	0.00010
36	649	T	0.02613	0.06705	0.02365	0.88317
36	650	T	0.02613	0.06705	0.02365	0.88317
36	651	T	0.00066	0.02216	0.00049	0.97670
36	652	T	0.00016	0.00131	0.00011	0.99841
36	653	T	0.00016	0.00131	0.00011	0.99841
36	654	C	0.00002	0.99914	0.00002	0.00082
36	655	C	0.00002	0.99914	0.00002	0.00082
36	656	A	0.99839	0.00010	0.00102	0.00048
36	657	C	0.00002	0.99914	0.00002	0.00082
36	658	A	0.99961	0.00002	0.00026	0.00011
36	659	T	0.13421	0.22208	0.01703	0.62668
36	660	T	0.00016	0.00131	0.00011	0.99841
36	661	T	0.00178	0.03150	0.00129	0.96543
36	662	A	0.59099	0.02788	0.11006	0.27107
36	663	A	0.97028	0.00955	0.00788	0.01228
36	664	A	0.74767	0.01008	0.18147	0.06078
36	665	A	0.99961	0.00002	0.00026	0.00011
36	666	K	0.14883	0.03618	0.34934	0.46566
36	667	T	0.39798	0.02488	0.01993	0.55721
36	668	T	0.09435	0.04364	0.09116	0.77086
36	669	T	0.11984	0.26482	0.16376	0.45159
36	670	T	0.10917	0.08325	0.02096	0.78663
36	671	A	0.83147	0.02055	0.03198	0.11600
36	672	T	0.09137	0.16148	0.08948	0.65767
36	673	C	0.06539	0.65239	0.06937	0.21284
36	674	A	0.99961	0.00002	0.00026	0.00011
36	675	T	0.00016	0.00131	0.00011	0.99841
36	676	G	0.00161	0.00025	0.99741	0.00072
39	1	G	0.12901	0.06823	0.68779	0.11497
39	2	K	0.12278	0.11606	0.36719	0.39398
39	3	T	0.01049	0.04052	0.00882	0.94017
39	4	T	0.01049	0.04052	0.00882	0.94017
39	5	T	0.00421	0.01997	0.00337	0.97245
39	6	Y	0.01593	0.49379	0.01405	0.47623
39	7	Y	0.01587	0.53980	0.01410	0.43023
39	8	C	0.00104	0.98342	0.00101	0.01452
39	9	C	0.06936	0.79855	0.02185	0.11025
39	10	G	0.11576	0.00604	0.86191	0.01629
39	11	G	0.03519	0.02061	0.91549	0.02870
39	12	A	0.90880	0.02158	0.03520	0.03441
39	13	C	0.01531	0.86129	0.02929	0.09411
39	14	C	0.01090	0.64568	0.00971	0.33371
39	15	C	0.00104	0.98342	0.00101	0.01452
39	16	C	0.00638	0.84333	0.00588	0.14441
39	17	C	0.00614	0.85258	0.00564	0.13565
39	18	C	0.00594	0.88565	0.00551	0.10290
39	19	G	0.13663	0.07436	0.66544	0.12358
39	20	A	0.63186	0.07775	0.15173	0.13866
39	21	C	0.07545	0.61420	0.08012	0.23022
39	22	G	0.13663	0.07436	0.66544	0.12358
39	23	Y	0.04755	0.45232	0.04585	0.45429
39	24	C	0.01709	0.86715	0.01737	0.09839
39	25	T	0.01376	0.14693	0.01163	0.82768
39	26	T	0.00421	0.01997	0.00337	0.97245
39	27	T	0.00421	0.01997	0.00337	0.97245
39	28	G	0.04235	0.06431	0.83994	0.05340
39	29	G	0.11576	0.00604	0.86191	0.01629
39	30	A	0.85726	0.00583	0.11968	0.01723
39	31	C	0.07158	0.60704	0.03343	0.28796
39	32	G	0.10157	0.00569	0.87762	0.01511
39	33	C	0.11466	0.50541	0.04533	0.33461
39	34	C	0.00104	0.98342	0.00101	0.01452
39	35	C	0.00104	0.98342	0.00101	0.01452
39	36	A	0.53941	0.03945	0.25501	0.16613
39	37	T	0.03902	0.06534	0.10487	0.79077
39	38	G	0.18982	0.04169	0.63091	0.13758
39	39	G	0.04235	0.06431	0.83994	0.05340
39	40	T	0.00421	0.01997	0.00337	0.97245
39	41	G	0.11576	0.00604	0.86191	0.01629
39	42	C	0.18797	0.37985	0.21887	0.21331
39	43	G	0.11576	0.00604	0.86191	0.01629
39	44	G	0.00602	0.00099	0.99046	0.00253
39	45	G	0.00065	0.00005	0.99913	0.00017
39	46	G	0.00065	0.00005	0.99913	0.00017
39	47	G	0.04565	0.00437	0.93170	0.01828
39	48	T	0.21321	0.11718	0.02516	0.64445
39	49	G	0.03330	0.00283	0.95268	0.01119
39	50	T	0.00042	0.00360	0.00030	0.99568
39	51	A	0.99018	0.00034	0.00808	0.00140
39	52	A	0.99921	0.00004	0.00054	0.00020
39	53	A	0.99779	0.00015	0.00146	0.00060
39	54	T	0.09557	0.16681	0.09399	0.64363
39	55	T	0.00421	0.01997	0.00337	0.97245
39	56	A	0.99053	0.00093	0.00560	0.00293
39	57	C	0.00005	0.99800	0.00005	0.00190
39	58	C	0.00037	0.98105	0.00033	0.01826
39	59	T	0.03333	0.12710	0.11238	0.72718
39	60	C	0.00037	0.98105	0.00033	0.01826
39	61	A	0.98750	0.00033	0.01073	0.00144
39	62	C	0.00137	0.97698	0.00315	0.01850
39	63	C	0.00473	0.91272	0.00916	0.07340
39	64	C	0.26849	0.49888	0.07215	0.16049
39	65	C	0.00038	0.98023	0.00034	0.01905
39	66	C	0.00005	0.99800	0.00005	0.00190
39	67	G	0.00459	0.00067	0.99227	0.00247
39	68	T	0.00042	0.00360	0.00030	0.99568
39	69	T	0.00042	0.00360	0.00030	0.99568
39	70	A	0.62749	0.07895	0.15326	0.14029
39	71	G	0.13801	0.07551	0.66130	0.12518
39	72	C	0.07661	0.60996	0.08137	0.23207
39	73	T	0.10328	0.17606	0.10233	0.61833
39	74	G	0.13801	0.07551	0.66130	0.12518
39	75	T	0.00042	0.00360	0.00030	0.99568
39	76	G	0.00459	0.00067	0.99227	0.00247
39	77	C	0.00005	0.99800	0.00005	0.00190
39	78	C	0.00005	0.99800	0.00005	0.00190
39	79	G	0.02521	0.00994	0.91225	0.05260
39	80	T	0.35482	0.02303	0.02107	0.60108
39	81	G	0.00065	0.00005	0.99913	0.00017
39	82	G	0.01143	0.00036	0.98694	0.00127
39	83	G	0.04994	0.06148	0.58084	0.30773
39	84	T	0.00144	0.03145	0.00105	0.96606
39	85	T	0.04364	0.02113	0.00795	0.92729
39	86	A	0.71973	0.02009	0.02222	0.23796
39	87	C	0.05827	0.83842	0.01247	0.09083
39	88	G	0.00065	0.00005	0.99913	0.00017
39	89	G	0.00065	0.00005	0.99913	0.00017
39	90	A	0.62749	0.07895	0.15326	0.14029
39	91	A	0.62749	0.07895	0.15326	0.14029
39	92	C	0.07661	0.60996	0.08137	0.23207
39	93	C	0.00002	0.99913	0.00002	0.00083
39	94	T	0.00017	0.00164	0.00011	0.99809
39	95	A	0.96833	0.00307	0.02192	0.00668
39	96	C	0.22693	0.59936	0.02093	0.15277
39	97	C	0.31272	0.61635	0.01253	0.05841
39	98	T	0.00042	0.00360	0.00030	0.99568
39	99	A	0.53393	0.01844	0.37528	0.07235
39	100	T	0.00147	0.00883	0.00110	0.98861
39	101	T	0.08425	0.09764	0.25903	0.55909
39	102	T	0.03276	0.28564	0.02982	0.65178
39	103	C	0.05135	0.65695	0.11109	0.18061
39	104	T	0.03276	0.28564	0.02982	0.65178
39	105	T	0.05117	0.11040	0.04799	0.79045
39	106	T	0.00038	0.00328	0.00026	0.99609
39	107	T	0.00017	0.00164	0.00011	0.99809
39	108	T	0.01070	0.03410	0.00355	0.95165
39	109	T	0.00017	0.00164	0.00011	0.99809
39	110	G	0.00302	0.00011	0.99647	0.00040
39	111	G	0.04026	0.16977	0.54710	0.24287
39	112	A	0.44156	0.21795	0.03147	0.30903
39	113	T	0.00089	0.02272	0.00063	0.97577
39	114	G	0.02748	0.00183	0.96231	0.00837
39	115	T	0.00017	0.00164	0.00011	0.99809
39	116	A	0.99924	0.00004	0.00052	0.00020
39	117	A	0.98834	0.00030	0.00999	0.00136
39	118	A	0.98672	0.00037	0.01137	0.00154
39	119	T	0.00039	0.00334	0.00027	0.99600
39	120	A	0.93104	0.00381	0.04678	0.01837
39	121	T	0.13353	0.03534	0.01821	0.81292
39	122	T	0.03675	0.10631	0.16650	0.69044
39	123	A	0.98834	0.00030	0.00999	0.00136
39	124	A	0.98832	0.00226	0.00513	0.00429
39	125	T	0.00039	0.00334	0.00027	0.99600
39	126	T	0.01084	0.02881	0.01923	0.94113
39	127	C	0.00104	0.96196	0.00093	0.03607
39	128	C	0.00017	0.99517	0.00016	0.00451
39	129	T	0.00329	0.05593	0.00251	0.93826
39	130	G	0.00155	0.00015	0.99784	0.00046
39	131	C	0.00104	0.96196	0.00093	0.03607
39	132	A	0.96993	0.00653	0.01157	0.01197
39	133	G	0.02236	0.01377	0.93235	0.03152
39	134	G	0.00459	0.00067	0.99227	0.00247
39	135	T	0.00432	0.01810	0.00579	0.97179
39	136	T	0.00144	0.03145	0.00105	0.96606
39	137	C	0.00005	0.99800	0.00005	0.00190
39	138	A	0.98750	0.00033	0.01073	0.00144
39	139	G	0.00065	0.00005	0.99913	0.00017
39	140	G	0.02267	0.03042	0.91835	0.02855
39	141	T	0.05127	0.04098	0.03839	0.86936
39	142	C	0.00250	0.70920	0.00205	0.28626
39	143	T	0.00042	0.00360	0.00030	0.99568
39	144	C	0.00153	0.98070	0.00085	0.01692
39	145	T	0.00042	0.00360	0.00030	0.99568
39	146	T	0.01201	0.03425	0.01825	0.93548
39	147	G	0.08697	0.00990	0.86847	0.03467
39	148	A	0.97043	0.00150	0.02286	0.00522
39	149	A	0.97366	0.00289	0.01146	0.01199
39	150	T	0.00471	0.01767	0.00642	0.97120
39	151	Y	0.01038	0.53738	0.01619	0.43605
39	152	A	0.71707	0.02358	0.02770	0.23165
39	153	G	0.04877	0.06253	0.52289	0.36581
39	154	G	0.02236	0.00792	0.93235	0.03737
39	155	T	0.03025	0.08046	0.00972	0.87957
39	156	C	0.00214	0.90782	0.00191	0.08814
39	157	C	0.00012	0.99683	0.00012	0.00292
39	158	A	0.73115	0.05180	0.03559	0.18147
39	159	C	0.00075	0.97081	0.00069	0.02776
39	160	G	0.03852	0.02780	0.70962	0.22406
39	161	Y	0.02498	0.42537	0.01100	0.53866
39	162	T	0.00066	0.00422	0.00048	0.99464
39	163	A	0.99839	0.00012	0.00100	0.00049
39	164	G	0.07723	0.00195	0.91446	0.00636
39	165	G	0.03776	0.02130	0.69801	0.24294
39	166	G	0.07723	0.00195	0.91446	0.00636
39	167	G	0.04848	0.01281	0.91979	0.01891
39	168	C	0.00012	0.99683	0.00012	0.00292
39	169	A	0.99839	0.00012	0.00100	0.00049
39	170	C	0.00075	0.97081	0.00069	0.02776
39	171	T	0.00066	0.00422	0.00048	0.99464
39	172	C	0.00409	0.97036	0.00170	0.02385
39	173	T	0.37489	0.03111	0.02814	0.56586
39	174	C	0.00373	0.73391	0.00320	0.25916
39	175	T	0.00268	0.04821	0.00205	0.94707
39	176	T	0.00066	0.00422	0.00048	0.99464
39	177	T	0.00125	0.00776	0.00092	0.99007
39	178	T	0.00125	0.00776	0.00092	0.99007
39	179	T	0.00676	0.24120	0.00543	0.74661
39	180	C	0.00428	0.81952	0.00377	0.17243
39	181	C	0.00022	0.99426	0.00021	0.00530
39	182	C	0.00428	0.81952	0.00377	0.17243
39	183	T	0.02037	0.02897	0.00755	0.94311
39	184	G	0.00194	0.00021	0.99721	0.00064
39	185	G	0.17911	0.00373	0.80525	0.01192
39	186	G	0.01404	0.00967	0.96358	0.01271
39	187	C	0.02592	0.53170	0.06200	0.38037
39	188	C	0.00022	0.99426	0.00021	0.00530
39	189	C	0.06928	0.63733	0.07352	0.21987
39	190	A	0.65551	0.07140	0.14326	0.12983
39	191	G	0.12901	0.06823	0.68779	0.11497
39	192	A	0.65551	0.07140	0.14326	0.12983
39	193	A	0.40072	0.27323	0.11889	0.20716
39	194	W	0.32642	0.11937	0.11181	0.44240
39	195	T	0.02198	0.10792	0.04017	0.82994
39	196	T	0.00507	0.08865	0.00398	0.90230
39	197	C	0.00345	0.80459	0.00299	0.18898
39	198	T	0.01060	0.03121	0.01754	0.94064
39	199	T	0.24174	0.15256	0.04093	0.56477
39	200	T	0.09232	0.05170	0.07626	0.77971
39	201	G	0.01519	0.00416	0.96329	0.01736
39	202	G	0.02922	0.00126	0.96545	0.00406
39	203	C	0.00452	0.94476	0.01095	0.03976
39	204	C	0.00428	0.81952	0.00377	0.17243
39	205	C	0.00131	0.95457	0.00119	0.04293
39	206	T	0.00507	0.08865	0.00398	0.90230
39	207	T	0.02633	0.02518	0.00822	0.94027
39	208	T	0.02343	0.12675	0.05165	0.79817
39	209	T	0.00039	0.00334	0.00027	0.99600
39	210	T	0.00039	0.00334	0.00027	0.99600
39	211	C	0.00044	0.97740	0.00038	0.02179
39	212	C	0.03367	0.83639	0.00869	0.12125
39	213	C	0.04343	0.81223	0.00946	0.13489
39	214	C	0.00641	0.86353	0.01988	0.11018
39	215	C	0.00166	0.71451	0.00132	0.28251
39	216	T	0.02970	0.03787	0.32502	0.60741
39	217	Y	0.00246	0.46006	0.00192	0.53557
39	218	A	0.61355	0.03089	0.06735	0.28822
39	219	C	0.00014	0.99031	0.00013	0.00942
39	220	T	0.00060	0.01649	0.00042	0.98249
39	221	A	0.91491	0.00601	0.03834	0.04074
39	222	T	0.00017	0.00164	0.00011	0.99809
39	223	C	0.00014	0.99031	0.00013	0.00942
39	224	A	0.99725	0.00019	0.00149	0.00107
39	225	T	0.00060	0.01649	0.00042	0.98249
39	226	T	0.00247	0.30886	0.00190	0.68677
39	227	Y	0.00244	0.43821	0.00190	0.55744
39	228	T	0.00073	0.01410	0.00051	0.98466
39	229	T	0.02118	0.02325	0.01402	0.94154
39	230	T	0.00528	0.06953	0.00415	0.92104
39	231	T	0.10328	0.17606	0.10233	0.61833
39	232	C	0.07661	0.60996	0.08137	0.23207
39	233	C	0.00984	0.69405	0.00444	0.29167
39	234	T	0.00017	0.00164	0.00011	0.99809
39	235	T	0.00100	0.04440	0.00072	0.95389
39	236	C	0.00002	0.99913	0.00002	0.00083
39	237	C	0.00049	0.99155	0.00027	0.00769
39	238	G	0.01943	0.00161	0.97501	0.00395
39	239	G	0.00029	0.00002	0.99961	0.00007
39	240	G	0.00029	0.00002	0.99961	0.00007
39	241	C	0.00011	0.99398	0.00010	0.00582
39	242	T	0.00017	0.00164	0.00011	0.99809
39	243	C	0.00002	0.99913	0.00002	0.00083
39	244	T	0.00017	0.00164	0.00011	0.99809
39	245	C	0.00002	0.99913	0.00002	0.00083
39	246	A	0.97771	0.00181	0.01553	0.00495
39	247	G	0.02945	0.26072	0.58535	0.12449
39	248	C	0.00865	0.94377	0.00638	0.04120
39	249	A	0.94502	0.00365	0.02756	0.02376
39	250	T	0.00017	0.00164	0.00011	0.99809
39	251	G	0.00283	0.00011	0.99665	0.00040
39	252	C	0.00002	0.99913	0.00002	0.00083
39	253	C	0.00002	0.99913	0.00002	0.00083
39	254	A	0.88917	0.00475	0.09351	0.01256
39	255	A	0.98315	0.00080	0.01160	0.00444
39	256	T	0.03166	0.05287	0.00610	0.90937
39	257	G	0.00029	0.00002	0.99961	0.00007
39	258	G	0.00846	0.00257	0.95446	0.03451
39	259	Y	0.06443	0.43620	0.01085	0.48853
39	260	Y	0.16299	0.40971	0.09628	0.33103
39	261	C	0.00002	0.99913	0.00002	0.00083
39	262	T	0.01430	0.04837	0.01226	0.92508
39	263	G	0.00029	0.00002	0.99961	0.00007
39	264	A	0.98367	0.00023	0.01502	0.00109
39	265	C	0.00002	0.99913	0.00002	0.00083
39	266	C	0.00002	0.99913	0.00002	0.00083
39	267	G	0.00615	0.00015	0.99311	0.00060
39	268	R	0.29988	0.07549	0.37652	0.24811
39	269	T	0.00017	0.00164	0.00011	0.99809
39	270	G	0.00029	0.00002	0.99961	0.00007
39	271	C	0.00002	0.99913	0.00002	0.00083
39	272	G	0.00029	0.00002	0.99961	0.00007
39	273	C	0.00002	0.99913	0.00002	0.00083
39	274	C	0.00776	0.96997	0.00149	0.02078
39	275	C	0.00002	0.99913	0.00002	0.00083
39	276	G	0.00029	0.00002	0.99961	0.00007
39	277	B	0.03379	0.30121	0.35995	0.30504
39	278	C	0.00014	0.99031	0.00013	0.00942
39	279	G	0.00029	0.00002	0.99961	0.00007
39	280	G	0.00029	0.00002	0.99961	0.00007
39	281	G	0.00029	0.00002	0.99961	0.00007
39	282	G	0.00029	0.00002	0.99961	0.00007
39	283	T	0.00017	0.00164	0.00011	0.99809
39	284	T	0.00100	0.04440	0.00072	0.95389
39	285	A	0.99967	0.00002	0.00023	0.00008
39	286	A	0.99967	0.00002	0.00023	0.00008
39	287	C	0.00002	0.99913	0.00002	0.00083
39	288	T	0.00245	0.28541	0.00187	0.71027
39	289	C	0.00179	0.95870	0.00374	0.03577
39	290	C	0.12370	0.77489	0.01327	0.08814
39	291	A	0.89953	0.01314	0.04316	0.04417
39	292	T	0.02170	0.02623	0.02060	0.93148
39	293	G	0.00029	0.00002	0.99961	0.00007
39	294	A	0.93950	0.00042	0.05814	0.00194
39	295	T	0.00017	0.00164	0.00011	0.99809
39	296	T	0.00017	0.00164	0.00011	0.99809
39	297	A	0.99967	0.00002	0.00023	0.00008
39	298	G	0.00029	0.00002	0.99961	0.00007
39	299	C	0.00002	0.99913	0.00002	0.00083
39	300	A	0.97203	0.00565	0.00808	0.01423
39	301	T	0.04595	0.07745	0.02791	0.84869
39	302	G	0.02365	0.01166	0.86525	0.09944
39	303	G	0.01599	0.00341	0.97460	0.00600
39	304	A	0.81478	0.00115	0.17908	0.00498
