Node	Site	State 	p_A	p_C	p_G	p_T
28	1	A	0.46860	0.15188	0.20545	0.17407
28	2	G	0.19871	0.14455	0.49637	0.16037
28	3	T	0.14354	0.23800	0.13673	0.48174
28	4	T	0.14354	0.23800	0.13673	0.48174
28	5	G	0.19871	0.14455	0.49637	0.16037
28	6	C	0.12760	0.50437	0.12556	0.24247
28	7	A	0.46860	0.15188	0.20545	0.17407
28	8	A	0.46860	0.15188	0.20545	0.17407
28	9	G	0.19871	0.14455	0.49637	0.16037
28	10	A	0.46860	0.15188	0.20545	0.17407
28	11	A	0.46860	0.15188	0.20545	0.17407
28	12	A	0.46860	0.15188	0.20545	0.17407
28	13	C	0.12760	0.50437	0.12556	0.24247
28	14	G	0.19871	0.14455	0.49637	0.16037
28	15	C	0.12760	0.50437	0.12556	0.24247
28	16	G	0.19871	0.14455	0.49637	0.16037
28	17	G	0.19871	0.14455	0.49637	0.16037
28	18	T	0.14354	0.23800	0.13673	0.48174
28	19	T	0.14354	0.23800	0.13673	0.48174
28	20	T	0.14354	0.23800	0.13673	0.48174
28	21	G	0.19871	0.14455	0.49637	0.16037
28	22	A	0.46860	0.15188	0.20545	0.17407
28	23	A	0.46860	0.15188	0.20545	0.17407
28	24	A	0.46860	0.15188	0.20545	0.17407
28	25	A	0.46860	0.15188	0.20545	0.17407
28	26	T	0.14354	0.23800	0.13673	0.48174
28	27	A	0.46860	0.15188	0.20545	0.17407
28	28	A	0.46860	0.15188	0.20545	0.17407
28	29	A	0.46860	0.15188	0.20545	0.17407
28	30	G	0.19871	0.14455	0.49637	0.16037
28	31	A	0.46860	0.15188	0.20545	0.17407
28	32	A	0.46860	0.15188	0.20545	0.17407
28	33	C	0.12760	0.50437	0.12556	0.24247
28	34	G	0.19871	0.14455	0.49637	0.16037
28	35	T	0.14354	0.23800	0.13673	0.48174
28	36	T	0.14354	0.23800	0.13673	0.48174
28	37	G	0.19871	0.14455	0.49637	0.16037
28	38	G	0.19871	0.14455	0.49637	0.16037
28	39	C	0.12760	0.50437	0.12556	0.24247
28	40	C	0.12760	0.50437	0.12556	0.24247
28	41	C	0.12760	0.50437	0.12556	0.24247
28	42	T	0.14354	0.23800	0.13673	0.48174
28	43	T	0.14354	0.23800	0.13673	0.48174
28	44	C	0.12760	0.50437	0.12556	0.24247
28	45	C	0.12760	0.50437	0.12556	0.24247
28	46	A	0.46860	0.15188	0.20545	0.17407
28	47	T	0.14354	0.23800	0.13673	0.48174
28	48	A	0.46860	0.15188	0.20545	0.17407
28	49	A	0.46860	0.15188	0.20545	0.17407
28	50	G	0.19871	0.14455	0.49637	0.16037
28	51	G	0.19871	0.14455	0.49637	0.16037
28	52	A	0.46860	0.15188	0.20545	0.17407
28	53	A	0.46860	0.15188	0.20545	0.17407
28	54	T	0.14354	0.23800	0.13673	0.48174
28	55	G	0.19871	0.14455	0.49637	0.16037
28	56	G	0.19871	0.14455	0.49637	0.16037
28	57	A	0.46860	0.15188	0.20545	0.17407
28	58	A	0.46860	0.15188	0.20545	0.17407
28	59	G	0.19871	0.14455	0.49637	0.16037
28	60	A	0.46860	0.15188	0.20545	0.17407
28	61	G	0.19871	0.14455	0.49637	0.16037
28	62	A	0.46860	0.15188	0.20545	0.17407
28	63	T	0.14354	0.23800	0.13673	0.48174
28	64	G	0.19871	0.14455	0.49637	0.16037
28	65	T	0.14354	0.23800	0.13673	0.48174
28	66	T	0.14354	0.23800	0.13673	0.48174
28	67	T	0.14354	0.23800	0.13673	0.48174
28	68	T	0.14354	0.23800	0.13673	0.48174
28	69	G	0.19871	0.14455	0.49637	0.16037
28	70	A	0.46860	0.15188	0.20545	0.17407
28	71	A	0.46860	0.15188	0.20545	0.17407
28	72	A	0.46860	0.15188	0.20545	0.17407
28	73	G	0.19871	0.14455	0.49637	0.16037
28	74	G	0.19871	0.14455	0.49637	0.16037
28	75	G	0.19871	0.14455	0.49637	0.16037
28	76	G	0.19871	0.14455	0.49637	0.16037
28	77	G	0.19871	0.14455	0.49637	0.16037
28	78	T	0.14354	0.23800	0.13673	0.48174
28	79	C	0.12760	0.50437	0.12556	0.24247
28	80	T	0.14354	0.23800	0.13673	0.48174
28	81	G	0.19871	0.14455	0.49637	0.16037
28	82	G	0.19871	0.14455	0.49637	0.16037
28	83	G	0.19871	0.14455	0.49637	0.16037
28	84	G	0.19871	0.14455	0.49637	0.16037
28	85	G	0.19871	0.14455	0.49637	0.16037
28	86	T	0.14354	0.23800	0.13673	0.48174
28	87	T	0.14354	0.23800	0.13673	0.48174
28	88	T	0.14354	0.23800	0.13673	0.48174
28	89	T	0.14354	0.23800	0.13673	0.48174
28	90	T	0.14354	0.23800	0.13673	0.48174
28	91	C	0.12760	0.50437	0.12556	0.24247
28	92	C	0.12760	0.50437	0.12556	0.24247
28	93	C	0.12760	0.50437	0.12556	0.24247
28	94	C	0.12760	0.50437	0.12556	0.24247
28	95	A	0.46860	0.15188	0.20545	0.17407
28	96	G	0.19871	0.14455	0.49637	0.16037
28	97	A	0.46860	0.15188	0.20545	0.17407
28	98	C	0.12760	0.50437	0.12556	0.24247
28	99	C	0.12760	0.50437	0.12556	0.24247
28	100	C	0.12760	0.50437	0.12556	0.24247
28	101	C	0.12760	0.50437	0.12556	0.24247
28	102	G	0.19871	0.14455	0.49637	0.16037
28	103	G	0.19871	0.14455	0.49637	0.16037
28	104	G	0.19871	0.14455	0.49637	0.16037
28	105	C	0.12760	0.50437	0.12556	0.24247
28	106	C	0.12760	0.50437	0.12556	0.24247
28	107	C	0.12760	0.50437	0.12556	0.24247
28	108	G	0.19871	0.14455	0.49637	0.16037
28	109	C	0.12760	0.50437	0.12556	0.24247
28	110	C	0.12760	0.50437	0.12556	0.24247
28	111	G	0.19871	0.14455	0.49637	0.16037
28	112	C	0.12760	0.50437	0.12556	0.24247
28	113	T	0.14354	0.23800	0.13673	0.48174
28	114	C	0.12760	0.50437	0.12556	0.24247
28	115	A	0.46860	0.15188	0.20545	0.17407
28	116	G	0.19871	0.14455	0.49637	0.16037
28	117	G	0.19871	0.14455	0.49637	0.16037
28	118	C	0.12760	0.50437	0.12556	0.24247
28	119	G	0.19871	0.14455	0.49637	0.16037
28	120	G	0.19871	0.14455	0.49637	0.16037
28	121	G	0.19871	0.14455	0.49637	0.16037
28	122	T	0.14354	0.23800	0.13673	0.48174
28	123	T	0.14354	0.23800	0.13673	0.48174
28	124	A	0.46860	0.15188	0.20545	0.17407
28	125	C	0.12760	0.50437	0.12556	0.24247
28	126	T	0.14354	0.23800	0.13673	0.48174
28	127	G	0.19871	0.14455	0.49637	0.16037
28	128	T	0.14354	0.23800	0.13673	0.48174
28	129	G	0.19871	0.14455	0.49637	0.16037
28	130	T	0.14354	0.23800	0.13673	0.48174
28	131	C	0.12760	0.50437	0.12556	0.24247
28	132	A	0.46860	0.15188	0.20545	0.17407
28	133	T	0.14354	0.23800	0.13673	0.48174
28	134	C	0.12760	0.50437	0.12556	0.24247
28	135	C	0.12760	0.50437	0.12556	0.24247
28	136	A	0.46860	0.15188	0.20545	0.17407
28	137	T	0.14354	0.23800	0.13673	0.48174
28	138	A	0.46860	0.15188	0.20545	0.17407
28	139	C	0.12760	0.50437	0.12556	0.24247
28	140	A	0.46860	0.15188	0.20545	0.17407
28	141	C	0.12760	0.50437	0.12556	0.24247
28	142	A	0.46860	0.15188	0.20545	0.17407
28	143	C	0.12760	0.50437	0.12556	0.24247
28	144	C	0.12760	0.50437	0.12556	0.24247
28	145	T	0.14354	0.23800	0.13673	0.48174
28	146	T	0.14354	0.23800	0.13673	0.48174
28	147	T	0.14354	0.23800	0.13673	0.48174
28	148	C	0.12760	0.50437	0.12556	0.24247
28	149	C	0.12760	0.50437	0.12556	0.24247
28	150	G	0.19871	0.14455	0.49637	0.16037
28	151	T	0.14354	0.23800	0.13673	0.48174
28	152	G	0.19871	0.14455	0.49637	0.16037
28	153	T	0.14354	0.23800	0.13673	0.48174
28	154	A	0.46860	0.15188	0.20545	0.17407
28	155	G	0.19871	0.14455	0.49637	0.16037
28	156	C	0.12760	0.50437	0.12556	0.24247
28	157	G	0.19871	0.14455	0.49637	0.16037
28	158	C	0.12760	0.50437	0.12556	0.24247
28	159	A	0.46860	0.15188	0.20545	0.17407
28	160	C	0.12760	0.50437	0.12556	0.24247
28	161	G	0.19871	0.14455	0.49637	0.16037
28	162	T	0.14354	0.23800	0.13673	0.48174
28	163	A	0.46860	0.15188	0.20545	0.17407
28	164	A	0.46860	0.15188	0.20545	0.17407
28	165	A	0.46860	0.15188	0.20545	0.17407
28	166	A	0.46860	0.15188	0.20545	0.17407
28	167	T	0.12493	0.21951	0.11674	0.53882
28	168	-	0.19449	0.22327	0.27493	0.30731
28	169	C	0.10885	0.56053	0.10617	0.22445
28	170	T	0.12493	0.21951	0.11674	0.53882
28	171	R	0.30113	0.17079	0.33835	0.18973
28	172	R	0.31879	0.17150	0.31876	0.19094
28	173	G	0.18304	0.12217	0.55684	0.13795
28	174	-	0.27711	0.29084	0.19525	0.23680
28	175	C	0.10885	0.56053	0.10617	0.22445
28	176	C	0.10885	0.56053	0.10617	0.22445
28	177	G	0.18304	0.12217	0.55684	0.13795
28	178	-	0.19953	0.21492	0.29936	0.28620
28	179	H	0.25468	0.31441	0.18801	0.24290
28	180	A	0.53183	0.12838	0.18839	0.15141
28	181	Y	0.15335	0.36131	0.14972	0.33562
28	182	R	0.30113	0.17079	0.33835	0.18973
28	183	G	0.18304	0.12217	0.55684	0.13795
28	184	-	0.19449	0.22327	0.27493	0.30731
28	185	C	0.10885	0.56053	0.10617	0.22445
28	186	-	0.27711	0.29084	0.19525	0.23680
28	187	R	0.31879	0.17150	0.31876	0.19094
28	188	H	0.25468	0.31441	0.18801	0.24290
28	189	C	0.10885	0.56053	0.10617	0.22445
28	190	Y	0.15335	0.36131	0.14972	0.33562
28	191	G	0.18304	0.12217	0.55684	0.13795
28	192	R	0.31879	0.17150	0.31876	0.19094
28	193	C	0.10885	0.56053	0.10617	0.22445
28	194	T	0.12493	0.21951	0.11674	0.53882
28	195	Y	0.15335	0.36131	0.14972	0.33562
28	196	-	0.28900	0.21750	0.19835	0.29515
28	197	-	0.19449	0.22327	0.27493	0.30731
28	198	Y	0.15476	0.34360	0.15076	0.35088
28	199	Y	0.15476	0.34360	0.15076	0.35088
28	200	A	0.53183	0.12838	0.18839	0.15141
28	201	-	0.18689	0.30995	0.26615	0.23701
28	202	-	0.19953	0.21492	0.29936	0.28620
28	203	R	0.31879	0.17150	0.31876	0.19094
28	204	R	0.30113	0.17079	0.33835	0.18973
28	205	T	0.12493	0.21951	0.11674	0.53882
28	206	T	0.12493	0.21951	0.11674	0.53882
28	207	-	0.27711	0.29084	0.19525	0.23680
28	208	C	0.10885	0.56053	0.10617	0.22445
28	209	Y	0.15476	0.34360	0.15076	0.35088
28	210	C	0.10885	0.56053	0.10617	0.22445
28	211	-	0.28900	0.21750	0.19835	0.29515
28	212	T	0.12493	0.21951	0.11674	0.53882
28	213	-	0.19449	0.22327	0.27493	0.30731
28	214	Y	0.15476	0.34360	0.15076	0.35088
28	215	R	0.31879	0.17150	0.31876	0.19094
28	216	-	0.19449	0.22327	0.27493	0.30731
28	217	-	0.19449	0.22327	0.27493	0.30731
28	218	-	0.26712	0.22520	0.19209	0.31559
28	219	T	0.12493	0.21951	0.11674	0.53882
28	220	-	0.19330	0.28584	0.29113	0.22974
28	221	-	0.28900	0.21750	0.19835	0.29515
28	222	-	0.28900	0.21750	0.19835	0.29515
28	223	-	0.28900	0.21750	0.19835	0.29515
28	224	-	0.18689	0.30995	0.26615	0.23701
28	225	-	0.28900	0.21750	0.19835	0.29515
28	226	T	0.12493	0.21951	0.11674	0.53882
28	227	C	0.10885	0.56053	0.10617	0.22445
28	228	-	0.28900	0.21750	0.19835	0.29515
28	229	T	0.12493	0.21951	0.11674	0.53882
28	230	-	0.28900	0.21750	0.19835	0.29515
28	231	A	0.53183	0.12838	0.18839	0.15141
28	232	-	0.28900	0.21750	0.19835	0.29515
28	233	-	0.19953	0.21492	0.29936	0.28620
28	234	-	0.28900	0.21750	0.19835	0.29515
28	235	-	0.28900	0.21750	0.19835	0.29515
28	236	C	0.10885	0.56053	0.10617	0.22445
28	237	R	0.30113	0.17079	0.33835	0.18973
28	238	-	0.26712	0.22520	0.19209	0.31559
28	239	R	0.30113	0.17079	0.33835	0.18973
28	240	-	0.27711	0.29084	0.19525	0.23680
28	241	-	0.27711	0.29084	0.19525	0.23680
28	242	-	0.18689	0.30995	0.26615	0.23701
28	243	C	0.10885	0.56053	0.10617	0.22445
28	244	G	0.18304	0.12217	0.55684	0.13795
28	245	Y	0.15335	0.36131	0.14972	0.33562
28	246	T	0.12493	0.21951	0.11674	0.53882
28	247	Y	0.15335	0.36131	0.14972	0.33562
28	248	Y	0.15476	0.34360	0.15076	0.35088
28	249	T	0.12493	0.21951	0.11674	0.53882
28	250	T	0.12493	0.21951	0.11674	0.53882
28	251	G	0.18304	0.12217	0.55684	0.13795
28	252	Y	0.15476	0.34360	0.15076	0.35088
28	253	-	0.26712	0.22520	0.19209	0.31559
28	254	-	0.26712	0.22520	0.19209	0.31559
28	255	C	0.10885	0.56053	0.10617	0.22445
28	256	T	0.12493	0.21951	0.11674	0.53882
28	257	T	0.12493	0.21951	0.11674	0.53882
28	258	T	0.12493	0.21951	0.11674	0.53882
28	259	R	0.31879	0.17150	0.31876	0.19094
28	260	A	0.53183	0.12838	0.18839	0.15141
28	261	R	0.30113	0.17079	0.33835	0.18973
28	262	-	0.19953	0.21492	0.29936	0.28620
28	263	-	0.27711	0.29084	0.19525	0.23680
28	264	A	0.53183	0.12838	0.18839	0.15141
28	265	-	0.26712	0.22520	0.19209	0.31559
28	266	Y	0.15476	0.34360	0.15076	0.35088
28	267	-	0.26712	0.22520	0.19209	0.31559
28	268	A	0.53183	0.12838	0.18839	0.15141
28	269	G	0.18304	0.12217	0.55684	0.13795
28	270	A	0.53183	0.12838	0.18839	0.15141
28	271	R	0.30113	0.17079	0.33835	0.18973
28	272	Y	0.15476	0.34360	0.15076	0.35088
28	273	R	0.31879	0.17150	0.31876	0.19094
28	274	-	0.19953	0.21492	0.29936	0.28620
28	275	-	0.28900	0.21750	0.19835	0.29515
28	276	R	0.31879	0.17150	0.31876	0.19094
28	277	R	0.31879	0.17150	0.31876	0.19094
28	278	-	0.27711	0.29084	0.19525	0.23680
28	279	C	0.10885	0.56053	0.10617	0.22445
28	280	-	0.27711	0.29084	0.19525	0.23680
28	281	T	0.12493	0.21951	0.11674	0.53882
28	282	T	0.12493	0.21951	0.11674	0.53882
28	283	Y	0.15476	0.34360	0.15076	0.35088
28	284	-	0.19330	0.28584	0.29113	0.22974
28	285	A	0.53183	0.12838	0.18839	0.15141
28	286	-	0.19953	0.21492	0.29936	0.28620
28	287	A	0.53183	0.12838	0.18839	0.15141
28	288	-	0.26712	0.22520	0.19209	0.31559
28	289	G	0.18304	0.12217	0.55684	0.13795
28	290	G	0.19871	0.14455	0.49637	0.16037
28	291	A	0.46860	0.15188	0.20545	0.17407
28	292	A	0.46860	0.15188	0.20545	0.17407
28	293	T	0.14354	0.23800	0.13673	0.48174
28	294	G	0.19871	0.14455	0.49637	0.16037
28	295	G	0.19871	0.14455	0.49637	0.16037
28	296	A	0.46860	0.15188	0.20545	0.17407
28	297	A	0.46860	0.15188	0.20545	0.17407
28	298	G	0.19871	0.14455	0.49637	0.16037
28	299	A	0.46860	0.15188	0.20545	0.17407
28	300	G	0.19871	0.14455	0.49637	0.16037
28	301	A	0.46860	0.15188	0.20545	0.17407
28	302	T	0.06821	0.14619	0.06032	0.72527
28	303	K	0.16038	0.18681	0.26862	0.38419
28	304	T	0.14031	0.21658	0.16172	0.48138
28	305	A	0.40625	0.21893	0.18176	0.19306
28	306	W	0.39097	0.16070	0.16365	0.28467
28	307	W	0.39097	0.16070	0.16365	0.28467
28	308	-	0.28574	0.19599	0.24828	0.26999
28	309	G	0.11375	0.05642	0.76235	0.06748
28	310	G	0.32316	0.09608	0.46526	0.11550
28	311	G	0.32316	0.09608	0.46526	0.11550
28	312	G	0.32316	0.09608	0.46526	0.11550
28	313	B	0.17492	0.28439	0.23823	0.30246
28	314	C	0.14914	0.38672	0.25162	0.21252
28	315	C	0.14914	0.38672	0.25162	0.21252
28	316	-	0.27088	0.25011	0.26408	0.21492
28	317	G	0.18550	0.15902	0.44137	0.21411
28	318	G	0.11375	0.05642	0.76235	0.06748
28	319	G	0.17633	0.16095	0.39568	0.26704
28	320	R	0.36091	0.08507	0.44958	0.10443
28	321	G	0.24220	0.17758	0.39705	0.18317
28	322	D	0.22440	0.20615	0.22667	0.34278
28	323	C	0.04655	0.77714	0.04391	0.13241
28	324	T	0.10265	0.26917	0.09421	0.53397
28	325	Y	0.17234	0.36176	0.15022	0.31568
28	326	Y	0.16526	0.28044	0.18494	0.36936
28	327	G	0.20046	0.21604	0.35878	0.22473
28	328	Y	0.15951	0.28352	0.17297	0.38400
28	329	Y	0.08217	0.46133	0.07552	0.38098
28	330	G	0.20453	0.09309	0.59282	0.10956
28	331	M	0.28209	0.37660	0.13803	0.20329
28	332	R	0.27353	0.14757	0.38862	0.19028
28	333	G	0.17123	0.14509	0.54290	0.14078
28	334	T	0.19822	0.19872	0.13366	0.46939
28	335	-	0.22686	0.28741	0.26436	0.22137
28	336	A	0.51898	0.15420	0.17248	0.15434
28	337	-	0.22152	0.25894	0.22734	0.29220
28	338	K	0.19999	0.18827	0.35867	0.25307
28	339	G	0.17071	0.18013	0.49185	0.15730
28	340	R	0.25706	0.18807	0.37533	0.17954
28	341	Y	0.15643	0.38343	0.17596	0.28418
28	342	C	0.09612	0.51783	0.09054	0.29551
28	343	W	0.37736	0.15428	0.14755	0.32081
28	344	B	0.16211	0.28416	0.22284	0.33088
28	345	-	0.26091	0.28335	0.18097	0.27476
28	346	-	0.25855	0.28943	0.22793	0.22410
28	347	Y	0.08409	0.39702	0.07670	0.44218
28	348	-	0.26981	0.28490	0.16984	0.27544
28	349	T	0.12233	0.20068	0.13952	0.53746
28	350	C	0.09612	0.51783	0.09054	0.29551
28	351	C	0.04655	0.77714	0.04391	0.13241
28	352	G	0.10219	0.04844	0.79075	0.05863
28	353	C	0.04655	0.77714	0.04391	0.13241
28	354	K	0.16252	0.15575	0.37944	0.30229
28	355	G	0.10219	0.04844	0.79075	0.05863
28	356	W	0.31407	0.17902	0.15577	0.35115
28	357	-	0.18118	0.24705	0.28092	0.29084
28	358	A	0.57363	0.09505	0.21484	0.11648
28	359	-	0.27666	0.19258	0.23394	0.29682
28	360	R	0.42641	0.08576	0.38175	0.10608
28	361	G	0.10219	0.04844	0.79075	0.05863
28	362	R	0.42641	0.08576	0.38175	0.10608
28	363	Y	0.21266	0.33781	0.14979	0.29975
28	364	Y	0.08217	0.46133	0.07552	0.38098
28	365	M	0.34948	0.30812	0.14881	0.19359
28	366	-	0.26981	0.28490	0.16984	0.27544
28	367	C	0.04655	0.77714	0.04391	0.13241
28	368	Y	0.08217	0.46133	0.07552	0.38098
28	369	C	0.04655	0.77714	0.04391	0.13241
28	370	C	0.17233	0.48147	0.12586	0.22033
28	371	B	0.16211	0.28416	0.22284	0.33088
28	372	G	0.10219	0.04844	0.79075	0.05863
28	373	K	0.16252	0.15575	0.37944	0.30229
28	374	R	0.32933	0.14946	0.32189	0.19932
28	375	Y	0.08409	0.39702	0.07670	0.44218
28	376	A	0.77745	0.05138	0.10351	0.06766
28	377	C	0.17233	0.48147	0.12586	0.22033
28	378	C	0.04655	0.77714	0.04391	0.13241
28	379	S	0.14534	0.36767	0.29125	0.19574
28	380	Y	0.08217	0.46133	0.07552	0.38098
28	381	S	0.14534	0.36767	0.29125	0.19574
28	382	W	0.30955	0.16589	0.13879	0.38577
28	383	K	0.15532	0.16860	0.30897	0.36710
28	384	T	0.05871	0.12969	0.05113	0.76047
28	385	C	0.13007	0.47897	0.17506	0.21590
28	386	-	0.25855	0.28943	0.22793	0.22410
28	387	R	0.42641	0.08576	0.38175	0.10608
28	388	C	0.04655	0.77714	0.04391	0.13241
28	389	G	0.10219	0.04844	0.79075	0.05863
28	390	C	0.04655	0.77714	0.04391	0.13241
28	391	R	0.36091	0.08507	0.44958	0.10443
28	392	G	0.10219	0.04844	0.79075	0.05863
28	393	K	0.20098	0.19006	0.32703	0.28192
28	394	K	0.17381	0.17503	0.34075	0.31041
28	395	H	0.25264	0.31510	0.16245	0.26981
28	396	T	0.06769	0.36247	0.06083	0.50901
28	397	D	0.23669	0.15310	0.31237	0.29783
28	398	A	0.47568	0.08403	0.32134	0.11895
28	399	C	0.05225	0.66858	0.04814	0.23104
28	400	G	0.13825	0.12879	0.43042	0.30254
28	401	A	0.72732	0.06483	0.10318	0.10468
28	402	A	0.50157	0.13750	0.15653	0.20440
28	403	A	0.88667	0.02425	0.05511	0.03397
28	404	G	0.20902	0.15133	0.50576	0.13389
28	405	D	0.31792	0.12976	0.32019	0.23214
28	406	G	0.15394	0.22764	0.41527	0.20315
28	407	T	0.04228	0.17511	0.03778	0.74483
28	408	C	0.06121	0.64757	0.06797	0.22325
28	409	A	0.54017	0.03922	0.37060	0.05002
28	410	C	0.21502	0.48290	0.10309	0.19899
28	411	C	0.02342	0.87691	0.02496	0.07471
28	412	C	0.02431	0.81611	0.02193	0.13765
28	413	C	0.10503	0.64038	0.06267	0.19192
28	414	A	0.45467	0.09320	0.16312	0.28900
28	415	C	0.04735	0.64752	0.04467	0.26046
28	416	G	0.15709	0.26354	0.43169	0.14768
28	417	T	0.02367	0.05984	0.02034	0.89615
28	418	Y	0.07208	0.39585	0.05969	0.47238
28	419	T	0.04842	0.12851	0.04305	0.78001
28	420	C	0.10064	0.48662	0.07769	0.33505
28	421	C	0.09279	0.51010	0.10574	0.29137
28	422	C	0.10872	0.54723	0.11869	0.22536
28	423	C	0.01796	0.90087	0.01702	0.06415
28	424	C	0.03631	0.76356	0.03302	0.16710
28	425	C	0.08172	0.66353	0.09162	0.16312
28	426	W	0.41255	0.08731	0.08108	0.41906
28	427	T	0.18315	0.23186	0.17948	0.40550
28	428	A	0.60056	0.08348	0.19682	0.11914
28	429	W	0.33041	0.17033	0.10641	0.39284
28	430	T	0.09553	0.26815	0.08656	0.54975
28	431	T	0.02682	0.09881	0.02215	0.85222
28	432	T	0.23601	0.24086	0.13391	0.38922
28	433	C	0.03619	0.80948	0.03435	0.11998
28	434	C	0.09217	0.54129	0.07094	0.29560
28	435	C	0.22315	0.44140	0.12883	0.20662
28	436	W	0.31925	0.19288	0.10771	0.38016
28	437	Y	0.07701	0.41243	0.08493	0.42563
28	438	T	0.07774	0.28178	0.06787	0.57261
28	439	T	0.09553	0.26815	0.08656	0.54975
28	440	C	0.00911	0.94874	0.00842	0.03373
28	441	C	0.11010	0.55262	0.16132	0.17596
28	442	G	0.17062	0.26891	0.43196	0.12852
28	443	T	0.18151	0.26759	0.14080	0.41010
28	444	C	0.04247	0.71904	0.03845	0.20005
28	445	T	0.07460	0.32732	0.06244	0.53564
28	446	C	0.01801	0.90254	0.01615	0.06330
28	447	Y	0.03372	0.52979	0.02904	0.40746
28	448	C	0.17051	0.49279	0.10934	0.22736
28	449	C	0.13718	0.54285	0.11199	0.20798
28	450	C	0.01645	0.90817	0.01599	0.05938
28	451	T	0.03507	0.25302	0.02967	0.68224
28	452	T	0.07016	0.22707	0.06238	0.64040
28	453	-	0.20510	0.25990	0.20789	0.32711
28	454	B	0.16641	0.34707	0.22346	0.26305
28	455	A	0.67003	0.04678	0.22201	0.06118
28	456	B	0.16798	0.29668	0.28923	0.24611
28	457	Y	0.05736	0.44323	0.05140	0.44800
28	458	C	0.22950	0.39731	0.17276	0.20044
28	459	C	0.03693	0.79817	0.03433	0.13057
28	460	H	0.23709	0.35921	0.14063	0.26307
28	461	-	0.24616	0.20344	0.26739	0.28301
28	462	T	0.17405	0.19887	0.22793	0.39915
28	463	G	0.15179	0.11231	0.60584	0.13006
28	464	A	0.54366	0.08405	0.25453	0.11777
28	465	A	0.54366	0.08405	0.25453	0.11777
28	466	A	0.79595	0.04952	0.09265	0.06187
28	467	W	0.36284	0.18853	0.19682	0.25181
28	468	G	0.15597	0.17870	0.41892	0.24642
28	469	G	0.28797	0.09807	0.48568	0.12828
28	470	A	0.50638	0.17529	0.16109	0.15723
28	471	A	0.38593	0.24126	0.15711	0.21570
28	472	M	0.34841	0.32722	0.13971	0.18465
28	473	R	0.35838	0.13005	0.29582	0.21575
28	474	G	0.21061	0.20168	0.43448	0.15323
28	475	C	0.04457	0.72047	0.04098	0.19398
28	476	A	0.46458	0.11076	0.28105	0.14361
28	477	A	0.36289	0.22339	0.22306	0.19066
28	478	A	0.48022	0.13636	0.20588	0.17753
28	479	H	0.21978	0.27430	0.16696	0.33897
28	480	R	0.36174	0.16445	0.26066	0.21315
28	481	A	0.48804	0.12637	0.22872	0.15686
28	482	T	0.13778	0.26972	0.12554	0.46696
28	483	T	0.16809	0.25796	0.14586	0.42809
28	484	C	0.10553	0.47718	0.10765	0.30964
28	485	A	0.59278	0.07249	0.24348	0.09125
28	486	W	0.36304	0.16716	0.14525	0.32455
28	487	C	0.22950	0.39731	0.17276	0.20044
28	488	C	0.04457	0.72047	0.04098	0.19398
28	489	C	0.08519	0.53065	0.09176	0.29240
28	490	T	0.10308	0.28381	0.07944	0.53367
28	491	Y	0.09520	0.43197	0.10044	0.37240
28	492	G	0.13825	0.12879	0.43042	0.30254
28	493	G	0.17054	0.06844	0.67878	0.08224
28	494	A	0.51766	0.10626	0.20388	0.17219
28	495	C	0.04669	0.66493	0.04251	0.24587
28	496	G	0.18665	0.18803	0.40722	0.21811
28	497	Y	0.11800	0.32860	0.11791	0.43549
28	498	T	0.04633	0.13571	0.03988	0.77808
28	499	G	0.16896	0.08743	0.65037	0.09323
28	500	G	0.09802	0.04054	0.81187	0.04957
28	501	C	0.06987	0.60824	0.06505	0.25684
28	502	T	0.06590	0.12141	0.05080	0.76189
28	503	A	0.76761	0.06876	0.09244	0.07119
28	504	A	0.72732	0.06483	0.10318	0.10468
28	505	K	0.20698	0.19944	0.25716	0.33641
28	506	C	0.04457	0.72047	0.04098	0.19398
28	507	-	0.29777	0.31173	0.19611	0.19439
28	508	R	0.42281	0.10805	0.34931	0.11983
28	509	A	0.60174	0.11472	0.14048	0.14307
28	510	G	0.25308	0.09757	0.54300	0.10635
28	511	G	0.15206	0.11168	0.60735	0.12892
28	512	A	0.70321	0.09459	0.11011	0.09209
28	513	A	0.76761	0.06876	0.09244	0.07119
28	514	A	0.56159	0.14171	0.15829	0.13841
28	515	G	0.15597	0.17870	0.41892	0.24642
28	516	W	0.38158	0.17386	0.12852	0.31604
28	517	C	0.03411	0.80029	0.03151	0.13409
28	518	A	0.65126	0.06572	0.19893	0.08409
28	519	G	0.20671	0.05352	0.67331	0.06646
28	520	C	0.14572	0.42864	0.14607	0.27957
28	521	A	0.41015	0.17878	0.23282	0.17826
28	522	T	0.03031	0.07295	0.02541	0.87132
28	523	K	0.20698	0.19944	0.25716	0.33641
28	524	T	0.07723	0.11124	0.04971	0.76182
28	525	T	0.16441	0.23499	0.14991	0.45069
28	526	C	0.11111	0.58283	0.10854	0.19752
28	527	A	0.58844	0.16130	0.12390	0.12636
28	528	R	0.29365	0.19727	0.34193	0.16714
28	529	K	0.18551	0.14977	0.29267	0.37204
28	530	S	0.12684	0.38383	0.32371	0.16562
28	531	C	0.10871	0.49118	0.14951	0.25059
28	532	C	0.11290	0.58127	0.10813	0.19769
28	533	G	0.31876	0.10005	0.47235	0.10885
28	534	B	0.17630	0.24721	0.34642	0.23007
28	535	G	0.17011	0.08356	0.63933	0.10699
28	536	C	0.07408	0.63564	0.08194	0.20834
28	537	W	0.25401	0.22067	0.17077	0.35455
28	538	A	0.41446	0.17970	0.23141	0.17443
28	539	G	0.31876	0.10005	0.47235	0.10885
28	540	-	0.19274	0.26257	0.30989	0.23479
28	541	A	0.39777	0.18670	0.17453	0.24100
28	542	-	0.21784	0.24576	0.32436	0.21204
28	543	A	0.78126	0.04894	0.08788	0.08192
28	544	A	0.78126	0.04894	0.08788	0.08192
28	545	R	0.34312	0.17646	0.28340	0.19702
28	546	G	0.20558	0.19640	0.40572	0.19230
28	547	M	0.28011	0.36369	0.16690	0.18930
28	548	G	0.26188	0.12887	0.43354	0.17571
28	549	A	0.50064	0.05875	0.36531	0.07530
28	550	W	0.38158	0.17386	0.12852	0.31604
28	551	R	0.35578	0.16010	0.30237	0.18175
28	552	A	0.80060	0.03583	0.11458	0.04900
28	553	K	0.17896	0.20712	0.35657	0.25735
28	554	T	0.10677	0.20871	0.08556	0.59896
28	555	T	0.04633	0.13571	0.03988	0.77808
28	556	A	0.70984	0.06842	0.11574	0.10601
28	557	G	0.06948	0.02965	0.86420	0.03667
28	558	A	0.49976	0.11649	0.23313	0.15062
28	559	Y	0.19559	0.32154	0.16987	0.31300
28	560	Y	0.14523	0.41857	0.11964	0.31655
28	561	T	0.09144	0.16150	0.10161	0.64545
28	562	G	0.15379	0.20241	0.49092	0.15288
28	563	A	0.85529	0.03153	0.07008	0.04310
28	564	C	0.06407	0.52241	0.05813	0.35539
28	565	W	0.36547	0.19963	0.17064	0.26426
28	566	-	0.20857	0.25918	0.29256	0.23968
28	567	A	0.74635	0.06005	0.11619	0.07741
28	568	W	0.29478	0.21397	0.13501	0.35624
28	569	A	0.40179	0.13664	0.20868	0.25289
28	570	T	0.14069	0.22580	0.23349	0.40002
28	571	T	0.06696	0.20000	0.05934	0.67369
28	572	G	0.28108	0.07421	0.55432	0.09039
28	573	T	0.06696	0.20000	0.05934	0.67369
28	574	T	0.04737	0.10978	0.04114	0.80172
28	575	T	0.13465	0.19678	0.10952	0.55905
28	576	H	0.23487	0.30331	0.16977	0.29205
28	577	-	0.29430	0.19025	0.25297	0.26248
28	578	Y	0.13763	0.40802	0.15262	0.30173
28	579	R	0.43805	0.10795	0.32518	0.12882
28	580	T	0.06696	0.20000	0.05934	0.67369
28	581	Y	0.13828	0.36187	0.10980	0.39006
28	582	C	0.04563	0.81863	0.03265	0.10309
28	583	C	0.05205	0.73258	0.04490	0.17046
28	584	C	0.05431	0.65038	0.05296	0.24235
28	585	T	0.06093	0.13140	0.05279	0.75488
28	586	T	0.06410	0.16501	0.06093	0.70996
28	587	T	0.08945	0.22191	0.11853	0.57011
28	588	G	0.26735	0.02818	0.66481	0.03966
28	589	T	0.03513	0.22289	0.03004	0.71194
28	590	R	0.47890	0.03584	0.43470	0.05056
28	591	A	0.83747	0.03848	0.06987	0.05418
28	592	Y	0.20922	0.38566	0.13635	0.26877
28	593	T	0.14093	0.15167	0.20425	0.50315
28	594	T	0.09319	0.14136	0.09983	0.66561
28	595	A	0.73271	0.07125	0.11931	0.07673
28	596	G	0.30505	0.04015	0.59735	0.05745
28	597	C	0.13936	0.46249	0.17661	0.22154
28	598	G	0.14475	0.05405	0.73636	0.06484
28	599	T	0.11832	0.15916	0.10148	0.62105
28	600	T	0.01824	0.11527	0.01542	0.85107
28	601	T	0.11659	0.10974	0.20567	0.56800
28	602	G	0.03219	0.00605	0.95321	0.00856
28	603	G	0.28229	0.01938	0.66917	0.02915
28	604	A	0.49111	0.14321	0.23767	0.12801
28	605	A	0.76457	0.02458	0.17179	0.03906
28	606	G	0.06966	0.00335	0.92173	0.00525
28	607	G	0.01079	0.00190	0.98450	0.00282
28	608	R	0.44081	0.05440	0.42111	0.08368
28	609	G	0.05676	0.00778	0.92482	0.01064
28	610	Y	0.13152	0.39221	0.08325	0.39302
28	611	C	0.00674	0.93569	0.00598	0.05160
28	612	C	0.01048	0.69754	0.00829	0.28370
28	613	Y	0.12292	0.41868	0.06833	0.39006
28	614	C	0.00323	0.96462	0.00274	0.02940
28	615	T	0.09075	0.29837	0.09954	0.51135
28	616	H	0.32814	0.27092	0.10628	0.29466
28	617	G	0.15014	0.16752	0.53652	0.14581
28	618	A	0.49669	0.15640	0.16521	0.18170
28	619	G	0.20654	0.13762	0.47299	0.18285
28	620	A	0.49295	0.12661	0.22960	0.15084
28	621	A	0.63608	0.03844	0.28502	0.04047
28	622	C	0.00383	0.96542	0.00321	0.02754
28	623	C	0.00652	0.79923	0.00513	0.18912
28	624	T	0.00261	0.01438	0.00181	0.98120
28	625	G	0.07593	0.06698	0.79218	0.06491
28	626	K	0.12263	0.19025	0.33607	0.35105
28	627	C	0.00061	0.99384	0.00052	0.00503
28	628	C	0.09319	0.80010	0.02494	0.08176
28	629	G	0.16920	0.00600	0.81542	0.00938
28	630	T	0.00306	0.02210	0.00214	0.97269
28	631	C	0.01048	0.75878	0.00829	0.22246
28	632	T	0.08887	0.20210	0.11003	0.59900
28	633	G	0.21911	0.19146	0.36679	0.22264
28	634	T	0.07554	0.26530	0.07283	0.58633
28	635	T	0.09125	0.30485	0.08953	0.51438
28	636	G	0.16868	0.01897	0.78990	0.02246
28	637	G	0.05367	0.00347	0.93759	0.00527
28	638	G	0.14559	0.02003	0.80510	0.02928
28	639	A	0.57892	0.17906	0.12316	0.11886
28	640	C	0.00503	0.91460	0.00416	0.07621
28	641	C	0.01478	0.62681	0.01261	0.34580
28	642	Y	0.14047	0.47455	0.01833	0.36666
28	643	Y	0.15513	0.33598	0.12308	0.38582
28	644	K	0.19702	0.16535	0.33836	0.29927
28	645	C	0.15024	0.42200	0.16721	0.26055
28	646	T	0.05667	0.25500	0.05176	0.63656
28	647	Y	0.19142	0.26019	0.19575	0.35263
28	648	C	0.10758	0.49322	0.11072	0.28849
28	649	R	0.36112	0.11433	0.47676	0.04779
28	650	C	0.00185	0.96022	0.00153	0.03639
28	651	A	0.92637	0.00656	0.05621	0.01087
28	652	C	0.04869	0.70921	0.14150	0.10060
28	653	T	0.05158	0.27420	0.06596	0.60826
28	654	T	0.00908	0.20294	0.00709	0.78089
28	655	H	0.30389	0.19933	0.17907	0.31771
28	656	H	0.28195	0.30949	0.17695	0.23161
28	657	Y	0.11559	0.39284	0.10950	0.38208
28	658	-	0.18958	0.19870	0.30895	0.30277
28	659	G	0.14212	0.08067	0.68404	0.09317
28	660	A	0.43608	0.16468	0.21322	0.18602
28	661	C	0.13835	0.47368	0.13684	0.25112
28	662	G	0.20623	0.15754	0.46315	0.17308
28	663	C	0.13835	0.47368	0.13684	0.25112
28	664	C	0.13835	0.47368	0.13684	0.25112
28	665	C	0.13835	0.47368	0.13684	0.25112
28	666	G	0.20623	0.15754	0.46315	0.17308
28	667	C	0.13835	0.47368	0.13684	0.25112
28	668	C	0.13835	0.47368	0.13684	0.25112
28	669	G	0.20623	0.15754	0.46315	0.17308
28	670	C	0.13835	0.47368	0.13684	0.25112
28	671	G	0.20623	0.15754	0.46315	0.17308
28	672	G	0.20623	0.15754	0.46315	0.17308
28	673	A	0.43608	0.16468	0.21322	0.18602
28	674	G	0.20623	0.15754	0.46315	0.17308
28	675	T	0.15339	0.24649	0.14756	0.45255
28	676	T	0.15339	0.24649	0.14756	0.45255
28	677	C	0.13835	0.47368	0.13684	0.25112
28	678	C	0.13835	0.47368	0.13684	0.25112
28	679	T	0.15339	0.24649	0.14756	0.45255
28	680	A	0.43608	0.16468	0.21322	0.18602
28	681	G	0.20623	0.15754	0.46315	0.17308
28	682	C	0.13835	0.47368	0.13684	0.25112
28	683	T	0.00906	0.20268	0.00681	0.78144
28	684	G	0.01912	0.03430	0.93473	0.01186
28	685	A	0.98340	0.00073	0.01448	0.00138
28	686	G	0.18684	0.23845	0.45573	0.11898
28	687	T	0.00212	0.00931	0.00149	0.98708
28	688	T	0.12242	0.29228	0.14996	0.43534
28	689	C	0.03939	0.80058	0.03662	0.12341
28	690	G	0.10347	0.08870	0.48721	0.32062
28	691	A	0.81186	0.03327	0.10249	0.05238
28	692	C	0.10072	0.53703	0.12041	0.24185
28	693	C	0.00883	0.95186	0.00820	0.03112
28	694	C	0.01318	0.92644	0.01222	0.04815
28	695	C	0.14863	0.50107	0.09932	0.25098
28	696	A	0.49974	0.16092	0.16650	0.17284
28	697	T	0.03960	0.11648	0.03378	0.81014
28	698	G	0.22750	0.04323	0.67428	0.05499
28	699	Y	0.00956	0.48678	0.00737	0.49628
28	700	G	0.05650	0.00954	0.92046	0.01350
28	701	H	0.26814	0.34838	0.10127	0.28220
28	702	Y	0.06237	0.38922	0.05894	0.48946
28	703	R	0.42069	0.02986	0.50705	0.04240
28	704	A	0.66416	0.04671	0.22652	0.06261
28	705	G	0.13435	0.07721	0.68684	0.10161
28	706	Y	0.02980	0.52627	0.02431	0.41962
28	707	T	0.03353	0.27093	0.03250	0.66304
28	708	T	0.03510	0.20856	0.02917	0.72717
28	709	Y	0.03275	0.48488	0.02997	0.45241
28	710	C	0.00886	0.57457	0.00685	0.40972
28	711	C	0.01371	0.90082	0.01184	0.07363
28	712	T	0.09660	0.31993	0.09411	0.48936
28	713	A	0.74544	0.04524	0.14601	0.06331
28	714	G	0.15987	0.18210	0.42823	0.22981
28	715	G	0.10631	0.11577	0.68918	0.08874
28	716	A	0.45548	0.19162	0.12660	0.22629
28	717	G	0.36017	0.04514	0.53154	0.06315
28	718	A	0.53205	0.12280	0.21107	0.13408
28	719	G	0.33669	0.07976	0.47134	0.11221
28	720	T	0.14712	0.24851	0.20136	0.40300
28	721	A	0.41311	0.26554	0.15418	0.16718
28	722	C	0.01631	0.86897	0.01414	0.10058
28	723	C	0.05143	0.70776	0.04034	0.20047
28	724	T	0.06518	0.29416	0.04995	0.59071
28	725	C	0.01240	0.65061	0.00981	0.32718
28	726	T	0.13752	0.27499	0.11790	0.46959
28	727	C	0.05888	0.63333	0.04438	0.26342
28	728	C	0.04820	0.51847	0.04164	0.39170
28	729	C	0.02375	0.63666	0.01886	0.32073
28	730	A	0.38593	0.15753	0.19593	0.26061
28	731	K	0.12654	0.19829	0.29190	0.38328
28	732	C	0.04287	0.64976	0.03872	0.26864
28	733	C	0.07168	0.59453	0.07396	0.25983
28	734	H	0.28740	0.35432	0.12680	0.23148
28	735	G	0.35642	0.03729	0.55739	0.04890
28	736	A	0.56020	0.04864	0.33188	0.05927
28	737	G	0.13740	0.03845	0.78235	0.04179
28	738	G	0.00477	0.00081	0.99319	0.00123
28	739	T	0.00861	0.13848	0.00622	0.84669
28	740	G	0.02432	0.00522	0.96341	0.00705
28	741	G	0.00409	0.00068	0.99421	0.00103
28	742	G	0.08482	0.27515	0.51899	0.12104
28	743	T	0.00770	0.03263	0.00564	0.95403
28	744	G	0.00606	0.00078	0.99198	0.00118
28	745	G	0.05084	0.02309	0.88765	0.03842
28	746	R	0.41343	0.09135	0.37927	0.11595
28	747	G	0.04103	0.01733	0.91981	0.02183
28	748	C	0.12279	0.58706	0.12203	0.16812
28	749	G	0.22135	0.19162	0.38144	0.20559
28	750	Y	0.11731	0.35052	0.11563	0.41654
28	751	Y	0.12584	0.39672	0.14292	0.33452
28	752	T	0.11643	0.28769	0.11417	0.48171
28	753	A	0.43186	0.15564	0.18717	0.22533
28	754	A	0.85419	0.03196	0.06810	0.04575
28	755	A	0.49935	0.12028	0.24105	0.13931
28	756	T	0.03159	0.07785	0.02657	0.86399
28	757	Y	0.19116	0.32816	0.17521	0.30546
28	758	R	0.34930	0.09806	0.43277	0.11987
28	759	R	0.36385	0.10963	0.39876	0.12776
28	760	C	0.09632	0.61902	0.08755	0.19712
28	761	T	0.13425	0.26129	0.09078	0.51369
28	762	T	0.02842	0.20339	0.02203	0.74616
28	763	C	0.00856	0.90420	0.00732	0.07992
28	764	W	0.32021	0.20388	0.14631	0.32959
28	765	A	0.96572	0.00478	0.02113	0.00837
28	766	R	0.43852	0.05208	0.43424	0.07516
28	767	T	0.00897	0.21209	0.00671	0.77224
28	768	A	0.91158	0.01120	0.06097	0.01625
28	769	C	0.21888	0.45108	0.13403	0.19601
28	770	T	0.05214	0.13575	0.03708	0.77503
28	771	C	0.05087	0.53401	0.04596	0.36916
28	772	A	0.75871	0.01095	0.21271	0.01763
28	773	C	0.09133	0.78185	0.02614	0.10068
28	774	G	0.23562	0.15236	0.54394	0.06808
28	775	A	0.99724	0.00032	0.00180	0.00064
28	776	A	0.67529	0.02876	0.25504	0.04090
28	777	A	0.99387	0.00073	0.00401	0.00139
28	778	G	0.22691	0.03795	0.68582	0.04932
28	779	Y	0.12931	0.39492	0.03171	0.44406
28	780	G	0.19621	0.02278	0.74923	0.03177
28	781	T	0.00588	0.03150	0.00734	0.95528
28	782	A	0.67319	0.16554	0.05892	0.10235
28	783	A	0.99098	0.00113	0.00579	0.00209
28	784	C	0.01374	0.86171	0.05363	0.07092
28	785	C	0.00634	0.79999	0.00494	0.18873
28	786	W	0.34553	0.07808	0.22016	0.35623
28	787	T	0.17262	0.23131	0.03242	0.56365
28	788	G	0.31377	0.03132	0.50222	0.15269
28	789	C	0.00034	0.99645	0.00029	0.00292
28	790	Y	0.18572	0.40010	0.03171	0.38248
28	791	T	0.00244	0.01772	0.00170	0.97814
28	792	C	0.00660	0.94948	0.00579	0.03812
28	793	Y	0.03146	0.46846	0.02634	0.47374
28	794	M	0.30593	0.42628	0.08954	0.17824
28	795	C	0.29300	0.50875	0.06877	0.12949
28	796	G	0.11559	0.08962	0.70565	0.08914
28	797	A	0.75992	0.07408	0.09298	0.07302
28	798	T	0.03129	0.16739	0.02581	0.77551
28	799	W	0.36580	0.21129	0.11160	0.31131
28	800	A	0.61705	0.10923	0.15638	0.11733
28	801	C	0.02956	0.71743	0.02569	0.22732
28	802	A	0.46306	0.11755	0.30594	0.11345
28	803	T	0.03129	0.16739	0.02581	0.77551
28	804	A	0.46306	0.11755	0.30594	0.11345
28	805	G	0.30143	0.11539	0.47483	0.10834
28	806	Y	0.08645	0.37016	0.07878	0.46461
28	807	S	0.16471	0.26801	0.38313	0.18415
28	808	C	0.09484	0.58338	0.09070	0.23109
28	809	Y	0.08645	0.37016	0.07878	0.46461
28	810	Y	0.10853	0.34313	0.10972	0.43862
28	811	Y	0.10853	0.34313	0.10972	0.43862
28	812	C	0.07060	0.68245	0.07228	0.17468
28	813	T	0.07498	0.31503	0.06758	0.54242
28	814	G	0.20127	0.22362	0.39739	0.17771
28	815	C	0.03417	0.82997	0.03207	0.10380
28	816	C	0.05109	0.73897	0.04789	0.16206
28	817	C	0.03417	0.82997	0.03207	0.10380
28	818	Y	0.07133	0.45117	0.06473	0.41277
28	819	B	0.16294	0.28308	0.33501	0.21897
28	820	C	0.07060	0.68245	0.07228	0.17468
28	821	T	0.07498	0.31503	0.06758	0.54242
28	822	G	0.15819	0.18750	0.50316	0.15114
28	823	G	0.15819	0.18750	0.50316	0.15114
28	824	G	0.20127	0.22362	0.39739	0.17771
28	825	C	0.06683	0.66075	0.06275	0.20967
28	826	G	0.14212	0.22483	0.49189	0.14116
28	827	G	0.14075	0.11867	0.62538	0.11520
28	828	A	0.62927	0.13551	0.11868	0.11655
28	829	G	0.12041	0.06175	0.75100	0.06684
28	830	C	0.05803	0.73069	0.06343	0.14786
28	831	A	0.65394	0.08266	0.16696	0.09644
28	832	C	0.02090	0.57249	0.01809	0.38852
28	833	C	0.04017	0.76632	0.03371	0.15980
28	834	C	0.00082	0.99189	0.00070	0.00659
28	835	Y	0.01885	0.42660	0.01357	0.54097
28	836	C	0.00231	0.91600	0.00180	0.07988
28	837	C	0.03102	0.53975	0.04109	0.38814
28	838	A	0.73741	0.03807	0.18101	0.04350
28	839	T	0.00802	0.04288	0.00668	0.94242
28	840	T	0.04568	0.10177	0.16101	0.69154
28	841	T	0.00327	0.18245	0.00242	0.81186
28	842	Y	0.05309	0.42582	0.18968	0.33141
28	843	T	0.01212	0.06731	0.00829	0.91228
28	844	G	0.03102	0.00885	0.94823	0.01190
28	845	A	0.80501	0.00418	0.18356	0.00725
28	846	A	0.70214	0.05220	0.06542	0.18024
28	847	C	0.00037	0.99615	0.00031	0.00316
28	848	C	0.00692	0.79380	0.00543	0.19386
28	849	C	0.00055	0.99451	0.00047	0.00447
28	850	C	0.07445	0.59079	0.06463	0.27012
28	851	Y	0.14582	0.37100	0.10166	0.38152
28	852	Y	0.11537	0.39872	0.14372	0.34219
28	853	C	0.18842	0.45365	0.15300	0.20493
28	854	Y	0.14581	0.40164	0.10490	0.34766
28	855	C	0.03675	0.71920	0.03339	0.21065
28	856	C	0.09652	0.60457	0.08098	0.21792
28	857	C	0.06801	0.66810	0.06084	0.20305
28	858	T	0.04057	0.14950	0.03497	0.77496
28	859	T	0.13235	0.28896	0.13515	0.44354
28	860	Y	0.18914	0.26151	0.19084	0.35851
28	861	Y	0.11745	0.40273	0.10503	0.37478
28	862	C	0.10362	0.48398	0.08895	0.32346
28	863	C	0.08230	0.62131	0.08433	0.21207
28	864	Y	0.09111	0.47079	0.08459	0.35351
28	865	T	0.10698	0.31034	0.10785	0.47483
28	866	T	0.10099	0.30058	0.08658	0.51185
28	867	B	0.14728	0.34364	0.27822	0.23085
28	868	G	0.16738	0.24467	0.41130	0.17665
28	869	R	0.39515	0.17297	0.27985	0.15203
28	870	-	0.22850	0.28294	0.20928	0.27928
28	871	C	0.03752	0.81606	0.03529	0.11113
28	872	C	0.07886	0.65258	0.08643	0.18214
28	873	T	0.07183	0.28838	0.06435	0.57544
28	874	Y	0.09994	0.41125	0.09298	0.39583
28	875	C	0.15153	0.39094	0.20598	0.25155
28	876	G	0.15413	0.16087	0.54828	0.13671
28	877	C	0.07826	0.62530	0.07819	0.21826
28	878	Y	0.14965	0.38933	0.08201	0.37901
28	879	C	0.00552	0.95996	0.00455	0.02998
28	880	A	0.68131	0.15270	0.07792	0.08807
28	881	C	0.02575	0.81355	0.01224	0.14845
28	882	C	0.00155	0.97800	0.00130	0.01915
28	883	C	0.22799	0.40677	0.11950	0.24573
28	884	C	0.16667	0.37004	0.22298	0.24031
28	885	C	0.21585	0.37699	0.16210	0.24506
28	886	C	0.16667	0.37004	0.22298	0.24031
28	887	C	0.16667	0.37004	0.22298	0.24031
28	888	C	0.16667	0.37004	0.22298	0.24031
28	889	C	0.08337	0.64477	0.08051	0.19135
28	890	C	0.16667	0.37004	0.22298	0.24031
28	891	C	0.21585	0.37699	0.16210	0.24506
28	892	C	0.08337	0.64477	0.08051	0.19135
28	893	C	0.21585	0.37699	0.16210	0.24506
28	894	C	0.12772	0.50401	0.12569	0.24257
28	895	T	0.14365	0.23810	0.13685	0.48140
28	896	C	0.12772	0.50401	0.12569	0.24257
28	897	T	0.14365	0.23810	0.13685	0.48140
28	898	C	0.12772	0.50401	0.12569	0.24257
28	899	C	0.12772	0.50401	0.12569	0.24257
28	900	C	0.12772	0.50401	0.12569	0.24257
28	901	T	0.14365	0.23810	0.13685	0.48140
28	902	C	0.12772	0.50401	0.12569	0.24257
28	903	C	0.12772	0.50401	0.12569	0.24257
28	904	C	0.12772	0.50401	0.12569	0.24257
28	905	C	0.12772	0.50401	0.12569	0.24257
28	906	C	0.12772	0.50401	0.12569	0.24257
28	907	C	0.12772	0.50401	0.12569	0.24257
28	908	C	0.12772	0.50401	0.12569	0.24257
28	909	C	0.12772	0.50401	0.12569	0.24257
28	910	C	0.12772	0.50401	0.12569	0.24257
28	911	C	0.12772	0.50401	0.12569	0.24257
28	912	T	0.14365	0.23810	0.13685	0.48140
28	913	A	0.46822	0.15203	0.20554	0.17420
28	914	A	0.46822	0.15203	0.20554	0.17420
28	915	C	0.12772	0.50401	0.12569	0.24257
28	916	G	0.19880	0.14470	0.49598	0.16052
28	917	T	0.14365	0.23810	0.13685	0.48140
28	918	T	0.14365	0.23810	0.13685	0.48140
28	919	A	0.46822	0.15203	0.20554	0.17420
28	920	C	0.12772	0.50401	0.12569	0.24257
28	921	T	0.14365	0.23810	0.13685	0.48140
28	922	G	0.04326	0.00064	0.95499	0.00110
28	923	G	0.03903	0.02653	0.78516	0.14928
28	924	T	0.00228	0.01091	0.00157	0.98524
28	925	C	0.03232	0.76157	0.14693	0.05918
28	926	G	0.33508	0.03577	0.50253	0.12663
28	927	A	0.98482	0.00195	0.00965	0.00358
28	928	A	0.79380	0.00633	0.18896	0.01091
28	929	G	0.00563	0.00092	0.99205	0.00140
28	930	C	0.02217	0.86322	0.01802	0.09659
28	931	C	0.15111	0.79054	0.01815	0.04020
28	932	G	0.01796	0.01321	0.81008	0.15875
28	933	C	0.00088	0.99132	0.00075	0.00706
28	934	T	0.00049	0.00220	0.00033	0.99698
28	935	T	0.00556	0.02596	0.00397	0.96451
28	936	G	0.01059	0.00188	0.98476	0.00277
28	937	G	0.04475	0.14674	0.76045	0.04805
28	938	A	0.99801	0.00023	0.00131	0.00046
28	939	A	0.99152	0.00103	0.00551	0.00194
28	940	T	0.00460	0.01853	0.00360	0.97327
28	941	A	0.98124	0.00239	0.01204	0.00434
28	942	A	0.89226	0.03774	0.03720	0.03281
28	943	G	0.17905	0.00398	0.81028	0.00670
28	944	A	0.94707	0.00503	0.03935	0.00855
28	945	T	0.01041	0.31052	0.00778	0.67129
28	946	R	0.49044	0.03687	0.41444	0.05825
28	947	G	0.00762	0.00064	0.99076	0.00099
28	948	G	0.02968	0.00568	0.95658	0.00807
28	949	T	0.00287	0.00557	0.00100	0.99056
28	950	G	0.01451	0.00274	0.97886	0.00389
28	951	G	0.04441	0.03033	0.86924	0.05603
28	952	A	0.76892	0.01169	0.19686	0.02252
28	953	W	0.43762	0.12147	0.08919	0.35172
28	954	R	0.35260	0.07788	0.34203	0.22749
28	955	A	0.86920	0.04034	0.04945	0.04101
28	956	G	0.22537	0.01214	0.74347	0.01902
28	957	T	0.07163	0.08998	0.20423	0.63416
28	958	T	0.17269	0.06332	0.04312	0.72087
28	959	C	0.00516	0.73971	0.00403	0.25110
28	960	A	0.77343	0.00751	0.20636	0.01269
28	961	T	0.00372	0.18348	0.00275	0.81005
28	962	T	0.02550	0.10148	0.02252	0.85050
28	963	T	0.00781	0.14093	0.00549	0.84577
28	964	T	0.19154	0.05718	0.04895	0.70233
28	965	A	0.71788	0.10700	0.05367	0.12145
28	966	A	0.98837	0.00149	0.00748	0.00266
28	967	R	0.35808	0.11561	0.30149	0.22481
28	968	T	0.00598	0.19375	0.00465	0.79563
28	969	A	0.53944	0.03595	0.37063	0.05398
28	970	K	0.17067	0.19774	0.28430	0.34729
28	971	R	0.46107	0.01884	0.48954	0.03055
28	972	G	0.16014	0.02524	0.78000	0.03462
28	973	A	0.64406	0.05368	0.08194	0.22031
28	974	G	0.06449	0.01438	0.89996	0.02117
28	975	A	0.72447	0.03858	0.06984	0.16712
28	976	M	0.39786	0.27352	0.13035	0.19826
28	977	A	0.73390	0.10750	0.07881	0.07980
