18
NC_024766_ 0.0000000 0.8223804 1.6992174 1.6628417 1.6942326 1.7161398 1.2344932 1.4981762 1.6822466 1.7496203 1.6319934 1.6636370 1.6365492 1.7144148 1.8721403 1.6746402 1.6073262 1.5297002 
NC_024767_ 0.8223804 0.0000000 1.7633681 1.4097520 1.4555180 1.6217029 1.3996922 1.8000993 1.5961644 1.6465816 1.6384357 1.6424350 1.6432320 1.3774689 1.7653491 1.6195422 1.7253156 1.6110351 
NC_021178_ 1.6992174 1.7633681 0.0000000 1.0632621 1.1812985 0.9942995 1.8301216 1.6254415 1.6621164 1.7184628 1.3516107 1.3100795 1.3956198 1.4195415 1.8268436 1.5547338 1.6386417 1.6864688 
NC_024770_ 1.6628417 1.4097520 1.0632621 0.0000000 0.6078840 0.6240089 1.9272791 1.5878474 1.2127731 1.4263440 1.3315555 1.2416543 1.4231930 1.5014288 1.4825356 1.3558028 1.4269546 1.3587200 
NC_028380_ 1.6942326 1.4555180 1.1812985 0.6078840 0.0000000 0.2038422 1.9250411 1.6691741 1.5578365 1.5838261 1.4565789 1.4695370 1.5208514 1.5980304 1.5738124 1.5493345 1.5295335 1.4847341 
NC_023861_ 1.7161398 1.6217029 0.9942995 0.6240089 0.2038422 0.0000000 1.7119020 1.6375913 1.5173381 1.5457469 1.4812849 1.4482671 1.5190357 1.6055840 1.5907648 1.4745650 1.5291072 1.4675803 
NC_003976_ 1.2344932 1.3996922 1.8301216 1.9272791 1.9250411 1.7119020 0.0000000 1.7476613 1.6548323 1.9674566 1.7307524 1.7665561 1.5919240 1.7330397 1.9017374 1.5519906 1.6581997 1.6534956 
NC_018668_ 1.4981762 1.8000993 1.6254415 1.5878474 1.6691741 1.6375913 1.7476613 0.0000000 1.2201469 1.3959936 1.6014480 1.4439522 1.6094789 1.5039535 1.3863457 1.4835709 1.4611860 1.3492743 
NC_003983_ 1.6822466 1.5961644 1.6621164 1.2127731 1.5578365 1.5173381 1.6548323 1.2201469 0.0000000 1.4151239 1.4926545 1.1988690 1.4220954 1.2549314 1.2517403 1.1516021 1.3239151 1.2164653 
NC_010354_ 1.7496203 1.6465816 1.7184628 1.4263440 1.5838261 1.5457469 1.9674566 1.3959936 1.4151239 0.0000000 1.1101160 1.0326413 1.1472291 1.0833158 1.2828244 1.2442579 1.3416994 1.2919428 
NC_012800_ 1.6319934 1.6384357 1.3516107 1.3315555 1.4565789 1.4812849 1.7307524 1.6014480 1.4926545 1.1101160 0.0000000 0.5883199 0.5385431 0.5378621 1.1585562 1.0150714 1.0875290 1.0428506 
NC_012801_ 1.6636370 1.6424350 1.3100795 1.2416543 1.4695370 1.4482671 1.7665561 1.4439522 1.1988690 1.0326413 0.5883199 0.0000000 0.5241505 0.5510136 1.2173901 1.1600475 1.0798064 1.0666622 
NC_012802_ 1.6365492 1.6432320 1.3956198 1.4231930 1.5208514 1.5190357 1.5919240 1.6094789 1.4220954 1.1472291 0.5385431 0.5241505 0.0000000 0.3741632 1.1787102 1.1573397 1.1385730 1.1545916 
NC_012798_ 1.7144148 1.3774689 1.4195415 1.5014288 1.5980304 1.6055840 1.7330397 1.5039535 1.2549314 1.0833158 0.5378621 0.5510136 0.3741632 0.0000000 1.2520620 1.1426090 1.2272712 1.2282247 
NC_001479_ 1.8721403 1.7653491 1.8268436 1.4825356 1.5738124 1.5907648 1.9017374 1.3863457 1.2517403 1.2828244 1.1585562 1.2173901 1.1787102 1.2520620 0.0000000 0.7190242 0.7562275 0.7364403 
NC_001366_ 1.6746402 1.6195422 1.5547338 1.3558028 1.5493345 1.4745650 1.5519906 1.4835709 1.1516021 1.2442579 1.0150714 1.1600475 1.1573397 1.1426090 0.7190242 0.0000000 0.5017874 0.4799682 
NC_010810_ 1.6073262 1.7253156 1.6386417 1.4269546 1.5295335 1.5291072 1.6581997 1.4611860 1.3239151 1.3416994 1.0875290 1.0798064 1.1385730 1.2272712 0.7562275 0.5017874 0.0000000 0.0888144 
NC_009448_ 1.5297002 1.6110351 1.6864688 1.3587200 1.4847341 1.4675803 1.6534956 1.3492743 1.2164653 1.2919428 1.0428506 1.0666622 1.1545916 1.2282247 0.7364403 0.4799682 0.0888144 0.0000000 
