16
NC_001617_ 0.0000000 1.4824462 1.7634562 1.5332226 1.7583961 1.6851515 1.5288434 1.3913071 1.4257772 1.5992525 1.2723325 1.4375916 1.4144025 1.7200175 1.3178405 1.4168273 
NC_009996_ 1.4824462 0.0000000 1.6654841 1.2798554 1.5328020 1.5871140 1.7776551 1.2839757 1.3000722 1.4611008 1.3878776 1.4602863 1.4647580 1.6537041 1.4130078 1.4764913 
NC_029905_ 1.7634562 1.6654841 0.0000000 1.2624646 1.5202455 1.5039389 1.5311954 1.0953848 1.3244942 1.1805287 1.4564451 1.3039091 1.2697554 1.4992725 1.4264013 1.4701790 
NC_001490_ 1.5332226 1.2798554 1.2624646 0.0000000 1.6796928 1.6705358 1.5260287 1.1025294 1.2969677 1.2571658 1.1714287 1.2883131 1.5413543 1.4419879 1.4069391 1.4591814 
NC_001612_ 1.7583961 1.5328020 1.5202455 1.6796928 0.0000000 0.1819341 1.6906159 1.0967806 0.9240375 1.1273216 1.1559558 1.0458370 1.3474500 1.3149509 1.2798268 1.2741237 
NC_030454_ 1.6851515 1.5871140 1.5039389 1.6705358 0.1819341 0.0000000 1.7363620 1.0581028 0.9279866 1.1108554 1.1532929 1.1161142 1.2980069 1.3349081 1.4340835 1.3536543 
NC_003988_ 1.5288434 1.7776551 1.5311954 1.5260287 1.6906159 1.7363620 0.0000000 1.1064745 1.1051889 1.0229069 0.9911101 1.0640268 1.2064246 1.2649029 1.1980361 1.3358883 
NC_001430_ 1.3913071 1.2839757 1.0953848 1.1025294 1.0967806 1.0581028 1.1064745 0.0000000 0.7650854 0.8135176 0.7753170 0.7447916 1.1861509 1.1822567 1.0418407 1.0160589 
NC_002058_ 1.4257772 1.3000722 1.3244942 1.2969677 0.9240375 0.9279866 1.1051889 0.7650854 0.0000000 0.7912695 0.7078637 0.6970522 0.9488132 1.1247342 0.9955095 0.9082264 
NC_001472_ 1.5992525 1.4611008 1.1805287 1.2571658 1.1273216 1.1108554 1.0229069 0.8135176 0.7912695 0.0000000 0.6083358 0.6449312 1.0213666 0.9780308 0.9641067 0.9870786 
NC_013695_ 1.2723325 1.3878776 1.4564451 1.1714287 1.1559558 1.1532929 0.9911101 0.7753170 0.7078637 0.6083358 0.0000000 0.4765301 0.9537335 1.0067215 0.9371848 0.8767941 
NC_010415_ 1.4375916 1.4602863 1.3039091 1.2883131 1.0458370 1.1161142 1.0640268 0.7447916 0.6970522 0.6449312 0.4765301 0.0000000 0.9793139 0.9970053 0.8914706 0.9174313 
NC_034267_ 1.4144025 1.4647580 1.2697554 1.5413543 1.3474500 1.2980069 1.2064246 1.1861509 0.9488132 1.0213666 0.9537335 0.9793139 0.0000000 0.8171086 0.8628394 0.9111965 
NC_001859_ 1.7200175 1.6537041 1.4992725 1.4419879 1.3149509 1.3349081 1.2649029 1.1822567 1.1247342 0.9780308 1.0067215 0.9970053 0.8171086 0.0000000 0.6484938 0.5510544 
NC_008714_ 1.3178405 1.4130078 1.4264013 1.4069391 1.2798268 1.4340835 1.1980361 1.0418407 0.9955095 0.9641067 0.9371848 0.8914706 0.8628394 0.6484938 0.0000000 0.2809512 
NC_021220_ 1.4168273 1.4764913 1.4701790 1.4591814 1.2741237 1.3536543 1.3358883 1.0160589 0.9082264 0.9870786 0.8767941 0.9174313 0.9111965 0.5510544 0.2809512 0.0000000 
