18
NC_024766_ 0.0000000 1.1715018 2.4359900 2.4286251 2.1748601 2.2441853 2.0659335 2.0519613 2.1538880 2.1959028 2.0372887 2.1491286 2.0979808 2.0600288 2.3061744 2.0651037 1.9990124 1.9317464 
NC_024767_ 1.1715018 0.0000000 2.4076933 1.9303309 1.8324811 2.0722968 2.0005679 2.0845134 2.1499716 1.8991526 1.9484539 1.8614660 1.9146126 1.6264647 2.0457317 1.9838763 1.8789336 1.7908601 
NC_021178_ 2.4359900 2.4076933 0.0000000 1.5512325 1.3838272 1.2603275 2.5485092 1.9557519 2.0589495 1.9398884 1.4756662 1.5036393 1.6034601 1.5113439 2.1212802 1.8044740 1.7831726 1.8757400 
NC_024770_ 2.4286251 1.9303309 1.5512325 0.0000000 0.7811763 0.7802505 2.7263483 1.9727854 1.8147473 1.6902976 1.5848967 1.5343213 1.7884071 1.7506983 1.8914566 1.6922300 1.8370094 1.8239550 
NC_028380_ 2.1748601 1.8324811 1.3838272 0.7811763 0.0000000 0.2191557 2.2842853 1.8880162 1.8156845 1.7097796 1.6131034 1.5853538 1.6308516 1.7322177 1.7006363 1.6613849 1.6558107 1.6603870 
NC_023861_ 2.2441853 2.0722968 1.2603275 0.7802505 0.2191557 0.0000000 2.1882950 1.9551553 1.7522790 1.7321308 1.6058353 1.5668799 1.6350941 1.7410139 1.7095747 1.5497559 1.6497566 1.6091449 
NC_003976_ 2.0659335 2.0005679 2.5485092 2.7263483 2.2842853 2.1882950 0.0000000 2.1967145 2.2838494 2.5118284 2.3666128 2.1942499 1.9458276 2.0722724 2.2412283 1.8995629 2.0775281 2.1501988 
NC_018668_ 2.0519613 2.0845134 1.9557519 1.9727854 1.8880162 1.9551553 2.1967145 0.0000000 1.4152232 1.5273712 1.6811689 1.5375167 1.6753830 1.5767446 1.4442776 1.5722865 1.5261675 1.4419845 
NC_003983_ 2.1538880 2.1499716 2.0589495 1.8147473 1.8156845 1.7522790 2.2838494 1.4152232 0.0000000 1.5901145 1.6560171 1.3226995 1.5973394 1.3805382 1.3949592 1.2407805 1.4768869 1.3677419 
NC_010354_ 2.1959028 1.8991526 1.9398884 1.6902976 1.7097796 1.7321308 2.5118284 1.5273712 1.5901145 0.0000000 1.1943435 1.0984349 1.1959124 1.1123388 1.3448000 1.2998958 1.3964593 1.3799392 
NC_012800_ 2.0372887 1.9484539 1.4756662 1.5848967 1.6131034 1.6058353 2.3666128 1.6811689 1.6560171 1.1943435 0.0000000 0.6154953 0.5590207 0.5605493 1.1846558 1.0569784 1.1209237 1.1051935 
NC_012801_ 2.1491286 1.8614660 1.5036393 1.5343213 1.5853538 1.5668799 2.1942499 1.5375167 1.3226995 1.0984349 0.6154953 0.0000000 0.5326122 0.5591846 1.2445674 1.1898499 1.1130507 1.1207936 
NC_012802_ 2.0979808 1.9146126 1.6034601 1.7884071 1.6308516 1.6350941 1.9458276 1.6753830 1.5973394 1.1959124 0.5590207 0.5326122 0.0000000 0.3853845 1.2006204 1.1791105 1.1650683 1.2046385 
NC_012798_ 2.0600288 1.6264647 1.5113439 1.7506983 1.7322177 1.7410139 2.0722724 1.5767446 1.3805382 1.1123388 0.5605493 0.5591846 0.3853845 0.0000000 1.2585414 1.1492918 1.2346164 1.2573649 
NC_001479_ 2.3061744 2.0457317 2.1212802 1.8914566 1.7006363 1.7095747 2.2412283 1.4442776 1.3949592 1.3448000 1.1846558 1.2445674 1.2006204 1.2585414 0.0000000 0.7231817 0.7600801 0.7483330 
NC_001366_ 2.0651037 1.9838763 1.8044740 1.6922300 1.6613849 1.5497559 1.8995629 1.5722865 1.2407805 1.2998958 1.0569784 1.1898499 1.1791105 1.1492918 0.7231817 0.0000000 0.5041808 0.4895353 
NC_010810_ 1.9990124 1.8789336 1.7831726 1.8370094 1.6558107 1.6497566 2.0775281 1.5261675 1.4768869 1.3964593 1.1209237 1.1130507 1.1650683 1.2346164 0.7600801 0.5041808 0.0000000 0.0931253 
NC_009448_ 1.9317464 1.7908601 1.8757400 1.8239550 1.6603870 1.6091449 2.1501988 1.4419845 1.3677419 1.3799392 1.1051935 1.1207936 1.2046385 1.2573649 0.7483330 0.4895353 0.0931253 0.0000000 
