Node	Site	State 	p_A	p_C	p_G	p_T
30	1	T	0.14409	0.20335	0.10641	0.54615
30	2	T	0.14409	0.20335	0.10641	0.54615
30	3	T	0.00002	0.00008	0.00000	0.99990
30	4	T	0.00013	0.00042	0.00003	0.99942
30	5	A	0.99985	0.00002	0.00007	0.00006
30	6	A	0.99998	0.00000	0.00001	0.00001
30	7	A	0.99985	0.00005	0.00004	0.00006
30	8	A	0.99955	0.00004	0.00031	0.00010
30	9	C	0.00012	0.99883	0.00005	0.00101
30	10	A	0.99968	0.00005	0.00015	0.00012
30	11	G	0.00012	0.00001	0.99985	0.00002
30	12	C	0.00013	0.99870	0.00005	0.00111
30	13	T	0.00073	0.00747	0.00022	0.99158
30	14	C	0.00100	0.98676	0.00037	0.01186
30	15	T	0.00673	0.01417	0.00403	0.97508
30	16	G	0.00569	0.00056	0.99283	0.00092
30	17	G	0.00004	0.00000	0.99995	0.00001
30	18	G	0.00028	0.00003	0.99964	0.00005
30	19	G	0.00004	0.00000	0.99995	0.00001
30	20	T	0.00003	0.00009	0.00001	0.99988
30	21	G	0.20837	0.16875	0.42354	0.19934
30	22	G	0.20837	0.16875	0.42354	0.19934
30	23	Y	0.17796	0.39175	0.15646	0.27384
30	24	A	0.37559	0.18850	0.20463	0.23128
30	25	G	0.20837	0.16875	0.42354	0.19934
30	26	Y	0.17796	0.39175	0.15646	0.27384
30	27	T	0.19064	0.23910	0.16137	0.40889
30	28	T	0.19064	0.23910	0.16137	0.40889
30	29	T	0.19064	0.23910	0.16137	0.40889
30	30	G	0.20837	0.16875	0.42354	0.19934
30	31	G	0.20837	0.16875	0.42354	0.19934
30	32	Y	0.17796	0.39175	0.15646	0.27384
30	33	T	0.19064	0.23910	0.16137	0.40889
30	34	G	0.20837	0.16875	0.42354	0.19934
30	35	T	0.19064	0.23910	0.16137	0.40889
30	36	Y	0.17796	0.39175	0.15646	0.27384
30	37	A	0.37559	0.18850	0.20463	0.23128
30	38	T	0.19064	0.23910	0.16137	0.40889
30	39	G	0.20837	0.16875	0.42354	0.19934
30	40	Y	0.17796	0.39175	0.15646	0.27384
30	41	Y	0.17796	0.39175	0.15646	0.27384
30	42	G	0.20837	0.16875	0.42354	0.19934
30	43	T	0.00002	0.00006	0.00000	0.99991
30	44	G	0.00009	0.00001	0.99988	0.00002
30	45	T	0.00005	0.00015	0.00001	0.99979
30	46	A	0.80572	0.02233	0.01170	0.16025
30	47	C	0.00001	0.99993	0.00000	0.00006
30	48	C	0.00001	0.99986	0.00001	0.00012
30	49	C	0.00002	0.99980	0.00001	0.00017
30	50	Y	0.17796	0.39175	0.15646	0.27384
30	51	T	0.19064	0.23910	0.16137	0.40889
30	52	T	0.19064	0.23910	0.16137	0.40889
30	53	T	0.19064	0.23910	0.16137	0.40889
30	54	T	0.19064	0.23910	0.16137	0.40889
30	55	A	0.99996	0.00001	0.00002	0.00002
30	56	C	0.00001	0.99981	0.00000	0.00018
30	57	C	0.00000	0.99993	0.00000	0.00006
30	58	C	0.00001	0.99983	0.00000	0.00017
30	59	C	0.00243	0.99184	0.00037	0.00536
30	60	A	0.98302	0.00369	0.00650	0.00678
30	61	G	0.00429	0.00038	0.99475	0.00058
30	62	A	0.99343	0.00062	0.00453	0.00141
30	63	G	0.00030	0.00003	0.99962	0.00005
30	64	G	0.00025	0.00003	0.99968	0.00004
30	65	C	0.00000	0.99998	0.00000	0.00002
30	66	C	0.00001	0.99973	0.00000	0.00025
30	67	C	0.00001	0.99993	0.00000	0.00007
30	68	A	0.99979	0.00003	0.00006	0.00012
30	69	C	0.00016	0.99866	0.00009	0.00109
30	70	G	0.00075	0.00011	0.99899	0.00016
30	71	T	0.00037	0.00144	0.00009	0.99810
30	72	G	0.00004	0.00000	0.99995	0.00001
30	73	G	0.00009	0.00003	0.99986	0.00002
30	74	C	0.00015	0.99839	0.00006	0.00141
30	75	G	0.00001	0.00000	0.99999	0.00000
30	76	G	0.00170	0.00026	0.99767	0.00037
30	77	C	0.00035	0.99672	0.00014	0.00279
30	78	T	0.00015	0.00048	0.00003	0.99934
30	79	A	0.99921	0.00011	0.00037	0.00030
30	80	G	0.00005	0.00001	0.99993	0.00001
30	81	T	0.00016	0.00051	0.00003	0.99930
30	82	A	0.99958	0.00006	0.00020	0.00016
30	83	C	0.00003	0.99957	0.00001	0.00039
30	84	T	0.00008	0.00031	0.00002	0.99959
30	85	C	0.00001	0.99990	0.00000	0.00009
30	86	C	0.00013	0.99611	0.00008	0.00368
30	87	G	0.00004	0.00000	0.99996	0.00000
30	88	G	0.00011	0.00001	0.99986	0.00002
30	89	T	0.00002	0.00006	0.00000	0.99992
30	90	A	0.99851	0.00023	0.00064	0.00062
30	91	T	0.00235	0.06139	0.00063	0.93563
30	92	T	0.00770	0.13476	0.00232	0.85521
30	93	G	0.06198	0.07694	0.83317	0.02791
30	94	C	0.00013	0.99873	0.00005	0.00109
30	95	T	0.12954	0.18949	0.09112	0.58985
30	96	T	0.12954	0.18949	0.09112	0.58985
30	97	A	0.57674	0.11671	0.14939	0.15716
30	98	C	0.11018	0.58770	0.08510	0.21702
30	99	C	0.11018	0.58770	0.08510	0.21702
30	100	T	0.12954	0.18949	0.09112	0.58985
30	101	C	0.11018	0.58770	0.08510	0.21702
30	102	G	0.15211	0.09178	0.64354	0.11256
30	103	G	0.15211	0.09178	0.64354	0.11256
30	104	T	0.12954	0.18949	0.09112	0.58985
30	105	A	0.57674	0.11671	0.14939	0.15716
30	106	T	0.12954	0.18949	0.09112	0.58985
30	107	T	0.12954	0.18949	0.09112	0.58985
30	108	A	0.57674	0.11671	0.14939	0.15716
30	109	C	0.11018	0.58770	0.08510	0.21702
30	110	G	0.15211	0.09178	0.64354	0.11256
30	111	G	0.15211	0.09178	0.64354	0.11256
30	112	T	0.12954	0.18949	0.09112	0.58985
30	113	A	0.57674	0.11671	0.14939	0.15716
30	114	C	0.11018	0.58770	0.08510	0.21702
30	115	C	0.11018	0.58770	0.08510	0.21702
30	116	G	0.15211	0.09178	0.64354	0.11256
30	117	A	0.57674	0.11671	0.14939	0.15716
30	118	T	0.12954	0.18949	0.09112	0.58985
30	119	G	0.15211	0.09178	0.64354	0.11256
30	120	T	0.12954	0.18949	0.09112	0.58985
30	121	A	0.57674	0.11671	0.14939	0.15716
30	122	T	0.12954	0.18949	0.09112	0.58985
30	123	A	0.57674	0.11671	0.14939	0.15716
30	124	Y	0.13797	0.33277	0.09211	0.43715
30	125	G	0.00027	0.00003	0.99965	0.00005
30	126	G	0.00009	0.00001	0.99989	0.00001
30	127	T	0.00047	0.00150	0.00011	0.99792
30	128	A	0.99974	0.00004	0.00013	0.00010
30	129	C	0.00005	0.99955	0.00002	0.00038
30	130	C	0.00002	0.99982	0.00001	0.00015
30	131	C	0.00030	0.99272	0.00011	0.00687
30	132	T	0.00002	0.00006	0.00000	0.99991
30	133	T	0.19064	0.23910	0.16137	0.40889
30	134	Y	0.17796	0.39175	0.15646	0.27384
30	135	Y	0.17796	0.39175	0.15646	0.27384
30	136	Y	0.17796	0.39175	0.15646	0.27384
30	137	T	0.19064	0.23910	0.16137	0.40889
30	138	G	0.20837	0.16875	0.42354	0.19934
30	139	T	0.19064	0.23910	0.16137	0.40889
30	140	A	0.37559	0.18850	0.20463	0.23128
30	141	G	0.20837	0.16875	0.42354	0.19934
30	142	G	0.20837	0.16875	0.42354	0.19934
30	143	Y	0.17796	0.39175	0.15646	0.27384
30	144	T	0.00002	0.00006	0.00000	0.99991
30	145	G	0.00027	0.00003	0.99965	0.00005
30	146	T	0.00024	0.00077	0.00005	0.99893
30	147	A	0.99988	0.00002	0.00006	0.00004
30	148	C	0.00001	0.99983	0.00000	0.00017
30	149	G	0.00022	0.00001	0.99974	0.00002
30	150	C	0.00000	0.99995	0.00000	0.00005
30	151	C	0.00000	0.99998	0.00000	0.00002
30	152	T	0.00002	0.00007	0.00000	0.99991
30	153	G	0.00145	0.00014	0.99819	0.00021
30	154	T	0.00001	0.00002	0.00000	0.99997
30	155	T	0.00001	0.00002	0.00000	0.99997
30	156	T	0.00001	0.00002	0.00000	0.99997
30	157	T	0.00014	0.00051	0.00003	0.99933
30	158	A	0.99267	0.00118	0.00335	0.00281
30	159	T	0.00074	0.00322	0.00017	0.99586
30	160	A	0.99133	0.00152	0.00263	0.00452
30	161	C	0.00064	0.99321	0.00025	0.00591
30	162	T	0.00079	0.00540	0.00019	0.99363
30	163	A	0.53615	0.13048	0.16137	0.17200
30	164	A	0.53615	0.13048	0.16137	0.17200
30	165	C	0.12318	0.54849	0.09785	0.23048
30	166	C	0.12318	0.54849	0.09785	0.23048
30	167	W	0.33254	0.17979	0.13696	0.35072
30	168	C	0.00001	0.99992	0.00000	0.00007
30	169	C	0.00001	0.99986	0.00001	0.00012
30	170	C	0.00093	0.99103	0.00038	0.00767
30	171	T	0.00040	0.00130	0.00009	0.99821
30	172	T	0.07149	0.11872	0.04229	0.76750
30	173	A	0.59730	0.12138	0.13046	0.15086
30	174	A	0.62065	0.09890	0.12342	0.15704
30	175	A	0.63368	0.08443	0.16033	0.12156
30	176	T	0.17143	0.26432	0.13079	0.43347
30	177	A	0.80030	0.04916	0.07524	0.07529
30	178	A	0.80030	0.04916	0.07524	0.07529
30	179	A	0.59730	0.12138	0.13046	0.15086
30	180	T	0.06504	0.11002	0.03719	0.78775
30	181	T	0.16656	0.22210	0.11324	0.49810
30	182	A	0.80030	0.04916	0.07524	0.07529
30	183	A	0.63368	0.08443	0.16033	0.12156
30	184	G	0.15867	0.09385	0.62281	0.12466
30	185	A	0.37091	0.18452	0.21053	0.23404
30	186	T	0.06504	0.11002	0.03719	0.78775
30	187	T	0.11968	0.18483	0.07999	0.61550
30	188	D	0.25285	0.18307	0.34274	0.22134
30	189	C	0.04783	0.79626	0.03275	0.12316
30	190	C	0.09659	0.62500	0.07180	0.20661
30	191	A	0.37458	0.18202	0.21182	0.23158
30	192	C	0.15049	0.46781	0.11417	0.26753
30	193	T	0.17601	0.24478	0.13441	0.44480
30	194	A	0.62065	0.09890	0.12342	0.15704
30	195	C	0.10384	0.60298	0.07820	0.21498
30	196	T	0.12263	0.18719	0.08288	0.60730
30	197	G	0.15913	0.07273	0.67644	0.09170
30	198	A	0.61460	0.10339	0.13884	0.14317
30	199	G	0.15913	0.07273	0.67644	0.09170
30	200	G	0.15913	0.07273	0.67644	0.09170
30	201	G	0.15913	0.07273	0.67644	0.09170
30	202	G	0.15867	0.09385	0.62281	0.12466
30	203	A	0.80030	0.04916	0.07524	0.07529
30	204	G	0.15867	0.09385	0.62281	0.12466
30	205	T	0.06504	0.11002	0.03719	0.78775
30	206	A	0.62065	0.09890	0.12342	0.15704
30	207	G	0.20341	0.13693	0.49121	0.16845
30	208	W	0.28525	0.19188	0.12179	0.40108
30	209	C	0.07052	0.71453	0.05035	0.16460
30	210	C	0.07052	0.71453	0.05035	0.16460
30	211	G	0.11781	0.06143	0.74415	0.07660
30	212	A	0.71041	0.07441	0.10640	0.10877
30	213	C	0.07052	0.71453	0.05035	0.16460
30	214	T	0.08908	0.14265	0.05442	0.71386
30	215	C	0.12203	0.54268	0.09364	0.24166
30	216	C	0.07052	0.71453	0.05035	0.16460
30	217	G	0.11781	0.06143	0.74415	0.07660
30	218	C	0.07052	0.71453	0.05035	0.16460
30	219	T	0.14539	0.21205	0.10188	0.54067
30	220	C	0.07052	0.71453	0.05035	0.16460
30	221	C	0.07052	0.71453	0.05035	0.16460
30	222	-	0.31646	0.20174	0.23415	0.24765
30	223	G	0.21900	0.15550	0.43797	0.18753
30	224	Y	0.18455	0.30695	0.14818	0.36032
30	225	A	0.71041	0.07441	0.10640	0.10877
30	226	C	0.12554	0.53232	0.09695	0.24519
30	227	-	0.22663	0.25703	0.21187	0.30446
30	228	G	0.18570	0.11859	0.55098	0.14473
30	229	C	0.07569	0.69734	0.05471	0.17225
30	230	T	0.18919	0.25392	0.14897	0.40792
30	231	G	0.18621	0.11931	0.54913	0.14535
30	232	C	0.12855	0.52373	0.09952	0.24820
30	233	A	0.37489	0.18331	0.21166	0.23014
30	234	C	0.07052	0.71453	0.05035	0.16460
30	235	C	0.12855	0.52373	0.09952	0.24820
30	236	A	0.52524	0.13059	0.16845	0.17572
30	237	G	0.18570	0.11859	0.55098	0.14473
30	238	T	0.14539	0.21205	0.10188	0.54067
30	239	G	0.17980	0.11203	0.57115	0.13702
30	240	A	0.51702	0.13384	0.17009	0.17905
30	241	A	0.37937	0.17981	0.21407	0.22675
30	242	C	0.07052	0.71453	0.05035	0.16460
30	243	T	0.15054	0.21755	0.10788	0.52403
30	244	G	0.11781	0.06143	0.74415	0.07660
30	245	G	0.18570	0.11859	0.55098	0.14473
30	246	T	0.08908	0.14265	0.05442	0.71386
30	247	A	0.51185	0.13562	0.17162	0.18091
30	248	Y	0.17102	0.39878	0.14020	0.28999
30	249	G	0.22220	0.16126	0.42278	0.19377
30	250	Y	0.16842	0.40562	0.13729	0.28867
30	251	T	0.16719	0.22774	0.13031	0.47476
30	252	A	0.61796	0.10228	0.13799	0.14178
30	253	G	0.15913	0.07273	0.67644	0.09170
30	254	T	0.12894	0.19394	0.08896	0.58816
30	255	A	0.63368	0.08443	0.16033	0.12156
30	256	C	0.03680	0.82952	0.02372	0.10996
30	257	C	0.05154	0.77482	0.03519	0.13846
30	258	Y	0.10383	0.37699	0.06660	0.45259
30	259	T	0.06123	0.38639	0.03497	0.51741
30	260	W	0.30570	0.17328	0.11544	0.40558
30	261	-	0.20779	0.22743	0.24461	0.32017
30	262	Y	0.15903	0.36106	0.11668	0.36323
30	263	A	0.49047	0.09623	0.07244	0.34086
30	264	C	0.03680	0.82952	0.02372	0.10996
30	265	G	0.13969	0.10704	0.47123	0.28204
30	266	S	0.16418	0.29862	0.33466	0.20254
30	267	M	0.36192	0.28761	0.12792	0.22256
30	268	K	0.21117	0.17857	0.33657	0.27369
30	269	T	0.03966	0.07609	0.01997	0.86427
30	270	H	0.23649	0.35203	0.13810	0.27337
30	271	G	0.17333	0.11865	0.57480	0.13323
30	272	W	0.35958	0.19251	0.19411	0.25379
30	273	T	0.16239	0.25703	0.11269	0.46790
30	274	D	0.27377	0.16942	0.31568	0.24113
30	275	G	0.16962	0.05887	0.69431	0.07720
30	276	Y	0.20408	0.31830	0.14575	0.33187
30	277	A	0.52305	0.12815	0.13988	0.20893
30	278	T	0.06320	0.13564	0.03193	0.76923
30	279	T	0.03979	0.30493	0.01971	0.63557
30	280	C	0.00621	0.96980	0.00387	0.02013
30	281	C	0.00439	0.97860	0.00273	0.01429
30	282	C	0.01325	0.93592	0.00828	0.04255
30	283	H	0.25403	0.32491	0.12902	0.29204
30	284	A	0.80085	0.04509	0.08263	0.07143
30	285	T	0.13653	0.19631	0.09834	0.56882
30	286	G	0.15914	0.09952	0.61985	0.12148
30	287	A	0.55355	0.12453	0.15629	0.16563
30	288	T	0.13653	0.19631	0.09834	0.56882
30	289	T	0.00370	0.06615	0.00098	0.92917
30	290	C	0.02181	0.92352	0.00614	0.04853
30	291	C	0.06767	0.86172	0.00787	0.06274
30	292	C	0.06596	0.86137	0.00713	0.06554
30	293	G	0.00003	0.00000	0.99996	0.00000
30	294	T	0.00125	0.00423	0.00029	0.99422
30	295	A	0.99999	0.00000	0.00001	0.00000
30	296	A	0.99999	0.00000	0.00001	0.00000
30	297	C	0.00013	0.99905	0.00004	0.00078
30	298	T	0.12009	0.17461	0.06413	0.64116
30	299	T	0.00011	0.00035	0.00002	0.99952
30	300	A	0.55385	0.12443	0.15620	0.16552
30	301	T	0.13644	0.19623	0.09825	0.56909
30	302	C	0.11747	0.56561	0.09218	0.22474
30	303	T	0.00002	0.00006	0.00000	0.99991
30	304	A	0.99989	0.00002	0.00005	0.00004
30	305	G	0.00011	0.00001	0.99986	0.00002
30	306	A	0.99995	0.00001	0.00002	0.00002
30	307	C	0.19898	0.78931	0.00226	0.00945
30	308	G	0.00004	0.00000	0.99995	0.00001
30	309	C	0.04877	0.89415	0.00650	0.05058
30	310	A	0.91169	0.01478	0.01091	0.06261
30	311	C	0.01406	0.92336	0.00518	0.05739
30	312	A	0.99421	0.00102	0.00260	0.00217
30	313	A	0.91495	0.01545	0.01262	0.05698
30	314	A	0.99951	0.00007	0.00023	0.00018
30	315	A	0.98842	0.00190	0.00478	0.00490
30	316	C	0.00352	0.81686	0.00110	0.17851
30	317	C	0.16749	0.78041	0.01217	0.03993
30	318	A	0.98844	0.00185	0.00503	0.00467
30	319	A	0.99798	0.00030	0.00097	0.00075
30	320	C	0.01479	0.92861	0.00926	0.04734
30	321	A	0.92441	0.01720	0.02921	0.02918
30	322	C	0.08641	0.62613	0.05821	0.22925
30	323	A	0.77242	0.05585	0.08623	0.08550
30	324	T	0.32211	0.07072	0.03487	0.57229
30	325	A	0.85817	0.03641	0.04816	0.05726
30	326	A	0.61065	0.19854	0.06879	0.12202
30	327	T	0.09392	0.24089	0.05016	0.61503
30	328	A	0.61002	0.10572	0.13921	0.14505
30	329	G	0.00004	0.00000	0.99995	0.00001
30	330	T	0.00290	0.00747	0.00059	0.98903
30	331	T	0.00136	0.00555	0.00032	0.99278
30	332	C	0.00000	0.99998	0.00000	0.00002
30	333	A	0.99956	0.00007	0.00015	0.00022
30	334	A	0.99825	0.00029	0.00076	0.00071
30	335	T	0.00014	0.00954	0.00003	0.99029
30	336	A	0.99996	0.00000	0.00002	0.00001
30	337	G	0.00001	0.00000	0.99999	0.00000
30	338	A	0.86627	0.01099	0.10021	0.02253
30	339	A	0.99747	0.00037	0.00122	0.00094
30	340	G	0.11730	0.03718	0.79632	0.04920
30	341	G	0.03567	0.01307	0.93433	0.01692
30	342	C	0.02399	0.89094	0.01558	0.06948
30	343	G	0.16068	0.05628	0.70993	0.07311
30	344	G	0.00499	0.00067	0.99337	0.00098
30	345	G	0.00483	0.00065	0.99358	0.00095
30	346	G	0.00011	0.00001	0.99986	0.00002
30	347	G	0.03884	0.04794	0.79331	0.11991
30	348	G	0.11724	0.00423	0.87095	0.00757
30	349	T	0.00342	0.19960	0.00096	0.79602
30	350	A	0.99266	0.00110	0.00357	0.00267
30	351	C	0.05208	0.89433	0.01275	0.04084
30	352	A	0.94619	0.03946	0.00342	0.01093
30	353	A	0.99999	0.00000	0.00001	0.00000
30	354	A	0.98273	0.00322	0.00620	0.00785
30	355	C	0.00000	0.99995	0.00000	0.00005
30	356	C	0.00005	0.99963	0.00004	0.00028
30	357	A	0.99985	0.00002	0.00008	0.00005
30	358	G	0.00030	0.00003	0.99962	0.00005
30	359	T	0.00210	0.00684	0.00051	0.99056
30	360	A	0.98218	0.00329	0.00645	0.00808
30	361	C	0.00322	0.97970	0.00338	0.01370
30	362	C	0.00203	0.97946	0.00082	0.01770
30	363	A	0.99020	0.00073	0.00734	0.00173
30	364	C	0.00022	0.99699	0.00011	0.00268
30	365	C	0.00223	0.98098	0.00082	0.01597
30	366	A	0.52090	0.10789	0.21627	0.15493
30	367	A	0.99844	0.00024	0.00068	0.00064
30	368	C	0.00152	0.98501	0.00060	0.01287
30	369	G	0.00001	0.00000	0.99999	0.00000
30	370	A	0.99405	0.00079	0.00324	0.00192
30	371	A	0.99667	0.00047	0.00158	0.00127
30	372	C	0.00000	0.99998	0.00000	0.00002
30	373	A	0.99988	0.00001	0.00002	0.00008
30	374	A	0.99726	0.00212	0.00019	0.00043
30	375	G	0.00638	0.00005	0.99346	0.00011
30	376	C	0.00013	0.99903	0.00004	0.00080
30	377	A	0.99996	0.00001	0.00002	0.00002
30	378	C	0.00000	0.99998	0.00000	0.00002
30	379	T	0.00001	0.00002	0.00000	0.99997
30	380	A	0.37919	0.18713	0.20374	0.22994
30	381	T	0.18953	0.23841	0.15996	0.41210
30	382	A	0.37919	0.18713	0.20374	0.22994
30	383	A	0.37919	0.18713	0.20374	0.22994
30	384	Y	0.17667	0.39529	0.15499	0.27306
30	385	T	0.00006	0.00010	0.00004	0.99980
30	386	C	0.00000	0.99997	0.00000	0.00003
30	387	T	0.00001	0.00002	0.00000	0.99997
30	388	G	0.00001	0.00000	0.99999	0.00000
30	389	T	0.00006	0.00010	0.00004	0.99980
30	390	T	0.00024	0.00078	0.00005	0.99893
30	391	T	0.00005	0.00021	0.00001	0.99973
30	392	Y	0.11821	0.37726	0.08604	0.41848
30	393	C	0.00001	0.99992	0.00000	0.00008
30	394	C	0.00006	0.99969	0.00001	0.00024
30	395	C	0.00000	0.99998	0.00000	0.00002
30	396	C	0.00002	0.99969	0.00001	0.00029
30	397	G	0.00003	0.00000	0.99996	0.00000
30	398	G	0.00004	0.00000	0.99995	0.00001
30	399	T	0.00164	0.00232	0.00023	0.99582
30	400	G	0.00623	0.00180	0.99038	0.00159
30	401	A	0.97856	0.00503	0.00710	0.00930
30	402	T	0.13751	0.02005	0.03298	0.80946
30	403	G	0.00555	0.00037	0.99348	0.00059
30	404	T	0.00360	0.00636	0.00316	0.98687
30	405	C	0.00794	0.83067	0.00272	0.15867
30	406	G	0.00718	0.00069	0.99108	0.00106
30	407	T	0.00782	0.11205	0.00242	0.87771
30	408	A	0.99549	0.00090	0.00188	0.00173
30	409	T	0.18276	0.18810	0.08976	0.53938
30	410	R	0.38632	0.08060	0.42268	0.11041
30	411	T	0.21725	0.20154	0.19759	0.38362
30	412	C	0.10195	0.60130	0.08749	0.20925
30	413	G	0.14673	0.08087	0.66523	0.10717
30	414	G	0.14277	0.06257	0.71532	0.07934
30	415	T	0.00008	0.00026	0.00002	0.99964
30	416	A	0.99983	0.00002	0.00008	0.00006
30	417	G	0.00451	0.00055	0.99412	0.00082
30	418	A	0.99208	0.00051	0.00619	0.00122
30	419	C	0.00002	0.99978	0.00001	0.00019
30	420	T	0.00008	0.00025	0.00002	0.99965
30	421	G	0.00033	0.00004	0.99957	0.00006
30	422	C	0.00297	0.81033	0.00091	0.18579
30	423	T	0.18582	0.01322	0.00621	0.79474
30	424	T	0.00196	0.19722	0.00057	0.80025
30	425	G	0.02257	0.16857	0.78250	0.02635
30	426	C	0.00005	0.99952	0.00002	0.00041
30	427	G	0.19650	0.00120	0.79996	0.00234
30	428	T	0.00313	0.18942	0.00093	0.80652
30	429	G	0.00027	0.00003	0.99965	0.00005
30	430	G	0.00008	0.00001	0.99989	0.00001
30	431	T	0.00089	0.00850	0.00021	0.99040
30	432	T	0.00467	0.01278	0.00127	0.98129
30	433	G	0.00057	0.00007	0.99926	0.00010
30	434	A	0.99989	0.00002	0.00005	0.00004
30	435	A	0.99970	0.00004	0.00014	0.00011
30	436	A	0.99750	0.00024	0.00167	0.00059
30	437	G	0.00401	0.00054	0.99466	0.00079
30	438	C	0.00325	0.97943	0.00119	0.01613
30	439	G	0.00298	0.00039	0.99606	0.00057
30	440	A	0.81901	0.04401	0.06842	0.06856
30	441	A	0.99243	0.00119	0.00350	0.00289
30	442	C	0.02040	0.83964	0.00210	0.13786
30	443	G	0.00831	0.00136	0.98869	0.00163
30	444	G	0.11471	0.00721	0.86792	0.01016
30	445	A	0.98528	0.00120	0.01072	0.00280
30	446	T	0.00641	0.00422	0.00057	0.98880
30	447	C	0.00009	0.99883	0.00003	0.00104
30	448	C	0.00000	0.99998	0.00000	0.00002
30	449	G	0.00003	0.00000	0.99996	0.00000
30	450	T	0.00001	0.00002	0.00000	0.99997
30	451	T	0.00019	0.00042	0.00008	0.99930
30	452	A	0.99988	0.00004	0.00003	0.00005
30	453	T	0.00804	0.11650	0.00223	0.87322
30	454	C	0.00005	0.99959	0.00005	0.00031
30	455	C	0.00000	0.99995	0.00000	0.00005
30	456	G	0.00004	0.00000	0.99996	0.00000
30	457	C	0.00001	0.99992	0.00000	0.00007
30	458	T	0.00028	0.00755	0.00006	0.99212
30	459	T	0.18953	0.23841	0.15996	0.41210
30	460	T	0.18953	0.23841	0.15996	0.41210
30	461	G	0.20746	0.16717	0.42778	0.19759
30	462	T	0.00184	0.01165	0.00045	0.98606
30	463	A	0.99811	0.00025	0.00102	0.00063
30	464	T	0.03305	0.05495	0.05943	0.85257
30	465	-	0.21692	0.24275	0.25981	0.28051
30	466	G	0.00193	0.00194	0.99526	0.00087
30	467	T	0.00077	0.00272	0.00018	0.99634
30	468	A	0.99955	0.00007	0.00016	0.00022
30	469	C	0.00001	0.99983	0.00000	0.00017
30	470	T	0.00001	0.00002	0.00000	0.99997
30	471	T	0.00124	0.00195	0.00022	0.99658
30	472	C	0.00000	0.99998	0.00000	0.00002
30	473	G	0.00021	0.00002	0.99974	0.00003
30	474	A	0.99513	0.00071	0.00244	0.00172
30	475	G	0.00200	0.00025	0.99738	0.00037
30	476	Y	0.17796	0.39175	0.15646	0.27384
30	477	A	0.37559	0.18850	0.20463	0.23128
30	478	T	0.19064	0.23910	0.16137	0.40889
30	479	A	0.99988	0.00002	0.00006	0.00004
30	480	A	0.99996	0.00000	0.00002	0.00001
30	481	G	0.00194	0.00026	0.99743	0.00037
30	482	C	0.00002	0.99979	0.00001	0.00018
30	483	C	0.00004	0.99956	0.00002	0.00038
30	484	C	0.00084	0.65952	0.00020	0.33944
30	485	A	0.99987	0.00001	0.00011	0.00002
30	486	G	0.00047	0.00005	0.99940	0.00008
30	487	T	0.00001	0.00002	0.00000	0.99997
30	488	A	0.99975	0.00002	0.00019	0.00005
30	489	C	0.01978	0.84555	0.00465	0.13002
30	490	C	0.00000	0.99994	0.00000	0.00006
30	491	A	0.99640	0.00056	0.00162	0.00142
30	492	C	0.00568	0.88583	0.00186	0.10663
30	493	C	0.00095	0.99121	0.00038	0.00747
30	494	T	0.00238	0.00595	0.00050	0.99117
30	495	C	0.00219	0.80357	0.00066	0.19359
30	496	G	0.00275	0.00054	0.99591	0.00080
30	497	G	0.00311	0.00042	0.99584	0.00063
30	498	G	0.07633	0.02821	0.85886	0.03659
30	499	G	0.20837	0.16875	0.42354	0.19934
30	500	Y	0.17796	0.39175	0.15646	0.27384
30	501	A	0.37559	0.18850	0.20463	0.23128
30	502	A	0.37559	0.18850	0.20463	0.23128
30	503	A	0.37559	0.18850	0.20463	0.23128
30	504	Y	0.17796	0.39175	0.15646	0.27384
30	505	T	0.19064	0.23910	0.16137	0.40889
30	506	A	0.37559	0.18850	0.20463	0.23128
30	507	Y	0.17796	0.39175	0.15646	0.27384
30	508	G	0.20837	0.16875	0.42354	0.19934
30	509	Y	0.17796	0.39175	0.15646	0.27384
30	510	Y	0.17796	0.39175	0.15646	0.27384
30	511	Y	0.17796	0.39175	0.15646	0.27384
30	512	Y	0.17796	0.39175	0.15646	0.27384
30	513	Y	0.17796	0.39175	0.15646	0.27384
30	514	A	0.37559	0.18850	0.20463	0.23128
30	515	A	0.99977	0.00003	0.00012	0.00008
30	516	A	0.99760	0.00032	0.00128	0.00081
30	517	T	0.00858	0.01599	0.00445	0.97098
30	518	C	0.00147	0.98352	0.00058	0.01444
30	519	T	0.00219	0.00642	0.00054	0.99085
30	520	T	0.01252	0.01612	0.00320	0.96816
30	521	C	0.00209	0.97862	0.00082	0.01847
30	522	G	0.00950	0.00245	0.98458	0.00348
30	523	A	0.98161	0.00179	0.01238	0.00422
30	524	T	0.00805	0.00812	0.00120	0.98262
30	525	G	0.00146	0.00019	0.99808	0.00027
30	526	G	0.26248	0.09455	0.50845	0.13453
30	527	G	0.22560	0.13498	0.40855	0.23087
30	528	C	0.00230	0.97981	0.00103	0.01686
30	529	G	0.00004	0.00000	0.99995	0.00001
30	530	T	0.00002	0.00007	0.00000	0.99991
30	531	T	0.00013	0.00028	0.00006	0.99953
30	532	G	0.00099	0.00011	0.99874	0.00016
30	533	C	0.00001	0.99993	0.00000	0.00007
30	534	G	0.00022	0.00003	0.99969	0.00006
30	535	C	0.00506	0.99243	0.00020	0.00231
30	536	T	0.00005	0.00019	0.00001	0.99975
30	537	C	0.00006	0.99969	0.00001	0.00024
30	538	A	0.99840	0.00023	0.00078	0.00059
30	539	G	0.00088	0.00013	0.99882	0.00018
30	540	C	0.00001	0.99981	0.00000	0.00017
30	541	A	0.99894	0.00016	0.00051	0.00040
30	542	C	0.00080	0.99355	0.00032	0.00533
30	543	A	0.52915	0.11789	0.17925	0.17370
30	544	-	0.22097	0.25090	0.26864	0.25949
30	545	T	0.00098	0.00334	0.00022	0.99546
30	546	C	0.00510	0.97631	0.00134	0.01724
30	547	A	0.96143	0.00444	0.00452	0.02961
30	548	A	0.99674	0.00104	0.00097	0.00125
30	549	C	0.00000	0.99998	0.00000	0.00002
30	550	C	0.00000	0.99998	0.00000	0.00002
30	551	C	0.00002	0.99979	0.00001	0.00019
30	552	C	0.00290	0.97703	0.00099	0.01907
30	553	A	0.92575	0.00790	0.05181	0.01454
30	554	G	0.00577	0.00059	0.99277	0.00087
30	555	A	0.99080	0.00153	0.00436	0.00332
30	556	G	0.00053	0.00006	0.99932	0.00009
30	557	T	0.00002	0.00008	0.00000	0.99990
30	558	G	0.00024	0.00002	0.99970	0.00004
30	559	T	0.18953	0.23841	0.15996	0.41210
30	560	G	0.20746	0.16717	0.42778	0.19759
30	561	G	0.20746	0.16717	0.42778	0.19759
30	562	G	0.20746	0.16717	0.42778	0.19759
30	563	A	0.37919	0.18713	0.20374	0.22994
30	564	A	0.37919	0.18713	0.20374	0.22994
30	565	A	0.37919	0.18713	0.20374	0.22994
30	566	A	0.37919	0.18713	0.20374	0.22994
30	567	Y	0.17667	0.39529	0.15499	0.27306
30	568	A	0.37919	0.18713	0.20374	0.22994
30	569	Y	0.17667	0.39529	0.15499	0.27306
30	570	G	0.20746	0.16717	0.42778	0.19759
30	571	A	0.37919	0.18713	0.20374	0.22994
30	572	A	0.37919	0.18713	0.20374	0.22994
30	573	Y	0.17667	0.39529	0.15499	0.27306
30	574	T	0.18953	0.23841	0.15996	0.41210
30	575	G	0.20746	0.16717	0.42778	0.19759
30	576	G	0.20746	0.16717	0.42778	0.19759
30	577	T	0.18953	0.23841	0.15996	0.41210
30	578	G	0.03074	0.00980	0.94663	0.01283
30	579	T	0.00002	0.00008	0.00000	0.99990
30	580	A	0.99999	0.00000	0.00001	0.00001
30	581	G	0.00005	0.00000	0.99994	0.00001
30	582	C	0.00113	0.98973	0.00043	0.00871
30	583	T	0.00013	0.00028	0.00006	0.99953
30	584	T	0.00098	0.00905	0.00022	0.98975
30	585	A	0.87162	0.00870	0.09169	0.02798
30	586	G	0.00001	0.00000	0.99999	0.00000
30	587	G	0.00047	0.00004	0.99942	0.00007
30	588	C	0.00553	0.85628	0.00182	0.13637
30	589	T	0.00739	0.11420	0.00212	0.87629
30	590	G	0.00002	0.00000	0.99998	0.00000
30	591	A	0.99998	0.00000	0.00001	0.00001
30	592	T	0.00001	0.00003	0.00000	0.99996
30	593	G	0.00014	0.00001	0.99984	0.00001
30	594	A	0.99902	0.00011	0.00059	0.00028
30	595	G	0.00005	0.00000	0.99993	0.00001
30	596	T	0.00070	0.00220	0.00037	0.99673
30	597	C	0.00000	0.99998	0.00000	0.00002
30	598	T	0.00006	0.00022	0.00001	0.99971
30	599	G	0.00124	0.00024	0.99824	0.00028
30	600	G	0.00013	0.00001	0.99984	0.00002
30	601	A	0.99062	0.00052	0.00763	0.00123
30	602	C	0.00053	0.99535	0.00024	0.00388
30	603	A	0.99694	0.00045	0.00148	0.00112
30	604	T	0.00748	0.12347	0.00220	0.86685
30	605	H	0.22866	0.33908	0.15793	0.27433
30	606	C	0.00076	0.98849	0.00026	0.01049
30	607	C	0.00000	0.99998	0.00000	0.00002
30	608	C	0.00000	0.99998	0.00000	0.00002
30	609	T	0.02417	0.02499	0.00032	0.95052
30	610	C	0.00000	0.99998	0.00000	0.00002
30	611	A	0.99973	0.00004	0.00008	0.00015
30	612	C	0.00005	0.99940	0.00002	0.00053
30	613	C	0.00069	0.99085	0.00035	0.00812
30	614	G	0.00022	0.00002	0.99974	0.00002
30	615	G	0.00001	0.00000	0.99999	0.00000
30	616	T	0.00189	0.16967	0.00049	0.82794
30	617	G	0.00004	0.00000	0.99995	0.00000
30	618	A	0.99999	0.00000	0.00001	0.00000
30	619	C	0.00002	0.99966	0.00001	0.00032
30	620	G	0.00339	0.00021	0.99614	0.00026
30	621	G	0.00238	0.00070	0.99171	0.00520
30	622	T	0.00378	0.00330	0.01402	0.97890
30	623	G	0.00001	0.00000	0.99999	0.00000
30	624	T	0.16107	0.21062	0.10088	0.52743
30	625	G	0.00334	0.00060	0.99522	0.00084
30	626	T	0.00094	0.01010	0.00022	0.98875
30	627	C	0.00002	0.99973	0.00001	0.00024
30	628	C	0.00037	0.99669	0.00014	0.00280
30	629	A	0.99905	0.00013	0.00046	0.00035
30	630	G	0.00001	0.00000	0.99999	0.00000
30	631	G	0.00038	0.00006	0.99950	0.00007
30	632	C	0.00009	0.99925	0.00006	0.00059
30	633	T	0.00039	0.00101	0.00012	0.99848
30	634	G	0.00009	0.00003	0.99986	0.00002
30	635	C	0.00000	0.99995	0.00000	0.00005
30	636	G	0.00012	0.00000	0.99987	0.00001
30	637	T	0.00092	0.00279	0.00021	0.99608
30	638	T	0.00019	0.00031	0.00003	0.99948
30	639	G	0.00037	0.00003	0.99954	0.00005
30	640	G	0.00004	0.00000	0.99995	0.00001
30	641	C	0.00001	0.99992	0.00000	0.00008
30	642	G	0.00131	0.00018	0.99825	0.00026
30	643	G	0.00039	0.00004	0.99952	0.00005
30	644	C	0.00002	0.99973	0.00001	0.00024
30	645	C	0.00002	0.99982	0.00003	0.00012
30	646	T	0.00788	0.01199	0.00156	0.97858
30	647	G	0.11680	0.06918	0.73801	0.07601
30	648	C	0.04687	0.76177	0.02864	0.16272
30	649	C	0.05902	0.66829	0.03663	0.23607
30	650	C	0.12024	0.46129	0.08995	0.32853
30	651	A	0.64143	0.08236	0.14602	0.13019
30	652	C	0.04427	0.79420	0.07277	0.08875
30	653	A	0.99425	0.00092	0.00269	0.00213
30	654	C	0.00003	0.99965	0.00001	0.00031
30	655	C	0.00012	0.99876	0.00004	0.00108
30	656	T	0.00943	0.11318	0.00275	0.87464
30	657	A	0.99267	0.00121	0.00332	0.00280
30	658	-	0.21437	0.23173	0.24360	0.31031
30	659	B	0.18493	0.23486	0.25528	0.32493
30	660	T	0.00647	0.01729	0.00217	0.97406
30	661	G	0.00022	0.00003	0.99969	0.00006
30	662	G	0.00094	0.00013	0.99874	0.00019
30	663	C	0.00383	0.97607	0.00432	0.01578
30	664	T	0.00233	0.01115	0.00063	0.98589
30	665	A	0.99356	0.00105	0.00291	0.00248
30	666	A	0.95480	0.00156	0.04033	0.00331
30	667	C	0.00228	0.98512	0.00105	0.01155
30	668	G	0.12066	0.01439	0.84993	0.01502
30	669	C	0.00084	0.99214	0.00034	0.00668
30	670	C	0.00030	0.99716	0.00012	0.00243
30	671	A	0.98479	0.00246	0.00728	0.00548
30	672	T	0.00050	0.00127	0.00010	0.99814
30	673	G	0.00593	0.00072	0.99228	0.00107
30	674	G	0.00117	0.00016	0.99843	0.00024
30	675	G	0.00029	0.00003	0.99964	0.00005
30	676	A	0.99903	0.00018	0.00039	0.00040
30	677	C	0.00026	0.99780	0.00010	0.00185
30	678	G	0.00001	0.00000	0.99999	0.00000
30	679	C	0.00005	0.99931	0.00002	0.00062
30	680	T	0.00047	0.00560	0.00010	0.99383
30	681	C	0.10994	0.50130	0.06582	0.32294
30	682	A	0.99162	0.00130	0.00342	0.00366
30	683	G	0.00881	0.00125	0.98794	0.00199
30	684	T	0.00203	0.00594	0.00050	0.99152
30	685	T	0.00169	0.00556	0.00040	0.99234
30	686	G	0.00880	0.00065	0.98953	0.00102
30	687	T	0.00650	0.01583	0.00146	0.97621
30	688	G	0.00472	0.00056	0.99386	0.00086
30	689	A	0.99640	0.00016	0.00299	0.00045
30	690	A	0.99967	0.00004	0.00016	0.00012
30	691	C	0.00005	0.99942	0.00002	0.00051
30	692	A	0.99953	0.00010	0.00017	0.00021
30	693	A	0.99064	0.00150	0.00384	0.00403
30	694	G	0.00037	0.00004	0.99954	0.00006
30	695	G	0.00013	0.00003	0.99980	0.00003
30	696	T	0.00003	0.00011	0.00000	0.99986
30	697	A	0.71041	0.07441	0.10640	0.10877
30	698	A	0.71041	0.07441	0.10640	0.10877
30	699	D	0.23786	0.20160	0.32939	0.23115
30	700	T	0.11837	0.18935	0.08040	0.61187
30	701	W	0.35538	0.18105	0.22976	0.23380
30	702	G	0.00002	0.00000	0.99998	0.00000
30	703	T	0.00462	0.07478	0.00137	0.91923
30	704	G	0.00033	0.00004	0.99958	0.00005
30	705	A	0.99999	0.00000	0.00001	0.00000
30	706	A	0.99996	0.00000	0.00002	0.00001
30	707	G	0.00003	0.00000	0.99996	0.00000
30	708	A	0.99946	0.00008	0.00026	0.00021
30	709	G	0.00011	0.00001	0.99985	0.00002
30	710	C	0.00022	0.99792	0.00009	0.00178
30	711	C	0.00001	0.99993	0.00000	0.00006
30	712	T	0.00039	0.00125	0.00009	0.99827
30	713	A	0.99937	0.00009	0.00030	0.00024
30	714	T	0.00201	0.00665	0.00050	0.99084
30	715	T	0.00001	0.00006	0.00000	0.99992
30	716	G	0.00001	0.00000	0.99999	0.00000
30	717	A	0.99806	0.00028	0.00070	0.00096
30	718	G	0.00001	0.00000	0.99999	0.00000
30	719	C	0.00000	0.99998	0.00000	0.00002
30	720	T	0.00001	0.00002	0.00000	0.99997
30	721	-	0.20556	0.26955	0.22840	0.29649
30	722	C	0.11833	0.52479	0.08975	0.26713
30	723	A	0.99861	0.00020	0.00067	0.00052
30	724	C	0.00437	0.97367	0.00383	0.01813
30	725	A	0.85450	0.07381	0.02635	0.04534
30	726	T	0.00093	0.00297	0.00022	0.99587
30	727	A	0.79663	0.00316	0.19403	0.00618
30	728	A	0.99283	0.00036	0.00595	0.00086
30	729	G	0.00175	0.00033	0.99677	0.00115
30	730	A	0.99911	0.00013	0.00042	0.00034
30	731	A	0.80484	0.00357	0.18428	0.00731
30	732	T	0.00009	0.00030	0.00002	0.99959
30	733	C	0.00001	0.99993	0.00000	0.00006
30	734	C	0.00004	0.99965	0.00001	0.00030
30	735	T	0.00004	0.00012	0.00001	0.99984
30	736	C	0.00001	0.99983	0.00000	0.00017
30	737	C	0.00002	0.99968	0.00001	0.00029
30	738	G	0.00004	0.00000	0.99995	0.00001
30	739	G	0.00003	0.00000	0.99996	0.00000
30	740	C	0.00013	0.99903	0.00004	0.00079
30	741	C	0.00001	0.99989	0.00000	0.00010
30	742	Y	0.11056	0.40747	0.04510	0.43686
30	743	C	0.00002	0.99982	0.00003	0.00012
30	744	C	0.00001	0.99990	0.00000	0.00009
30	745	T	0.00001	0.00002	0.00000	0.99997
30	746	G	0.00001	0.00000	0.99999	0.00000
30	747	A	0.99999	0.00000	0.00001	0.00000
30	748	A	0.99999	0.00000	0.00001	0.00000
30	749	T	0.00009	0.00008	0.00001	0.99982
30	750	G	0.00012	0.00000	0.99987	0.00001
30	751	C	0.00001	0.99993	0.00000	0.00006
30	752	G	0.00022	0.00002	0.99974	0.00002
30	753	G	0.00001	0.00000	0.99999	0.00000
30	754	T	0.18953	0.23841	0.15996	0.41210
30	755	Y	0.17667	0.39529	0.15499	0.27306
30	756	C	0.00000	0.99993	0.00000	0.00006
30	757	T	0.00001	0.00002	0.00000	0.99997
30	758	A	0.99999	0.00000	0.00001	0.00000
30	759	A	0.99987	0.00001	0.00011	0.00002
30	760	T	0.00007	0.00031	0.00001	0.99960
30	761	C	0.00002	0.99982	0.00003	0.00012
30	762	C	0.00018	0.99851	0.00010	0.00122
30	763	C	0.00063	0.98950	0.00026	0.00960
30	764	A	0.99999	0.00000	0.00001	0.00000
30	765	A	0.99987	0.00001	0.00011	0.00002
30	766	C	0.00005	0.99983	0.00001	0.00012
30	767	C	0.00002	0.99978	0.00001	0.00020
30	768	T	0.05662	0.04653	0.00265	0.89420
30	769	C	0.00017	0.99860	0.00006	0.00116
30	770	G	0.00053	0.00005	0.99934	0.00008
30	771	G	0.00029	0.00003	0.99963	0.00005
30	772	A	0.99977	0.00001	0.00018	0.00004
30	773	G	0.00012	0.00000	0.99987	0.00001
30	774	C	0.00002	0.99966	0.00001	0.00032
30	775	A	0.99454	0.00081	0.00270	0.00196
30	776	G	0.13715	0.00992	0.83213	0.02080
30	777	G	0.15985	0.00598	0.82412	0.01004
30	778	T	0.00076	0.00324	0.00017	0.99583
30	779	G	0.00101	0.00011	0.99871	0.00017
30	780	G	0.00825	0.08845	0.89537	0.00793
30	781	T	0.00523	0.01812	0.00131	0.97533
30	782	C	0.00070	0.99393	0.00027	0.00510
30	783	A	0.99291	0.00072	0.00464	0.00174
30	784	C	0.00018	0.99848	0.00010	0.00124
30	785	A	0.99928	0.00011	0.00028	0.00033
30	786	A	0.99999	0.00000	0.00001	0.00000
30	787	A	0.82544	0.02231	0.01186	0.14040
30	788	C	0.00000	0.99998	0.00000	0.00002
30	789	C	0.00000	0.99998	0.00000	0.00002
30	790	A	0.99953	0.00004	0.00032	0.00011
30	791	G	0.00021	0.00002	0.99974	0.00003
30	792	T	0.00113	0.00557	0.00026	0.99304
30	793	G	0.00231	0.00030	0.99695	0.00044
30	794	A	0.98257	0.00205	0.01054	0.00484
30	795	T	0.03265	0.02223	0.17069	0.77444
30	796	T	0.00070	0.00258	0.00016	0.99655
30	797	G	0.00454	0.00027	0.99475	0.00044
30	798	G	0.00071	0.00009	0.99907	0.00013
30	799	C	0.00897	0.82885	0.00394	0.15825
30	800	C	0.01747	0.84406	0.00506	0.13341
30	801	T	0.00221	0.00693	0.00055	0.99031
30	802	G	0.00005	0.00001	0.99993	0.00001
30	803	T	0.00003	0.00008	0.00001	0.99988
30	804	C	0.00002	0.99975	0.00001	0.00021
30	805	G	0.00005	0.00000	0.99993	0.00001
30	806	T	0.00001	0.00003	0.00000	0.99996
30	807	A	0.99998	0.00000	0.00001	0.00001
30	808	A	0.99998	0.00000	0.00001	0.00001
30	809	C	0.00173	0.86418	0.00048	0.13361
30	810	G	0.00026	0.00002	0.99969	0.00003
30	811	C	0.00028	0.99760	0.00011	0.00201
30	812	G	0.00002	0.00000	0.99998	0.00000
30	813	C	0.00139	0.98366	0.00053	0.01441
30	814	A	0.99987	0.00001	0.00011	0.00002
30	815	A	0.99999	0.00000	0.00001	0.00000
30	816	G	0.00147	0.00021	0.99803	0.00030
30	817	T	0.00013	0.00016	0.00001	0.99970
30	818	C	0.00010	0.99889	0.00004	0.00098
30	819	C	0.00519	0.81898	0.00165	0.17417
30	820	G	0.00009	0.00001	0.99989	0.00001
30	821	T	0.00187	0.00308	0.00247	0.99258
30	822	G	0.00022	0.00003	0.99971	0.00004
30	823	G	0.00276	0.00024	0.99664	0.00036
30	824	C	0.00010	0.99884	0.00003	0.00103
30	825	G	0.00001	0.00000	0.99999	0.00000
30	826	G	0.00001	0.00000	0.99999	0.00000
30	827	A	0.99982	0.00002	0.00009	0.00006
30	828	A	0.99988	0.00001	0.00002	0.00008
30	829	C	0.00000	0.99998	0.00000	0.00002
30	830	C	0.00002	0.99963	0.00001	0.00034
30	831	G	0.00004	0.00000	0.99996	0.00000
30	832	A	0.99999	0.00000	0.00001	0.00000
30	833	C	0.00000	0.99998	0.00000	0.00002
30	834	T	0.00002	0.00006	0.00000	0.99991
30	835	A	0.99995	0.00001	0.00002	0.00002
30	836	C	0.00001	0.99993	0.00000	0.00006
30	837	T	0.00002	0.00006	0.00000	0.99991
30	838	T	0.00001	0.00002	0.00000	0.99997
30	839	T	0.00001	0.00002	0.00000	0.99997
30	840	G	0.00004	0.00000	0.99995	0.00001
30	841	G	0.00001	0.00000	0.99999	0.00000
30	842	G	0.00003	0.00000	0.99996	0.00000
30	843	T	0.00038	0.00096	0.00012	0.99853
30	844	G	0.00034	0.00003	0.99959	0.00004
30	845	G	0.10097	0.12996	0.67460	0.09447
30	846	T	0.00015	0.00021	0.00002	0.99962
30	847	C	0.00006	0.99955	0.00005	0.00034
30	848	C	0.00000	0.99995	0.00000	0.00005
30	849	G	0.00001	0.00000	0.99999	0.00000
30	850	T	0.00006	0.00010	0.00004	0.99980
30	851	G	0.00001	0.00000	0.99999	0.00000
30	852	T	0.00001	0.00002	0.00000	0.99997
30	853	T	0.00002	0.00019	0.00000	0.99979
30	854	T	0.00001	0.00002	0.00000	0.99997
30	855	C	0.00002	0.99982	0.00003	0.00012
30	856	C	0.00012	0.99866	0.00005	0.00117
30	857	T	0.00005	0.00021	0.00001	0.99973
30	858	T	0.00564	0.01055	0.00383	0.97997
30	859	T	0.00004	0.00014	0.00001	0.99981
30	860	T	0.00104	0.00325	0.00025	0.99546
30	861	A	0.99444	0.00059	0.00092	0.00405
30	862	T	0.00024	0.00077	0.00005	0.99893
30	863	T	0.00029	0.00088	0.00006	0.99877
30	864	T	0.00140	0.01079	0.00034	0.98747
30	865	T	0.00350	0.01277	0.00087	0.98286
30	866	A	0.79445	0.00396	0.00188	0.19971
30	867	T	0.16120	0.01911	0.00829	0.81141
30	868	T	0.00165	0.00519	0.00039	0.99277
30	869	G	0.04699	0.02326	0.79950	0.13024
30	870	T	0.07047	0.02686	0.00662	0.89606
30	871	K	0.18523	0.18650	0.26644	0.36183
30	872	T	0.28219	0.18474	0.12174	0.41132
30	873	T	0.01528	0.02833	0.00709	0.94929
30	874	G	0.00104	0.00012	0.99866	0.00018
30	875	G	0.00168	0.00022	0.99778	0.00032
30	876	C	0.00079	0.99287	0.00032	0.00602
30	877	T	0.00078	0.00200	0.00015	0.99707
30	878	G	0.00407	0.00056	0.99455	0.00082
30	879	C	0.00006	0.99940	0.00002	0.00052
30	880	T	0.00001	0.00003	0.00000	0.99996
30	881	T	0.00001	0.00003	0.00000	0.99996
30	882	A	0.99998	0.00000	0.00001	0.00001
30	883	T	0.00002	0.00022	0.00000	0.99975
30	884	G	0.00014	0.00001	0.99984	0.00001
30	885	G	0.00002	0.00000	0.99998	0.00000
30	886	T	0.00011	0.00011	0.00001	0.99977
30	887	G	0.00030	0.00006	0.99958	0.00007
30	888	A	0.99983	0.00001	0.00013	0.00003
30	889	C	0.00000	0.99997	0.00000	0.00003
30	890	A	0.99983	0.00005	0.00005	0.00007
30	891	A	0.99980	0.00003	0.00010	0.00007
30	892	T	0.00056	0.00212	0.00012	0.99720
30	893	C	0.00075	0.98839	0.00028	0.01058
30	894	G	0.17989	0.11171	0.57172	0.13668
30	895	Y	0.19480	0.31289	0.16078	0.33153
30	896	T	0.14500	0.21220	0.10197	0.54083
30	897	G	0.11781	0.06143	0.74415	0.07660
30	898	A	0.45795	0.14684	0.15689	0.23832
30	899	G	0.18570	0.11859	0.55098	0.14473
30	900	A	0.71041	0.07441	0.10640	0.10877
30	901	T	0.14220	0.21057	0.09904	0.54818
30	902	T	0.08908	0.14265	0.05442	0.71386
30	903	T	0.14539	0.21205	0.10188	0.54067
30	904	G	0.18570	0.11859	0.55098	0.14473
30	905	T	0.18593	0.25927	0.14573	0.40907
30	906	G	0.11781	0.06143	0.74415	0.07660
30	907	A	0.52234	0.13190	0.16866	0.17711
30	908	W	0.34537	0.19506	0.21176	0.24781
30	909	Y	0.20102	0.28673	0.16555	0.34670
30	910	T	0.08908	0.14265	0.05442	0.71386
30	911	H	0.22786	0.25345	0.17952	0.33917
30	912	G	0.10836	0.05161	0.77250	0.06752
30	913	A	0.81175	0.01610	0.00789	0.16426
30	914	C	0.05086	0.78981	0.10747	0.05185
30	915	A	0.99743	0.00037	0.00127	0.00093
30	916	G	0.00823	0.00139	0.98833	0.00205
30	917	A	0.98025	0.00228	0.01222	0.00525
30	918	T	0.00016	0.00053	0.00004	0.99927
30	919	T	0.00017	0.00056	0.00004	0.99923
30	920	G	0.00237	0.00032	0.99685	0.00046
30	921	T	0.00017	0.00059	0.00004	0.99921
30	922	T	0.00059	0.00231	0.00013	0.99697
30	923	A	0.99523	0.00073	0.00223	0.00180
30	924	T	0.00303	0.01390	0.00077	0.98230
30	925	C	0.00006	0.99920	0.00002	0.00073
30	926	A	0.99930	0.00009	0.00038	0.00023
30	927	T	0.00032	0.00069	0.00006	0.99893
30	928	A	0.99998	0.00000	0.00001	0.00001
30	929	A	0.84680	0.00691	0.00374	0.14254
30	930	A	0.99994	0.00001	0.00003	0.00002
30	931	G	0.00193	0.00025	0.99746	0.00036
30	932	C	0.00157	0.98535	0.00063	0.01244
30	933	G	0.01801	0.01133	0.82584	0.14482
30	934	A	0.99471	0.00087	0.00232	0.00210
30	935	A	0.88300	0.05960	0.01570	0.04170
30	936	T	0.00088	0.00296	0.00020	0.99596
30	937	T	0.00011	0.00011	0.00001	0.99977
30	938	G	0.14980	0.08935	0.65110	0.10974
30	939	A	0.58425	0.11421	0.14712	0.15442
30	940	G	0.00111	0.00015	0.99852	0.00022
30	941	G	0.00178	0.00023	0.99766	0.00034
30	942	A	0.99842	0.00025	0.00069	0.00065
30	943	T	0.00053	0.00200	0.00012	0.99735
30	944	T	0.00003	0.00012	0.00001	0.99984
30	945	G	0.02970	0.00059	0.96870	0.00100
30	946	G	0.00291	0.00039	0.99612	0.00057
30	947	C	0.00018	0.99813	0.00007	0.00163
30	948	C	0.00005	0.99937	0.00002	0.00056
30	949	A	0.99870	0.00018	0.00064	0.00047
30	950	T	0.00409	0.01173	0.00111	0.98307
30	951	C	0.00017	0.99850	0.00009	0.00124
30	952	C	0.00048	0.99542	0.00019	0.00391
30	953	G	0.00035	0.00003	0.99958	0.00005
30	954	G	0.00040	0.00007	0.99945	0.00009
30	955	T	0.00137	0.00424	0.00031	0.99408
30	956	G	0.00038	0.00005	0.99951	0.00007
30	957	A	0.99856	0.00019	0.00078	0.00047
30	958	A	0.85923	0.02226	0.01172	0.10678
30	959	A	0.99774	0.00032	0.00118	0.00077
30	960	G	0.01831	0.00832	0.93869	0.03468
30	961	T	0.00571	0.10983	0.00170	0.88276
30	962	G	0.03546	0.02423	0.77992	0.16039
30	963	A	0.90690	0.01202	0.00946	0.07162
30	964	G	0.00283	0.00049	0.99592	0.00077
30	965	A	0.99126	0.00173	0.00358	0.00343
30	966	C	0.10826	0.86489	0.00444	0.02241
30	967	T	0.11856	0.02715	0.01197	0.84232
30	968	C	0.00149	0.70706	0.00039	0.29105
30	969	A	0.75832	0.01299	0.00633	0.22237
30	970	T	0.00084	0.00289	0.00020	0.99606
30	971	T	0.00276	0.00880	0.00081	0.98763
30	972	A	0.91712	0.00331	0.06953	0.01005
30	973	T	0.00741	0.11052	0.00220	0.87988
30	974	C	0.06612	0.89825	0.00857	0.02706
30	975	T	0.00477	0.00965	0.00127	0.98430
30	976	A	0.99943	0.00009	0.00027	0.00021
30	977	T	0.06875	0.01818	0.00714	0.90592
