18
rf_1_NC_003976_ 0.0000000 4.3323748 3.9400092 6.5380619 6.5561925 7.3241600 6.4452229 6.5377085 6.0929788 6.6052764 6.5562248 6.1146248 6.1274327 6.1873483 8.2540826 8.0729103 6.9573712 7.0809490 
rf_1_NC_024767_ 4.3323748 0.0000000 2.1346416 8.9999990 8.8525373 8.7669793 7.6041255 7.1542449 7.8732883 8.1433261 8.1040394 8.1473486 8.4007263 8.3153873 8.9999990 8.9999987 8.9999980 8.9999986 
rf_1_NC_024766_ 3.9400092 2.1346416 0.0000000 6.7289043 7.9394521 8.7358692 7.3201889 7.0594231 6.8977360 7.1597838 6.9812424 6.6846018 6.4164253 6.4159676 8.4881598 8.7543818 8.5816780 8.8221758 
rf_1_NC_018668_ 6.5380619 8.9999990 6.7289043 0.0000000 2.8261402 3.7894443 3.5553363 3.8774030 3.9402208 3.9462739 3.3352203 3.8247743 3.6768862 3.6149766 6.4520593 5.1567081 5.1702072 5.1307520 
rf_1_NC_003983_ 6.5561925 8.8525373 7.9394521 2.8261402 0.0000000 3.6638559 3.3714573 3.1230097 3.1860083 3.2964707 2.4652444 2.7444397 2.9247681 2.9264981 6.1760415 5.1132908 4.7692092 4.9123502 
rf_1_NC_010354_ 7.3241600 8.7669793 8.7358692 3.7894443 3.6638559 0.0000000 2.5052937 2.5243083 2.3926334 2.5500707 2.4686117 2.5227805 2.6678653 2.6810678 5.3820453 4.3150680 4.5235691 4.3541587 
rf_1_NC_012802_ 6.4452229 7.6041255 7.3201889 3.5553363 3.3714573 2.5052937 0.0000000 0.4085218 0.6668876 0.6900790 2.3988396 2.3527466 2.2777426 2.2781220 4.8579263 4.8666460 4.3677425 4.2251576 
rf_1_NC_012798_ 6.5377085 7.1542449 7.0594231 3.8774030 3.1230097 2.5243083 0.4085218 0.0000000 0.7603435 0.7106350 2.5154204 2.4497527 2.5427530 2.5343047 4.6879380 4.9628282 4.7954172 4.5046754 
rf_1_NC_012801_ 6.0929788 7.8732883 6.8977360 3.9402208 3.1860083 2.3926334 0.6668876 0.7603435 0.0000000 0.6164579 2.4119663 2.4465960 2.2013950 2.1726552 4.5164107 4.4254142 4.3721549 4.1716409 
rf_1_NC_012800_ 6.6052764 8.1433261 7.1597838 3.9462739 3.2964707 2.5500707 0.6900790 0.7106350 0.6164579 0.0000000 2.2087030 2.1120583 2.1456883 2.1156048 4.6472045 4.2728480 4.5578610 4.2973965 
rf_1_NC_001479_ 6.5562248 8.1040394 6.9812424 3.3352203 2.4652444 2.4686117 2.3988396 2.5154204 2.4119663 2.2087030 0.0000000 0.9096642 1.0235224 1.0193864 5.6206452 4.7388641 4.2115637 4.2206896 
rf_1_NC_001366_ 6.1146248 8.1473486 6.6846018 3.8247743 2.7444397 2.5227805 2.3527466 2.4497527 2.4465960 2.1120583 0.9096642 0.0000000 0.4365508 0.4403506 5.5424187 5.1447668 4.3235314 4.2380792 
rf_1_NC_010810_ 6.1274327 8.4007263 6.4164253 3.6768862 2.9247681 2.6678653 2.2777426 2.5427530 2.2013950 2.1456883 1.0235224 0.4365508 0.0000000 0.0149643 5.6266023 4.6784639 3.9206126 3.8891130 
rf_1_NC_009448_ 6.1873483 8.3153873 6.4159676 3.6149766 2.9264981 2.6810678 2.2781220 2.5343047 2.1726552 2.1156048 1.0193864 0.4403506 0.0149643 0.0000000 5.6093549 4.6858834 3.9148920 3.8834749 
rf_1_NC_021178_ 8.2540826 8.9999990 8.4881598 6.4520593 6.1760415 5.3820453 4.8579263 4.6879380 4.5164107 4.6472045 5.6206452 5.5424187 5.6266023 5.6093549 0.0000000 3.5892839 3.7919900 3.5652463 
rf_1_NC_024770_ 8.0729103 8.9999987 8.7543818 5.1567081 5.1132908 4.3150680 4.8666460 4.9628282 4.4254142 4.2728480 4.7388641 5.1447668 4.6784639 4.6858834 3.5892839 0.0000000 1.4143516 1.3817676 
rf_1_NC_028380_ 6.9573712 8.9999980 8.5816780 5.1702072 4.7692092 4.5235691 4.3677425 4.7954172 4.3721549 4.5578610 4.2115637 4.3235314 3.9206126 3.9148920 3.7919900 1.4143516 0.0000000 0.1153798 
rf_1_NC_023861_ 7.0809490 8.9999986 8.8221758 5.1307520 4.9123502 4.3541587 4.2251576 4.5046754 4.1716409 4.2973965 4.2206896 4.2380792 3.8891130 3.8834749 3.5652463 1.3817676 0.1153798 0.0000000 
