18
rf_1_NC_003976_ 0.0000000 1.1327197 2.4256803 3.1639661 4.7851911 5.5575263 3.5414953 3.6726403 3.4892896 3.6689664 4.2758650 3.8283636 3.9363316 3.9241443 4.1063516 4.1006229 3.9516782 4.1743620 
rf_1_NC_024767_ 1.1327197 0.0000000 0.9681483 3.5919662 4.4094182 5.1949271 2.7618571 3.0438764 3.2238722 3.5033664 4.5517635 4.4706037 4.4060584 4.4219535 4.0486874 3.6399971 5.4851736 5.0960450 
rf_1_NC_024766_ 2.4256803 0.9681483 0.0000000 3.1035414 3.8559239 4.6051684 2.7861680 4.0100562 3.5406623 3.5969470 4.1956280 4.4977312 4.1109555 4.1201387 5.3475677 4.3780663 4.3440997 4.0544290 
rf_1_NC_018668_ 3.1639661 3.5919662 3.1035414 0.0000000 2.2238045 2.6370537 2.4728715 2.9697905 3.1158745 3.0734745 2.4034745 2.5899018 2.8025095 2.7708386 3.1132690 2.5061757 3.3759561 3.3448355 
rf_1_NC_003983_ 4.7851911 4.4094182 3.8559239 2.2238045 0.0000000 3.5508185 3.1125259 3.1703327 3.2223724 3.3426008 2.1439124 2.6121793 2.7138588 2.7095089 4.0176982 2.9468561 4.0021144 4.1200997 
rf_1_NC_010354_ 5.5575263 5.1949271 4.6051684 2.6370537 3.5508185 0.0000000 2.4064059 2.5405635 2.3906456 2.5577181 2.2119894 2.3909188 2.5584623 2.5808548 3.9711613 2.9470949 4.0854819 3.7513774 
rf_1_NC_012802_ 3.5414953 2.7618571 2.7861680 2.4728715 3.1125259 2.4064059 0.0000000 0.4185320 0.5908166 0.6635976 1.9977432 2.1499069 1.9883870 2.0057610 2.8425762 3.0626717 3.9886359 3.6612919 
rf_1_NC_012798_ 3.6726403 3.0438764 4.0100562 2.9697905 3.1703327 2.5405635 0.4185320 0.0000000 0.7375388 0.6933566 2.2391732 2.4338883 2.5101971 2.4924567 3.1672003 3.0425989 4.6865129 4.2049693 
rf_1_NC_012801_ 3.4892896 3.2238722 3.5406623 3.1158745 3.2223724 2.3906456 0.5908166 0.7375388 0.0000000 0.5605794 2.1746101 2.2212643 1.9910503 1.9668047 2.8962378 2.8499869 4.3821208 3.9697446 
rf_1_NC_012800_ 3.6689664 3.5033664 3.5969470 3.0734745 3.3426008 2.5577181 0.6635976 0.6933566 0.5605794 0.0000000 1.9468149 2.0476002 1.9949016 1.9858033 2.9059996 2.7058695 4.3695612 4.0125126 
rf_1_NC_001479_ 4.2758650 4.5517635 4.1956280 2.4034745 2.1439124 2.2119894 1.9977432 2.2391732 2.1746101 1.9468149 0.0000000 0.7498268 0.8667846 0.8680369 3.1888713 3.0657586 3.3145611 3.2934320 
rf_1_NC_001366_ 3.8283636 4.4706037 4.4977312 2.5899018 2.6121793 2.3909188 2.1499069 2.4338883 2.2212643 2.0476002 0.7498268 0.0000000 0.3970837 0.3959748 3.4784217 3.6735503 3.7236312 3.5180147 
rf_1_NC_010810_ 3.9363316 4.4060584 4.1109555 2.8025095 2.7138588 2.5584623 1.9883870 2.5101971 1.9910503 1.9949016 0.8667846 0.3970837 0.0000000 0.0111410 3.3934457 3.0252000 3.4061430 3.2376614 
rf_1_NC_009448_ 3.9241443 4.4219535 4.1201387 2.7708386 2.7095089 2.5808548 2.0057610 2.4924567 1.9668047 1.9858033 0.8680369 0.3959748 0.0111410 0.0000000 3.3842579 3.0204223 3.4032783 3.2348777 
rf_1_NC_021178_ 4.1063516 4.0486874 5.3475677 3.1132690 4.0176982 3.9711613 2.8425762 3.1672003 2.8962378 2.9059996 3.1888713 3.4784217 3.3934457 3.3842579 0.0000000 2.0956917 2.2786028 2.1737542 
rf_1_NC_024770_ 4.1006229 3.6399971 4.3780663 2.5061757 2.9468561 2.9470949 3.0626717 3.0425989 2.8499869 2.7058695 3.0657586 3.6735503 3.0252000 3.0204223 2.0956917 0.0000000 1.0821593 1.0703812 
rf_1_NC_028380_ 3.9516782 5.4851736 4.3440997 3.3759561 4.0021144 4.0854819 3.9886359 4.6865129 4.3821208 4.3695612 3.3145611 3.7236312 3.4061430 3.4032783 2.2786028 1.0821593 0.0000000 0.0917260 
rf_1_NC_023861_ 4.1743620 5.0960450 4.0544290 3.3448355 4.1200997 3.7513774 3.6612919 4.2049693 3.9697446 4.0125126 3.2934320 3.5180147 3.2376614 3.2348777 2.1737542 1.0703812 0.0917260 0.0000000 
