16
rf_1_NC_001617_ 0.0000000 1.4668254 1.5656799 1.6018432 1.7699774 1.7876804 1.4040927 1.5578495 1.5077198 1.4032594 1.2634437 1.2805619 1.3409823 1.5571671 1.2949588 1.3329660 
rf_1_NC_009996_ 1.4668254 0.0000000 1.2823685 1.6510100 1.9688739 1.9698027 1.7021770 1.5117626 1.7613987 1.8997143 1.6388853 1.7019224 1.7225894 1.7920105 1.6638510 1.6782171 
rf_1_NC_001490_ 1.5656799 1.2823685 0.0000000 1.2587434 1.3743212 1.3805324 1.4658863 1.1980595 1.0626287 0.9995001 1.0147494 1.0218522 1.3178637 1.4136561 1.2594559 1.2824943 
rf_1_NC_029905_ 1.6018432 1.6510100 1.2587434 0.0000000 1.5136830 1.5688505 1.3385279 1.0898074 1.2335405 1.1810916 1.1916375 1.0317202 1.3026565 1.5466465 1.2755036 1.2776298 
rf_1_NC_001612_ 1.7699774 1.9688739 1.3743212 1.5136830 0.0000000 0.0277082 1.5550641 1.2838029 0.9911579 1.0652673 1.0092484 1.0723512 1.2334936 1.4537345 1.3031829 1.2910239 
rf_1_NC_030454_ 1.7876804 1.9698027 1.3805324 1.5688505 0.0277082 0.0000000 1.5483853 1.2967073 1.0013612 1.0824414 1.0458343 1.0997349 1.2039628 1.4542312 1.3030964 1.2908262 
rf_1_NC_003988_ 1.4040927 1.7021770 1.4658863 1.3385279 1.5550641 1.5483853 0.0000000 1.0556330 0.8969241 0.8237532 0.6833720 0.7848185 1.0852840 1.1627526 1.1252362 1.1431303 
rf_1_NC_001430_ 1.5578495 1.5117626 1.1980595 1.0898074 1.2838029 1.2967073 1.0556330 0.0000000 0.5872069 0.6046503 0.6255981 0.6941867 1.1451995 1.2643125 1.0242183 1.0512650 
rf_1_NC_002058_ 1.5077198 1.7613987 1.0626287 1.2335405 0.9911579 1.0013612 0.8969241 0.5872069 0.0000000 0.6168446 0.4894887 0.5472569 0.8436328 1.0213345 0.9611668 0.9750672 
rf_1_NC_001472_ 1.4032594 1.8997143 0.9995001 1.1810916 1.0652673 1.0824414 0.8237532 0.6046503 0.6168446 0.0000000 0.3015283 0.3991579 0.8743654 0.9751894 0.8887931 0.8878055 
rf_1_NC_013695_ 1.2634437 1.6388853 1.0147494 1.1916375 1.0092484 1.0458343 0.6833720 0.6255981 0.4894887 0.3015283 0.0000000 0.1962948 0.7266676 0.9264701 0.8336355 0.8113353 
rf_1_NC_010415_ 1.2805619 1.7019224 1.0218522 1.0317202 1.0723512 1.0997349 0.7848185 0.6941867 0.5472569 0.3991579 0.1962948 0.0000000 0.8145858 0.8801107 0.7928862 0.7668719 
rf_1_NC_034267_ 1.3409823 1.7225894 1.3178637 1.3026565 1.2334936 1.2039628 1.0852840 1.1451995 0.8436328 0.8743654 0.7266676 0.8145858 0.0000000 0.6934896 0.7260586 0.6834680 
rf_1_NC_001859_ 1.5571671 1.7920105 1.4136561 1.5466465 1.4537345 1.4542312 1.1627526 1.2643125 1.0213345 0.9751894 0.9264701 0.8801107 0.6934896 0.0000000 0.3364396 0.3027248 
rf_1_NC_008714_ 1.2949588 1.6638510 1.2594559 1.2755036 1.3031829 1.3030964 1.1252362 1.0242183 0.9611668 0.8887931 0.8336355 0.7928862 0.7260586 0.3364396 0.0000000 0.0568476 
rf_1_NC_021220_ 1.3329660 1.6782171 1.2824943 1.2776298 1.2910239 1.2908262 1.1431303 1.0512650 0.9750672 0.8878055 0.8113353 0.7668719 0.6834680 0.3027248 0.0568476 0.0000000 
