16
rf_1_NC_001617_ 0.0000000 1.5893051 1.7355807 1.8509388 2.0594830 2.0787813 1.6247132 1.7493661 1.7408575 1.6437648 1.4997711 1.5162566 1.5841303 1.8281497 1.5529793 1.6171103 
rf_1_NC_009996_ 1.5893051 0.0000000 1.3481963 1.9390114 1.9761493 1.9772190 1.8989692 1.5186130 1.7692073 1.9072519 1.6472076 1.7106230 1.7288779 1.8007421 1.6713284 1.6853344 
rf_1_NC_001490_ 1.7355807 1.3481963 0.0000000 1.4628198 1.6221166 1.6304108 1.7009970 1.2917697 1.2439717 1.1490448 1.1846885 1.1939846 1.5058292 1.5865183 1.4348534 1.4580068 
rf_1_NC_029905_ 1.8509388 1.9390114 1.4628198 0.0000000 1.6502178 1.7071461 1.6122981 1.1684206 1.3731904 1.3511793 1.3723301 1.1928142 1.5010790 1.7535722 1.4712638 1.4616446 
rf_1_NC_001612_ 2.0594830 1.9761493 1.6221166 1.6502178 0.0000000 0.0277300 1.8320183 1.2888524 0.9941238 1.0696057 1.0125046 1.0759253 1.2377570 1.4585409 1.3076349 1.2951516 
rf_1_NC_030454_ 2.0787813 1.9772190 1.6304108 1.7071461 0.0277300 0.0000000 1.8229223 1.3019829 1.0045115 1.0870531 1.0489414 1.1031368 1.2079700 1.4597998 1.3077160 1.2951107 
rf_1_NC_003988_ 1.6247132 1.8989692 1.7009970 1.6122981 1.8320183 1.8229223 0.0000000 1.1657526 1.0495655 0.9406010 0.8259392 0.9403820 1.2576281 1.3200978 1.2936613 1.2965006 
rf_1_NC_001430_ 1.7493661 1.5186130 1.2917697 1.1684206 1.2888524 1.3019829 1.1657526 0.0000000 0.5892618 0.6069551 0.6278730 0.6964346 1.1484772 1.2669126 1.0271512 1.0539354 
rf_1_NC_002058_ 1.7408575 1.7692073 1.2439717 1.3731904 0.9941238 1.0045115 1.0495655 0.5892618 0.0000000 0.6192445 0.4911030 0.5492168 0.8461391 1.0248980 0.9644950 0.9781601 
rf_1_NC_001472_ 1.6437648 1.9072519 1.1490448 1.3511793 1.0696057 1.0870531 0.9406010 0.6069551 0.6192445 0.0000000 0.3024788 0.4006166 0.8777320 0.9779735 0.8919694 0.8907594 
rf_1_NC_013695_ 1.4997711 1.6472076 1.1846885 1.3723301 1.0125046 1.0489414 0.8259392 0.6278730 0.4911030 0.3024788 0.0000000 0.1968650 0.7290324 0.9293228 0.8365011 0.8140926 
rf_1_NC_010415_ 1.5162566 1.7106230 1.1939846 1.1928142 1.0759253 1.1031368 0.9403820 0.6964346 0.5492168 0.4006166 0.1968650 0.0000000 0.8175086 0.8831118 0.7959747 0.7696701 
rf_1_NC_034267_ 1.5841303 1.7288779 1.5058292 1.5010790 1.2377570 1.2079700 1.2576281 1.1484772 0.8461391 0.8777320 0.7290324 0.8175086 0.0000000 0.6959799 0.7283255 0.6856491 
rf_1_NC_001859_ 1.8281497 1.8007421 1.5865183 1.7535722 1.4585409 1.4597998 1.3200978 1.2669126 1.0248980 0.9779735 0.9293228 0.8831118 0.6959799 0.0000000 0.3375037 0.3036742 
rf_1_NC_008714_ 1.5529793 1.6713284 1.4348534 1.4712638 1.3076349 1.3077160 1.2936613 1.0271512 0.9644950 0.8919694 0.8365011 0.7959747 0.7283255 0.3375037 0.0000000 0.0568948 
rf_1_NC_021220_ 1.6171103 1.6853344 1.4580068 1.4616446 1.2951516 1.2951107 1.2965006 1.0539354 0.9781601 0.8907594 0.8140926 0.7696701 0.6856491 0.3036742 0.0568948 0.0000000 
