35
NC_034453.1 0.0000000 0.0000010 0.0000010 0.0000010 0.0000010 0.0000010 0.0000010 0.0000010 0.0000010 0.0000010 0.0000010 0.0000010 0.0000010 0.0000010 0.0000010 0.0000010 0.0000010 0.0000010 0.0000010 0.0000010 0.0000010 0.0000010 0.0000010 0.0000010 0.0000010 0.0000010 0.0000010 0.0000010 0.0000010 0.0000010 0.0000010 0.0000010 0.0000010 0.0000010 0.0000010 
NC_034617.1 0.0000010 0.0000000 0.9237320 0.0000010 0.9636777 1.0994514 1.0242374 0.6779428 1.0407730 0.6706132 0.9565488 0.5428174 1.2025220 0.9137069 1.4040887 0.9437006 0.9685669 0.8473989 1.1603374 1.1178598 1.3653423 0.9039193 1.0974803 1.0622559 1.0848214 0.9293249 1.0845137 1.1369512 1.1591926 1.3017837 1.2753826 0.9615829 1.2765356 1.2004340 1.3097348 
NC_004004.1 0.0000010 0.9237320 0.0000000 0.0000010 1.2255675 0.9800495 0.9019836 1.2024733 1.2359793 0.9816600 1.2523143 1.1207796 0.6356195 0.4235642 1.1592493 0.6899612 0.8503015 0.8989966 0.6326377 0.5001742 0.8996073 0.8080658 0.4926295 0.6821837 0.7308177 0.8390766 0.9042590 0.8656461 0.7214443 0.8315035 0.7105859 0.6340941 0.7984179 0.6813093 0.6761098 
NC_021178.1 0.0000010 0.0000010 0.0000010 0.0000000 0.0000010 0.0000010 0.0000010 0.0000010 0.0000010 0.0000010 0.0000010 0.0000010 0.0000010 0.0000010 0.0000010 0.0000010 0.0000010 0.0000010 0.0000010 0.0000010 0.0000010 0.0000010 0.0000010 0.0000010 0.0000010 0.0000010 0.0000010 0.0000010 0.0000010 0.0000010 0.0000010 0.0000010 0.0000010 0.0000010 0.0000010 
NC_018400.1 0.0000010 0.9636777 1.2255675 0.0000010 0.0000000 0.3366953 0.3049385 0.8025316 1.0776977 0.7181401 0.6783824 0.5063305 0.9964310 1.1743925 1.2431936 1.2012708 1.0189456 1.1107862 0.9302447 1.1391983 1.1272635 1.2543739 1.4157718 1.1933341 1.2194102 1.0192068 1.2278278 1.0437324 1.2466767 1.1961986 1.2715806 1.0912164 1.5044685 1.2526271 1.2440290 
NC_028964.1 0.0000010 1.0994514 0.9800495 0.0000010 0.3366953 0.0000000 0.0964227 0.7462166 0.9611815 0.6057580 0.7636026 0.5061465 1.1953806 1.3270743 1.4676114 1.3852699 1.2057476 1.1646364 0.9804342 1.3304700 1.1541429 1.2517689 1.4595883 1.4428042 1.5619230 1.5070420 1.3088769 1.1349653 1.3218785 1.2550940 1.3863549 1.2911104 1.5040640 1.1920597 1.3006029 
NC_024770.1 0.0000010 1.0242374 0.9019836 0.0000010 0.3049385 0.0964227 0.0000000 0.7509045 0.9532230 0.5833717 0.8801652 0.5734673 1.2090733 1.2867885 1.2997545 1.4132783 1.1831788 1.2011132 1.0871469 1.2587811 1.1058584 1.1526795 1.4352520 1.3705772 1.4751335 1.2706588 1.2940937 1.0516384 1.1977713 1.1911523 1.2187878 1.0260142 1.4199648 1.1032125 1.2370751 
NC_024766.1 0.0000010 0.6779428 1.2024733 0.0000010 0.8025316 0.7462166 0.7509045 0.0000000 0.7117278 0.4986525 0.6377896 0.5210066 1.0211318 1.2842136 1.1153848 1.0639144 1.1455956 0.9069175 0.8559087 1.0309561 1.1451126 0.9774124 1.0163336 1.1006044 1.0232291 1.0576776 0.9783989 1.0315485 0.9643129 1.2129815 1.1127759 0.9165528 1.6259004 0.9286229 1.0814199 
NC_028970.1 0.0000010 1.0407730 1.2359793 0.0000010 1.0776977 0.9611815 0.9532230 0.7117278 0.0000000 0.0811982 0.8495835 0.5581927 1.2163464 1.1709278 1.2315048 1.1603558 1.3244263 1.0788399 1.2949907 1.2453317 1.4391777 1.1226792 0.8590015 1.0814683 1.4547612 1.0385180 1.3755192 1.3869206 1.4817270 1.4483389 1.3616417 1.3004691 1.3583988 1.1903312 1.1607231 
NC_024767.1 0.0000010 0.6706132 0.9816600 0.0000010 0.7181401 0.6057580 0.5833717 0.4986525 0.0811982 0.0000000 0.5062215 0.5202463 0.8457864 0.8150416 0.7818896 0.9206872 0.9138317 0.8107659 0.6288132 0.7436058 0.9218232 0.6848568 0.7632865 0.8419758 1.0681534 1.0347968 0.9616593 1.0542325 1.0317632 1.0525411 1.0288410 1.6385360 0.9019450 0.7825603 0.7362790 
NC_028380.1 0.0000010 0.9565488 1.2523143 0.0000010 0.6783824 0.7636026 0.8801652 0.6377896 0.8495835 0.5062215 0.0000000 0.2102272 0.9229741 1.0460272 1.6668394 1.3213878 1.4584627 1.2229345 1.3668360 1.4492875 1.3366197 1.0585517 1.2628443 1.0055177 1.0908867 0.7490286 1.3988724 1.5134067 1.7148624 1.7431520 1.7986350 1.4216892 1.5276869 1.5344822 1.4606248 
NC_023861.1 0.0000010 0.5428174 1.1207796 0.0000010 0.5063305 0.5061465 0.5734673 0.5210066 0.5581927 0.5202463 0.2102272 0.0000000 0.5190465 0.9409326 1.1177261 0.7295079 0.9437101 0.7812136 0.8323325 0.8821016 1.0893778 0.9115730 0.8458830 0.9418580 0.8933698 0.7778088 0.6480367 0.8392671 1.0557777 1.0625454 1.1216984 1.5223405 1.2690832 0.8313108 0.8095640 
NC_003976.2 0.0000010 1.2025220 0.6356195 0.0000010 0.9964310 1.1953806 1.2090733 1.0211318 1.2163464 0.8457864 0.9229741 0.5190465 0.0000000 0.7120846 0.8598759 0.5312477 0.5085958 0.4799148 0.5549100 0.7363335 0.6645464 0.6347919 0.8001324 0.5032733 0.6312930 0.8732216 0.8953778 0.8644035 0.9072001 0.9891561 0.9405141 0.9487531 0.7865529 0.7332653 0.7790204 
NC_003983.1 0.0000010 0.9137069 0.4235642 0.0000010 1.1743925 1.3270743 1.2867885 1.2842136 1.1709278 0.8150416 1.0460272 0.9409326 0.7120846 0.0000000 1.0722953 0.5957451 0.6579127 0.6568465 0.6725544 0.7906541 0.8730558 0.7454097 0.5859062 0.7552146 0.8365373 0.8785049 0.6848149 0.6749684 0.6628442 0.7279601 0.6920275 0.8793873 0.8962115 0.6059835 0.7160475 
NC_003982.1 0.0000010 1.4040887 1.1592493 0.0000010 1.2431936 1.4676114 1.2997545 1.1153848 1.2315048 0.7818896 1.6668394 1.1177261 0.8598759 1.0722953 0.0000000 0.8083115 0.7880955 0.8039386 0.9046338 0.9378411 1.0578385 0.9498419 1.0514017 0.8308147 0.8960741 0.9429539 0.8135595 0.7391300 0.8080998 0.8693724 0.8855627 1.0718977 0.9698217 0.6926725 0.8017185 
NC_031106.1 0.0000010 0.9437006 0.6899612 0.0000010 1.2012708 1.3852699 1.4132783 1.0639144 1.1603558 0.9206872 1.3213878 0.7295079 0.5312477 0.5957451 0.8083115 0.0000000 0.4081173 0.4531068 0.5529825 0.7379732 0.9480507 0.5928369 0.6873377 0.7004913 0.5967760 0.5675227 0.8696890 0.7573138 0.8348872 0.8369117 0.8705260 0.7687886 0.9048000 0.9136268 0.9557766 
NC_031105.1 0.0000010 0.9685669 0.8503015 0.0000010 1.0189456 1.2057476 1.1831788 1.1455956 1.3244263 0.9138317 1.4584627 0.9437101 0.5085958 0.6579127 0.7880955 0.4081173 0.0000000 0.4930622 0.7122751 0.8597571 1.0688144 0.7049615 0.8530307 0.6625846 0.6136472 0.6601656 0.7941598 0.6989109 0.8289621 0.7881094 0.7411217 0.5781812 1.0190107 0.9535876 1.0378366 
NC_024070.1 0.0000010 0.8473989 0.8989966 0.0000010 1.1107862 1.1646364 1.2011132 0.9069175 1.0788399 0.8107659 1.2229345 0.7812136 0.4799148 0.6568465 0.8039386 0.4531068 0.4930622 0.0000000 0.6300969 0.6252865 0.9395407 0.5602943 1.1020805 0.6768844 0.7058059 0.6516302 0.8703897 0.7754055 0.9021222 0.8937037 0.8446670 0.5440659 0.8776616 0.8599622 0.9233766 
NC_021482.1 0.0000010 1.1603374 0.6326377 0.0000010 0.9302447 0.9804342 1.0871469 0.8559087 1.2949907 0.6288132 1.3668360 0.8323325 0.5549100 0.6725544 0.9046338 0.5529825 0.7122751 0.6300969 0.0000000 0.7316678 0.9200992 0.5566928 0.9816869 0.6148906 0.6678060 0.8253539 0.8905632 0.6959677 0.7640946 0.8280863 0.8056614 0.6746533 0.7926266 0.8196349 0.8102849 
NC_001479.1 0.0000010 1.1178598 0.5001742 0.0000010 1.1391983 1.3304700 1.2587811 1.0309561 1.2453317 0.7436058 1.4492875 0.8821016 0.7363335 0.7906541 0.9378411 0.7379732 0.8597571 0.6252865 0.7316678 0.0000000 0.7680751 0.6932924 1.0142077 0.7294372 0.8739938 0.6918063 0.9907686 0.8313171 1.0104539 1.0570037 0.9437276 0.6370481 0.6311971 0.6981737 0.7765322 
NC_023987.1 0.0000010 1.3653423 0.8996073 0.0000010 1.1272635 1.1541429 1.1058584 1.1451126 1.4391777 0.9218232 1.3366197 1.0893778 0.6645464 0.8730558 1.0578385 0.9480507 1.0688144 0.9395407 0.9200992 0.7680751 0.0000000 0.9022615 0.8506643 1.0262243 0.8505052 0.8218781 1.0397153 0.8520307 0.9437507 1.0167290 0.9244144 0.7248525 1.0042622 0.9767358 0.9842862 
NC_001897.1 0.0000010 0.9039193 0.8080658 0.0000010 1.2543739 1.2517689 1.1526795 0.9774124 1.1226792 0.6848568 1.0585517 0.9115730 0.6347919 0.7454097 0.9498419 0.5928369 0.7049615 0.5602943 0.5566928 0.6932924 0.9022615 0.0000000 0.7672531 0.5369048 0.5357804 0.7212777 0.6633915 0.7290711 0.7590736 0.7822782 0.8159369 0.7662856 0.7591092 0.8168789 0.8872964 
NC_010354.1 0.0000010 1.0974803 0.4926295 0.0000010 1.4157718 1.4595883 1.4352520 1.0163336 0.8590015 0.7632865 1.2628443 0.8458830 0.8001324 0.5859062 1.0514017 0.6873377 0.8530307 1.1020805 0.9816869 1.0142077 0.8506643 0.7672531 0.0000000 0.9976654 0.9368114 0.5394681 0.8738763 0.9077144 0.8842159 0.8790801 0.8581915 0.3828647 1.0080163 0.8718603 0.9392266 
NC_025675.1 0.0000010 1.0622559 0.6821837 0.0000010 1.1933341 1.4428042 1.3705772 1.1006044 1.0814683 0.8419758 1.0055177 0.9418580 0.5032733 0.7552146 0.8308147 0.7004913 0.6625846 0.6768844 0.6148906 0.7294372 1.0262243 0.5369048 0.9976654 0.0000000 0.2697727 0.7763893 0.7563872 0.6514161 0.8162602 0.8292584 0.7495751 0.5397838 0.7453090 0.8346685 0.8482715 
NC_018668.1 0.0000010 1.0848214 0.7308177 0.0000010 1.2194102 1.5619230 1.4751335 1.0232291 1.4547612 1.0681534 1.0908867 0.8933698 0.6312930 0.8365373 0.8960741 0.5967760 0.6136472 0.7058059 0.6678060 0.8739938 0.8505052 0.5357804 0.9368114 0.2697727 0.0000000 0.5821736 0.6595622 0.6030028 0.6491458 0.7032266 0.6865810 0.4469143 0.7163441 0.7252262 0.8008730 
NC_034385.1 0.0000010 0.9293249 0.8390766 0.0000010 1.0192068 1.5070420 1.2706588 1.0576776 1.0385180 1.0347968 0.7490286 0.7778088 0.8732216 0.8785049 0.9429539 0.5675227 0.6601656 0.6516302 0.8253539 0.6918063 0.8218781 0.7212777 0.5394681 0.7763893 0.5821736 0.0000000 0.3628905 0.4475704 0.3551578 0.2894313 0.3556261 0.3551567 0.5126877 0.5713107 0.6242432 
NC_025961.1 0.0000010 1.0845137 0.9042590 0.0000010 1.2278278 1.3088769 1.2940937 0.9783989 1.3755192 0.9616593 1.3988724 0.6480367 0.8953778 0.6848149 0.8135595 0.8696890 0.7941598 0.8703897 0.8905632 0.9907686 1.0397153 0.6633915 0.8738763 0.7563872 0.6595622 0.3628905 0.0000000 0.1687721 0.2234237 0.2141759 0.2453702 0.2817966 0.9193266 0.7596303 0.7578734 
NC_012800.1 0.0000010 1.1369512 0.8656461 0.0000010 1.0437324 1.1349653 1.0516384 1.0315485 1.3869206 1.0542325 1.5134067 0.8392671 0.8644035 0.6749684 0.7391300 0.7573138 0.6989109 0.7754055 0.6959677 0.8313171 0.8520307 0.7290711 0.9077144 0.6514161 0.6030028 0.4475704 0.1687721 0.0000000 0.1591732 0.1620174 0.1596783 0.2624502 0.6988614 0.6719302 0.6823404 
NC_012801.1 0.0000010 1.1591926 0.7214443 0.0000010 1.2466767 1.3218785 1.1977713 0.9643129 1.4817270 1.0317632 1.7148624 1.0557777 0.9072001 0.6628442 0.8080998 0.8348872 0.8289621 0.9021222 0.7640946 1.0104539 0.9437507 0.7590736 0.8842159 0.8162602 0.6491458 0.3551578 0.2234237 0.1591732 0.0000000 0.1803102 0.1837867 0.2453519 0.9091064 0.7440329 0.7455400 
NC_012802.1 0.0000010 1.3017837 0.8315035 0.0000010 1.1961986 1.2550940 1.1911523 1.2129815 1.4483389 1.0525411 1.7431520 1.0625454 0.9891561 0.7279601 0.8693724 0.8369117 0.7881094 0.8937037 0.8280863 1.0570037 1.0167290 0.7822782 0.8790801 0.8292584 0.7032266 0.2894313 0.2141759 0.1620174 0.1803102 0.0000000 0.0965577 0.1399575 0.9071518 0.8185277 0.8379906 
NC_023984.1 0.0000010 1.2753826 0.7105859 0.0000010 1.2715806 1.3863549 1.2187878 1.1127759 1.3616417 1.0288410 1.7986350 1.1216984 0.9405141 0.6920275 0.8855627 0.8705260 0.7411217 0.8446670 0.8056614 0.9437276 0.9244144 0.8159369 0.8581915 0.7495751 0.6865810 0.3556261 0.2453702 0.1596783 0.1837867 0.0965577 0.0000000 0.1193862 0.9270601 0.7854293 0.8316906 
NC_012798.1 0.0000010 0.9615829 0.6340941 0.0000010 1.0912164 1.2911104 1.0260142 0.9165528 1.3004691 1.6385360 1.4216892 1.5223405 0.9487531 0.8793873 1.0718977 0.7687886 0.5781812 0.5440659 0.6746533 0.6370481 0.7248525 0.7662856 0.3828647 0.5397838 0.4469143 0.3551567 0.2817966 0.2624502 0.2453519 0.1399575 0.1193862 0.0000000 0.5193328 0.5765556 0.6156269 
NC_001366.1 0.0000010 1.2765356 0.7984179 0.0000010 1.5044685 1.5040640 1.4199648 1.6259004 1.3583988 0.9019450 1.5276869 1.2690832 0.7865529 0.8962115 0.9698217 0.9048000 1.0190107 0.8776616 0.7926266 0.6311971 1.0042622 0.7591092 1.0080163 0.7453090 0.7163441 0.5126877 0.9193266 0.6988614 0.9091064 0.9071518 0.9270601 0.5193328 0.0000000 0.2511244 0.2898647 
NC_009448.2 0.0000010 1.2004340 0.6813093 0.0000010 1.2526271 1.1920597 1.1032125 0.9286229 1.1903312 0.7825603 1.5344822 0.8313108 0.7332653 0.6059835 0.6926725 0.9136268 0.9535876 0.8599622 0.8196349 0.6981737 0.9767358 0.8168789 0.8718603 0.8346685 0.7252262 0.5713107 0.7596303 0.6719302 0.7440329 0.8185277 0.7854293 0.5765556 0.2511244 0.0000000 0.0695581 
NC_010810.1 0.0000010 1.3097348 0.6761098 0.0000010 1.2440290 1.3006029 1.2370751 1.0814199 1.1607231 0.7362790 1.4606248 0.8095640 0.7790204 0.7160475 0.8017185 0.9557766 1.0378366 0.9233766 0.8102849 0.7765322 0.9842862 0.8872964 0.9392266 0.8482715 0.8008730 0.6242432 0.7578734 0.6823404 0.7455400 0.8379906 0.8316906 0.6156269 0.2898647 0.0695581 0.0000000 
