7
NC_028364.1 0.0000000 0.9035509 0.6416576 0.4823561 0.8276519 0.7909164 0.9619291 
NC_028981.1 0.9035509 0.0000000 0.6257681 0.4886660 0.5521608 0.8008260 0.7297308 
NC_027818.1 0.6416576 0.6257681 0.0000000 0.3920800 0.5247530 0.6540578 0.5659059 
NC_028365.1 0.4823561 0.4886660 0.3920800 0.0000000 0.4208520 0.8101730 0.9070086 
NC_028366.1 0.8276519 0.5521608 0.5247530 0.4208520 0.0000000 0.8450674 0.8149098 
NC_028363.1 0.7909164 0.8008260 0.6540578 0.8101730 0.8450674 0.0000000 0.7092389 
NC_001489.1 0.9619291 0.7297308 0.5659059 0.9070086 0.8149098 0.7092389 0.0000000 
