18
NC_003976_ 0.0000000 1.9148891 2.0262501 3.5880341 3.5176393 3.5367187 3.6886966 3.6303390 3.7502074 3.8831195 4.0340242 3.6668111 4.0509642 3.5773049 3.3411240 3.3750166 3.6326613 3.8579143 
NC_024766_ 1.9148891 0.0000000 1.0762334 3.4248790 3.2543764 3.2832508 3.3458995 3.4636628 3.3135232 3.3464385 3.3947441 3.6596046 3.7683367 3.2235750 3.4228492 3.5567236 3.6494683 3.7874755 
NC_024767_ 2.0262501 1.0762334 0.0000000 4.1525987 3.9126064 3.9608145 3.9009593 3.7083014 3.5608961 3.7223890 3.9446455 3.9773649 4.0048527 4.1660613 3.5723281 3.6912601 3.9057715 4.0742614 
NC_001366_ 3.5880341 3.4248790 4.1525987 0.0000000 0.3149065 0.3132937 0.6047675 1.3386383 1.3500123 1.3742619 1.2271506 1.6221289 1.3996647 1.9795458 2.4181532 2.4296423 2.6333278 3.0710088 
NC_010810_ 3.5176393 3.2543764 3.9126064 0.3149065 0.0000000 0.0154815 0.6710955 1.3070340 1.4026483 1.2741208 1.2510339 1.6666886 1.4790198 1.9699961 2.2560695 2.2885782 2.3781160 2.9643964 
NC_009448_ 3.5367187 3.2832508 3.9608145 0.3132937 0.0154815 0.0000000 0.6689917 1.3177949 1.4009296 1.2683617 1.2495263 1.6719714 1.4848890 1.9587915 2.2360571 2.2683594 2.3719170 2.9654363 
NC_001479_ 3.6886966 3.3458995 3.9009593 0.6047675 0.6710955 0.6689917 0.0000000 1.3181656 1.3876961 1.3587288 1.2582042 1.4524217 1.3362040 1.8034272 2.2638219 2.3583944 2.5213622 2.9800291 
NC_012802_ 3.6303390 3.4636628 3.7083014 1.3386383 1.3070340 1.3177949 1.3181656 0.0000000 0.3005583 0.4679950 0.4793850 1.8227068 1.3380841 1.9482786 2.2941075 2.3229665 2.5467322 2.5544052 
NC_012798_ 3.7502074 3.3135232 3.5608961 1.3500123 1.4026483 1.4009296 1.3876961 0.3005583 0.0000000 0.4908728 0.4835555 1.6908295 1.3007095 1.9927764 2.5404791 2.5261805 2.6332316 2.5252791 
NC_012801_ 3.8831195 3.3464385 3.7223890 1.3742619 1.2741208 1.2683617 1.3587288 0.4679950 0.4908728 0.0000000 0.4331222 1.8586054 1.3551981 2.1784580 2.3636710 2.3647880 2.3544782 2.3651418 
NC_012800_ 4.0340242 3.3947441 3.9446455 1.2271506 1.2510339 1.2495263 1.2582042 0.4793850 0.4835555 0.4331222 0.0000000 1.8561839 1.3426877 2.1743903 2.5097209 2.4826284 2.4076016 2.5775492 
NC_003983_ 3.6668111 3.6596046 3.9773649 1.6221289 1.6666886 1.6719714 1.4524217 1.8227068 1.6908295 1.8586054 1.8561839 0.0000000 1.9165534 1.6941630 2.5626446 2.6683889 2.7407740 3.1198960 
NC_010354_ 4.0509642 3.7683367 4.0048527 1.3996647 1.4790198 1.4848890 1.3362040 1.3380841 1.3007095 1.3551981 1.3426877 1.9165534 0.0000000 2.0302484 2.5474724 2.5343328 2.3651041 2.9306674 
NC_018668_ 3.5773049 3.2235750 4.1660613 1.9795458 1.9699961 1.9587915 1.8034272 1.9482786 1.9927764 2.1784580 2.1743903 1.6941630 2.0302484 0.0000000 2.6644216 2.7370367 2.6018407 3.0966327 
NC_028380_ 3.3411240 3.4228492 3.5723281 2.4181532 2.2560695 2.2360571 2.2638219 2.2941075 2.5404791 2.3636710 2.5097209 2.5626446 2.5474724 2.6644216 0.0000000 0.1035312 0.8042046 2.0556090 
NC_023861_ 3.3750166 3.5567236 3.6912601 2.4296423 2.2885782 2.2683594 2.3583944 2.3229665 2.5261805 2.3647880 2.4826284 2.6683889 2.5343328 2.7370367 0.1035312 0.0000000 0.8178924 2.0171952 
NC_024770_ 3.6326613 3.6494683 3.9057715 2.6333278 2.3781160 2.3719170 2.5213622 2.5467322 2.6332316 2.3544782 2.4076016 2.7407740 2.3651041 2.6018407 0.8042046 0.8178924 0.0000000 2.1079326 
NC_021178_ 3.8579143 3.7874755 4.0742614 3.0710088 2.9643964 2.9654363 2.9800291 2.5544052 2.5252791 2.3651418 2.5775492 3.1198960 2.9306674 3.0966327 2.0556090 2.0171952 2.1079326 0.0000000 
