16
NC_002058_ 0.0000000 0.8104207 0.7246518 0.7304077 0.7644093 0.9523044 0.9627880 0.9764866 1.1601810 1.0213540 0.9324844 1.1270639 1.3374848 1.4171561 1.4790899 1.3395414 
NC_001472_ 0.8104207 0.0000000 0.6144212 0.6516059 0.8387553 1.1413708 1.1242191 1.0314528 0.9936452 0.9799957 0.9978551 1.0282138 1.2789136 1.2347081 1.7168510 1.5306845 
NC_013695_ 0.7246518 0.6144212 0.0000000 0.4818867 0.8135742 1.1703757 1.1685552 0.9707759 1.0264640 0.9558997 0.8886131 1.0159315 1.1990445 1.5170979 1.3798038 1.4841871 
NC_010415_ 0.7304077 0.6516059 0.4818867 0.0000000 0.7912607 1.0589064 1.1296883 0.9913894 1.0128191 0.9042307 0.9309855 1.1162992 1.3242998 1.3739804 1.5426446 1.5155420 
NC_001430_ 0.7644093 0.8387553 0.8135742 0.7912607 0.0000000 1.1735582 1.0870636 1.2632191 1.2621179 1.1074243 1.0703271 1.2234572 1.1676955 1.1767305 1.4880515 1.3536886 
NC_001612_ 0.9523044 1.1413708 1.1703757 1.0589064 1.1735582 0.0000000 0.1826932 1.3616891 1.3302129 1.2943237 1.2924340 1.7708687 1.6971003 1.6178553 1.8429208 1.5979065 
NC_030454_ 0.9627880 1.1242191 1.1685552 1.1296883 1.0870636 0.1826932 0.0000000 1.3104458 1.3524682 1.4535447 1.3763953 1.8149713 1.7013377 1.5974623 1.7571284 1.7126967 
NC_034267_ 0.9764866 1.0314528 0.9707759 0.9913894 1.2632191 1.3616891 1.3104458 0.0000000 0.8268101 0.8722436 0.9214840 1.2410832 1.5805658 1.3426289 1.4921238 1.5602776 
NC_001859_ 1.1601810 0.9936452 1.0264640 1.0128191 1.2621179 1.3302129 1.3524682 0.8268101 0.0000000 0.6555730 0.5559910 1.3465447 1.4837832 1.5556916 1.8621371 1.7631939 
NC_008714_ 1.0213540 0.9799957 0.9558997 0.9042307 1.1074243 1.2943237 1.4535447 0.8722436 0.6555730 0.0000000 0.2825309 1.3000154 1.4525885 1.4918735 1.4581620 1.4759324 
NC_021220_ 0.9324844 0.9978551 0.8886131 0.9309855 1.0703271 1.2924340 1.3763953 0.9214840 0.5559910 0.2825309 0.0000000 1.4258041 1.5054143 1.5512990 1.5867389 1.5395821 
NC_003988_ 1.1270639 1.0282138 1.0159315 1.1162992 1.2234572 1.7708687 1.8149713 1.2410832 1.3465447 1.3000154 1.4258041 0.0000000 1.6033183 1.6238698 1.6674437 1.8996969 
NC_001490_ 1.3374848 1.2789136 1.1990445 1.3242998 1.1676955 1.6971003 1.7013377 1.5805658 1.4837832 1.4525885 1.5054143 1.6033183 0.0000000 1.2361702 1.5032168 1.3381945 
NC_029905_ 1.4171561 1.2347081 1.5170979 1.3739804 1.1767305 1.6178553 1.5974623 1.3426289 1.5556916 1.4918735 1.5512990 1.6238698 1.2361702 0.0000000 1.8107435 1.7372464 
NC_001617_ 1.4790899 1.7168510 1.3798038 1.5426446 1.4880515 1.8429208 1.7571284 1.4921238 1.8621371 1.4581620 1.5867389 1.6674437 1.5032168 1.8107435 0.0000000 1.4271423 
NC_009996_ 1.3395414 1.5306845 1.4841871 1.5155420 1.3536886 1.5979065 1.7126967 1.5602776 1.7631939 1.4759324 1.5395821 1.8996969 1.3381945 1.7372464 1.4271423 0.0000000 
