18
rf_1_NC_003976_ 0.0000000 2.3786537 2.1833007 3.6810788 3.2819388 3.8011957 3.4289399 3.4079607 3.3728853 3.7263656 3.4757042 3.2781062 3.2684600 3.2872412 3.9547052 4.1048398 3.5124512 3.6482563 
rf_1_NC_024767_ 2.3786537 0.0000000 1.2334057 4.8879631 4.2220414 4.0919648 3.9337338 3.7426002 3.9716846 4.1824248 4.0541915 4.0860541 4.0651129 4.0637486 4.4175260 4.6070858 4.3620300 4.4992992 
rf_1_NC_024766_ 2.1833007 1.2334057 0.0000000 3.4615190 4.0177551 4.2320917 3.7717289 3.5704125 3.5253228 3.6813463 3.4402341 3.4512562 3.3341508 3.3630358 3.9531857 4.1456874 3.8752857 4.0828975 
rf_1_NC_018668_ 3.6810788 4.8879631 3.4615190 0.0000000 1.6410125 2.0864681 2.0189284 2.0528641 2.2691831 2.2384560 1.8481065 2.0539307 2.0126695 2.0012928 3.2730859 2.7657618 2.7196793 2.7890798 
rf_1_NC_003983_ 3.2819388 4.2220414 4.0177551 1.6410125 0.0000000 2.0119178 1.8537647 1.7144690 1.8705618 1.9009227 1.4264170 1.5647823 1.6506735 1.6518692 3.1390806 2.8029217 2.5674431 2.6847415 
rf_1_NC_010354_ 3.8011957 4.0919648 4.2320917 2.0864681 2.0119178 0.0000000 1.4136415 1.3900345 1.4098133 1.4027345 1.3648598 1.4673893 1.5203344 1.5262402 2.9567971 2.3808737 2.4834042 2.4700698 
rf_1_NC_012802_ 3.4289399 3.9337338 3.7717289 2.0189284 1.8537647 1.4136415 0.0000000 0.3007670 0.4684226 0.4798534 1.3497171 1.3798401 1.3616702 1.3676331 2.6476342 2.6886517 2.3903004 2.4289032 
rf_1_NC_012798_ 3.4079607 3.7426002 3.5704125 2.0528641 1.7144690 1.3900345 0.3007670 0.0000000 0.4913564 0.4840284 1.4147269 1.3857965 1.4416003 1.4345153 2.5335402 2.7176836 2.5638198 2.5627703 
rf_1_NC_012801_ 3.3728853 3.9716846 3.5253228 2.2691831 1.8705618 1.4098133 0.4684226 0.4913564 0.0000000 0.4335011 1.3765858 1.4018611 1.3016181 1.2908178 2.4382274 2.4959577 2.4031557 2.4119644 
rf_1_NC_012800_ 3.7263656 4.1824248 3.6813463 2.2384560 1.9009227 1.4027345 0.4798534 0.4840284 0.4335011 0.0000000 1.2871490 1.2644603 1.2883108 1.2819895 2.5977320 2.4418171 2.4974973 2.4840156 
rf_1_NC_001479_ 3.4757042 4.0541915 3.4402341 1.8481065 1.4264170 1.3648598 1.3497171 1.4147269 1.3765858 1.2871490 0.0000000 0.6054281 0.6718781 0.6697700 3.0282896 2.5725031 2.2531743 2.3472569 
rf_1_NC_001366_ 3.2781062 4.0860541 3.4512562 2.0539307 1.5647823 1.4673893 1.3798401 1.3857965 1.4018611 1.2644603 0.6054281 0.0000000 0.3151444 0.3135333 3.0894523 2.7124818 2.4390315 2.4644649 
rf_1_NC_010810_ 3.2684600 4.0651129 3.3341508 2.0126695 1.6506735 1.5203344 1.3616702 1.4416003 1.3016181 1.2883108 0.6718781 0.3151444 0.0000000 0.0154814 3.0246764 2.5293667 2.2491113 2.2903669 
rf_1_NC_009448_ 3.2872412 4.0637486 3.3630358 2.0012928 1.6518692 1.5262402 1.3676331 1.4345153 1.2908178 1.2819895 0.6697700 0.3135333 0.0154814 0.0000000 3.0017944 2.5107845 2.2301593 2.2710936 
rf_1_NC_021178_ 3.9547052 4.4175260 3.9531857 3.2730859 3.1390806 2.9567971 2.6476342 2.5335402 2.4382274 2.5977320 3.0282896 3.0894523 3.0246764 3.0017944 0.0000000 2.0401555 2.0094285 1.9731434 
rf_1_NC_024770_ 4.1048398 4.6070858 4.1456874 2.7657618 2.8029217 2.3808737 2.6886517 2.7176836 2.4959577 2.4418171 2.5725031 2.7124818 2.5293667 2.5107845 2.0401555 0.0000000 0.8209181 0.8329122 
rf_1_NC_028380_ 3.5124512 4.3620300 3.8752857 2.7196793 2.5674431 2.4834042 2.3903004 2.5638198 2.4031557 2.4974973 2.2531743 2.4390315 2.2491113 2.2301593 2.0094285 0.8209181 0.0000000 0.1007672 
rf_1_NC_023861_ 3.6482563 4.4992992 4.0828975 2.7890798 2.6847415 2.4700698 2.4289032 2.5627703 2.4119644 2.4840156 2.3472569 2.4644649 2.2903669 2.2710936 1.9731434 0.8329122 0.1007672 0.0000000 
