16
NC_002058_ 0.0000000 0.4072802 0.3447339 0.3556708 0.3731528 0.5975380 0.6026603 0.5333697 0.6078941 0.5867824 0.5741840 0.6227126 0.6852051 0.7505022 0.9791267 0.9704791 
NC_001472_ 0.4072802 0.0000000 0.2295318 0.2680458 0.3958274 0.6330576 0.6410000 0.5380084 0.5712994 0.5431972 0.5276839 0.5896544 0.6680328 0.7147831 0.9086894 1.0082577 
NC_013695_ 0.3447339 0.2295318 0.0000000 0.1321178 0.3977750 0.6021286 0.6227544 0.4754321 0.5685607 0.5144663 0.4905562 0.5215050 0.6810881 0.7007871 0.8592391 0.9073358 
NC_010415_ 0.3556708 0.2680458 0.1321178 0.0000000 0.4153672 0.5974893 0.6070348 0.4965449 0.5489226 0.4990116 0.4695319 0.5524124 0.6947644 0.6540194 0.8685126 0.8991165 
NC_001430_ 0.3731528 0.3958274 0.3977750 0.4153672 0.0000000 0.7270858 0.7349084 0.6520440 0.7030525 0.6347821 0.6388537 0.6970304 0.7706991 0.6916056 1.0305051 0.9009052 
NC_001612_ 0.5975380 0.6330576 0.6021286 0.5974893 0.7270858 0.0000000 0.0249068 0.7283387 0.8290953 0.7650207 0.7500125 0.9844292 0.8622874 0.8987233 1.0964114 1.0871818 
NC_030454_ 0.6026603 0.6410000 0.6227544 0.6070348 0.7349084 0.0249068 0.0000000 0.7147155 0.8496687 0.7705400 0.7554111 0.9884115 0.8706369 0.9268991 1.1026497 1.0902176 
NC_034267_ 0.5333697 0.5380084 0.4754321 0.4965449 0.6520440 0.7283387 0.7147155 0.0000000 0.4304374 0.4346487 0.4113083 0.7115322 0.7848740 0.7855335 0.9061708 0.9035056 
NC_001859_ 0.6078941 0.5712994 0.5685607 0.5489226 0.7030525 0.8290953 0.8496687 0.4304374 0.0000000 0.2416715 0.2195634 0.7569416 0.8454274 0.9109926 1.0211745 0.9550834 
NC_008714_ 0.5867824 0.5431972 0.5144663 0.4990116 0.6347821 0.7650207 0.7705400 0.4346487 0.2416715 0.0000000 0.0533687 0.7315361 0.7590226 0.7812784 0.8981531 0.8937069 
NC_021220_ 0.5741840 0.5276839 0.4905562 0.4695319 0.6388537 0.7500125 0.7554111 0.4113083 0.2195634 0.0533687 0.0000000 0.7242872 0.7572849 0.7578694 0.9108925 0.9026733 
NC_003988_ 0.6227126 0.5896544 0.5215050 0.5524124 0.6970304 0.9844292 0.9884115 0.7115322 0.7569416 0.7315361 0.7242872 0.0000000 0.9507945 0.8388580 0.9401971 1.0513269 
NC_001490_ 0.6852051 0.6680328 0.6810881 0.6947644 0.7706991 0.8622874 0.8706369 0.7848740 0.8454274 0.7590226 0.7572849 0.9507945 0.0000000 0.7476831 0.9379024 0.7742172 
NC_029905_ 0.7505022 0.7147831 0.7007871 0.6540194 0.6916056 0.8987233 0.9268991 0.7855335 0.9109926 0.7812784 0.7578694 0.8388580 0.7476831 0.0000000 1.0040141 0.9947455 
NC_001617_ 0.9791267 0.9086894 0.8592391 0.8685126 1.0305051 1.0964114 1.1026497 0.9061708 1.0211745 0.8981531 0.9108925 0.9401971 0.9379024 1.0040141 0.0000000 0.9139032 
NC_009996_ 0.9704791 1.0082577 0.9073358 0.8991165 0.9009052 1.0871818 1.0902176 0.9035056 0.9550834 0.8937069 0.9026733 1.0513269 0.7742172 0.9947455 0.9139032 0.0000000 
