18
rf_1_NC_003976_ 0.0000000 0.6515823 1.2975266 1.7714666 2.1026931 2.6363295 1.9486369 2.0214925 1.9320583 2.1953741 2.2312855 2.0784685 2.0890752 2.0591831 1.8304670 2.1341395 2.0310387 2.1113506 
rf_1_NC_024767_ 0.6515823 0.0000000 0.6012383 2.1950068 2.4033300 2.8353296 1.7661315 1.8747913 1.8831082 2.0550650 2.2629429 2.2496148 2.2137038 2.2104891 2.0297254 2.1116999 2.6817731 2.6135222 
rf_1_NC_024766_ 1.2975266 0.6012383 0.0000000 1.9334103 2.2229466 2.9970399 1.7358517 2.2665489 1.9536999 2.0642399 2.3549702 2.3517456 2.2099611 2.2231332 2.7565709 2.7104992 2.3978767 2.3951953 
rf_1_NC_018668_ 1.7714666 2.1950068 1.9334103 0.0000000 1.2930932 1.5032148 1.4764810 1.6064659 1.8002118 1.7617623 1.3625904 1.4256768 1.5536314 1.5550739 1.7441034 1.4806390 1.8445686 1.8344717 
rf_1_NC_003983_ 2.1026931 2.4033300 2.2229466 1.2930932 0.0000000 1.8805943 1.7125671 1.6752395 1.8165167 1.8573281 1.2113558 1.4437760 1.4906631 1.4846397 2.0757131 1.7145340 2.0509751 2.1555954 
rf_1_NC_010354_ 2.6363295 2.8353296 2.9970399 1.5032148 1.8805943 0.0000000 1.3394621 1.3669796 1.3722271 1.3755975 1.2366353 1.3698495 1.4583328 1.4622386 2.1486840 1.6597236 2.1994796 2.0855426 
rf_1_NC_012802_ 1.9486369 1.7661315 1.7358517 1.4764810 1.7125671 1.3394621 0.0000000 0.2966244 0.4120652 0.4489153 1.1817495 1.2605881 1.1972005 1.2087777 1.6528137 1.9007652 2.1708489 2.1377777 
rf_1_NC_012798_ 2.0214925 1.8747913 2.2665489 1.6064659 1.6752395 1.3669796 0.2966244 0.0000000 0.4658438 0.4639992 1.2775720 1.3426629 1.3985199 1.3892318 1.7769818 1.8987130 2.4168839 2.3616398 
rf_1_NC_012801_ 1.9320583 1.8831082 1.9536999 1.8002118 1.8165167 1.3722271 0.4120652 0.4658438 0.0000000 0.3954922 1.2340288 1.2521880 1.1671687 1.1563837 1.6028554 1.8034683 2.2996763 2.2603408 
rf_1_NC_012800_ 2.1953741 2.0550650 2.0642399 1.7617623 1.8573281 1.3755975 0.4489153 0.4639992 0.3954922 0.0000000 1.1553477 1.1954643 1.2014748 1.2000341 1.7202512 1.7050798 2.3132861 2.2693690 
rf_1_NC_001479_ 2.2312855 2.2629429 2.3549702 1.3625904 1.2113558 1.2366353 1.1817495 1.2775720 1.2340288 1.1553477 0.0000000 0.5005355 0.5685478 0.5698893 1.7938784 1.7648790 1.7647482 1.8250148 
rf_1_NC_001366_ 2.0784685 2.2496148 2.3517456 1.4256768 1.4437760 1.3698495 1.2605881 1.3426629 1.2521880 1.1954643 0.5005355 0.0000000 0.2862078 0.2834915 1.9698574 1.9979764 2.0191745 2.0116899 
rf_1_NC_010810_ 2.0890752 2.2137038 2.2099611 1.5536314 1.4906631 1.4583328 1.1972005 1.3985199 1.1671687 1.2014748 0.5685478 0.2862078 0.0000000 0.0115379 1.8976649 1.7626251 1.8494303 1.8282552 
rf_1_NC_009448_ 2.0591831 2.2104891 2.2231332 1.5550739 1.4846397 1.4622386 1.2087777 1.3892318 1.1563837 1.2000341 0.5698893 0.2834915 0.0115379 0.0000000 1.8712188 1.7357228 1.8476151 1.8263979 
rf_1_NC_021178_ 1.8304670 2.0297254 2.7565709 1.7441034 2.0757131 2.1486840 1.6528137 1.7769818 1.6028554 1.7202512 1.7938784 1.9698574 1.8976649 1.8712188 0.0000000 1.2459058 1.2489528 1.2384295 
rf_1_NC_024770_ 2.1341395 2.1116999 2.7104992 1.4806390 1.7145340 1.6597236 1.9007652 1.8987130 1.8034683 1.7050798 1.7648790 1.9979764 1.7626251 1.7357228 1.2459058 0.0000000 0.6324337 0.6553569 
rf_1_NC_028380_ 2.0310387 2.6817731 2.3978767 1.8445686 2.0509751 2.1994796 2.1708489 2.4168839 2.2996763 2.3132861 1.7647482 2.0191745 1.8494303 1.8476151 1.2489528 0.6324337 0.0000000 0.0810400 
rf_1_NC_023861_ 2.1113506 2.6135222 2.3951953 1.8344717 2.1555954 2.0855426 2.1377777 2.3616398 2.2603408 2.2693690 1.8250148 2.0116899 1.8282552 1.8263979 1.2384295 0.6553569 0.0810400 0.0000000 
