16
NC_001617_ 0.0000000 1.3797688 1.5715471 1.4546781 1.6034493 1.6016711 1.4910584 1.3556498 1.3982972 1.5642449 1.2242175 1.3341463 1.3596912 1.5914019 1.3206748 1.4050004 
NC_009996_ 1.3797688 0.0000000 1.5438749 1.2936020 1.4685539 1.5465535 1.7339253 1.2750332 1.2540363 1.4157852 1.3409359 1.3462709 1.4208841 1.6254615 1.3647935 1.4396826 
NC_029905_ 1.5715471 1.5438749 0.0000000 1.1613682 1.4307348 1.4631140 1.4904431 1.1096884 1.3028632 1.1325476 1.3855541 1.2040100 1.2216401 1.4308500 1.4052089 1.4833106 
NC_001490_ 1.4546781 1.2936020 1.1613682 0.0000000 1.5468893 1.5887385 1.5095978 1.1308894 1.2569657 1.1839551 1.1225354 1.2410707 1.5651931 1.4208472 1.3940648 1.4570101 
NC_001612_ 1.6034493 1.4685539 1.4307348 1.5468893 0.0000000 0.1810632 1.5951346 1.0664597 0.8965701 1.0771012 1.0893703 0.9730013 1.3481596 1.2730628 1.2486367 1.2531865 
NC_030454_ 1.6016711 1.5465535 1.4631140 1.5887385 0.1810632 0.0000000 1.7119589 1.0671498 0.9356967 1.1032195 1.1441929 1.0938587 1.3267493 1.3403944 1.4377137 1.3899625 
NC_003988_ 1.4910584 1.7339253 1.4904431 1.5095978 1.5951346 1.7119589 0.0000000 1.1663858 1.1340608 1.0050140 0.9629623 1.0444907 1.2358162 1.2860345 1.2354933 1.3787852 
NC_001430_ 1.3556498 1.2750332 1.1096884 1.1308894 1.0664597 1.0671498 1.1663858 0.0000000 0.7999658 0.8273956 0.7908406 0.7466840 1.2529715 1.2146635 1.0960330 1.0688706 
NC_002058_ 1.3982972 1.2540363 1.3028632 1.2569657 0.8965701 0.9356967 1.1340608 0.7999658 0.0000000 0.8016732 0.7151724 0.7169957 0.9965968 1.1593296 1.0462569 0.9534985 
NC_001472_ 1.5642449 1.4157852 1.1325476 1.1839551 1.0771012 1.1032195 1.0050140 0.8273956 0.8016732 0.0000000 0.6333418 0.6301460 1.0311316 0.9484416 0.9814207 0.9981736 
NC_013695_ 1.2242175 1.3409359 1.3855541 1.1225354 1.0893703 1.1441929 0.9629623 0.7908406 0.7151724 0.6333418 0.0000000 0.4590537 0.9646225 1.0107233 0.9520304 0.8895200 
NC_010415_ 1.3341463 1.3462709 1.2040100 1.2410707 0.9730013 1.0938587 1.0444907 0.7466840 0.7169957 0.6301460 0.4590537 0.0000000 1.0009080 0.9692169 0.9077309 0.9348756 
NC_034267_ 1.3596912 1.4208841 1.2216401 1.5651931 1.3481596 1.3267493 1.2358162 1.2529715 0.9965968 1.0311316 0.9646225 1.0009080 0.0000000 0.8346881 0.9077431 0.9556961 
NC_001859_ 1.5914019 1.6254615 1.4308500 1.4208472 1.2730628 1.3403944 1.2860345 1.2146635 1.1593296 0.9484416 1.0107233 0.9692169 0.8346881 0.0000000 0.6438688 0.5528397 
NC_008714_ 1.3206748 1.3647935 1.4052089 1.3940648 1.2486367 1.4377137 1.2354933 1.0960330 1.0462569 0.9814207 0.9520304 0.9077309 0.9077431 0.6438688 0.0000000 0.2869775 
NC_021220_ 1.4050004 1.4396826 1.4833106 1.4570101 1.2531865 1.3899625 1.3787852 1.0688706 0.9534985 0.9981736 0.8895200 0.9348756 0.9556961 0.5528397 0.2869775 0.0000000 
