18
NC_024766_ 0.0000000 1.1733374 2.4419407 2.4352951 2.1790822 2.2489547 2.0702609 2.0566537 2.1586064 2.2009579 2.0416232 2.1538396 2.1027512 2.0646202 2.3111112 2.0690937 2.0036401 1.9360483 
NC_024767_ 1.1733374 0.0000000 2.4132482 1.9346109 1.8359179 2.0763645 2.0052123 2.0893437 2.1549828 1.9026887 1.9526685 1.8652495 1.9185606 1.6296981 2.0506661 1.9880816 1.8827608 1.7944773 
NC_021178_ 2.4419407 2.4132482 0.0000000 1.5543178 1.3858201 1.2621202 2.5557040 1.9604352 2.0631061 1.9438474 1.4782229 1.5062382 1.6063939 1.5141846 2.1259000 1.8078878 1.7866420 1.8792774 
NC_024770_ 2.4352951 1.9346109 1.5543178 0.0000000 0.7818233 0.7809654 2.7335670 1.9773862 1.8183541 1.6934657 1.5878546 1.5373992 1.7921872 1.7546068 1.8953441 1.6952284 1.8410068 1.8278550 
NC_028380_ 2.1790822 1.8359179 1.3858201 0.7818233 0.0000000 0.2191530 2.2889770 1.8917614 1.8185440 1.7123354 1.6160134 1.5881598 1.6335381 1.7355350 1.7036154 1.6642959 1.6585790 1.6629964 
NC_023861_ 2.2489547 2.0763645 1.2621202 0.7809654 0.2191530 0.0000000 2.1921639 1.9589243 1.7550099 1.7348128 1.6084718 1.5694946 1.6375764 1.7443866 1.7129045 1.5522291 1.6525182 1.6117638 
NC_003976_ 2.0702609 2.0052123 2.5557040 2.7335670 2.2889770 2.1921639 0.0000000 2.2018433 2.2891090 2.5182217 2.3719569 2.1990690 1.9499547 2.0769356 2.2465533 1.9033847 2.0822341 2.1550134 
NC_018668_ 2.0566537 2.0893437 1.9604352 1.9773862 1.8917614 1.9589243 2.2018433 0.0000000 1.4178775 1.5300288 1.6845286 1.5404172 1.6789055 1.5799533 1.4472436 1.5751188 1.5293550 1.4449582 
NC_003983_ 2.1586064 2.1549828 2.0631061 1.8183541 1.8185440 1.7550099 2.2891090 1.4178775 0.0000000 1.5931010 1.6590963 1.3249560 1.6002807 1.3832122 1.3975175 1.2427658 1.4795740 1.3700986 
NC_010354_ 2.2009579 1.9026887 1.9438474 1.6934657 1.7123354 1.7348128 2.5182217 1.5300288 1.5931010 0.0000000 1.1961740 1.1001948 1.1976150 1.1139237 1.3468287 1.3018495 1.3990068 1.3823204 
NC_012800_ 2.0416232 1.9526685 1.4782229 1.5878546 1.6160134 1.6084718 2.3719569 1.6845286 1.6590963 1.1961740 0.0000000 0.6161739 0.5595883 0.5611439 1.1867243 1.0587482 1.1228256 1.1069468 
NC_012801_ 2.1538396 1.8652495 1.5062382 1.5373992 1.5881598 1.5694946 2.1990690 1.5404172 1.3249560 1.1001948 0.6161739 0.0000000 0.5331699 0.5598789 1.2465963 1.1917836 1.1149698 1.1226598 
NC_012802_ 2.1027512 1.9185606 1.6063939 1.7921872 1.6335381 1.6375764 1.9499547 1.6789055 1.6002807 1.1976150 0.5595883 0.5331699 0.0000000 0.3857030 1.2026494 1.1809375 1.1669270 1.2065591 
NC_012798_ 2.0646202 1.6296981 1.5141846 1.7546068 1.7355350 1.7443866 2.0769356 1.5799533 1.3832122 1.1139237 0.5611439 0.5598789 0.3857030 0.0000000 1.2607253 1.1513263 1.2368976 1.2596636 
NC_001479_ 2.3111112 2.0506661 2.1259000 1.8953441 1.7036154 1.7129045 2.2465533 1.4472436 1.3975175 1.3468287 1.1867243 1.2465963 1.2026494 1.2607253 0.0000000 0.7241270 0.7611324 0.7492608 
NC_001366_ 2.0690937 1.9880816 1.8078878 1.6952284 1.6642959 1.5522291 1.9033847 1.5751188 1.2427658 1.3018495 1.0587482 1.1917836 1.1809375 1.1513263 0.7241270 0.0000000 0.5045891 0.4899691 
NC_010810_ 2.0036401 1.8827608 1.7866420 1.8410068 1.6585790 1.6525182 2.0822341 1.5293550 1.4795740 1.3990068 1.1228256 1.1149698 1.1669270 1.2368976 0.7611324 0.5045891 0.0000000 0.0931426 
NC_009448_ 1.9360483 1.7944773 1.8792774 1.8278550 1.6629964 1.6117638 2.1550134 1.4449582 1.3700986 1.3823204 1.1069468 1.1226598 1.2065591 1.2596636 0.7492608 0.4899691 0.0931426 0.0000000 
