Node	Site	State 	p_A	p_C	p_G	p_T
30	1	T	0.02178	0.03735	0.00995	0.93092
30	2	T	0.02999	0.05097	0.01410	0.90493
30	3	A	0.90553	0.02155	0.03601	0.03691
30	4	A	0.93615	0.01430	0.02445	0.02510
30	5	A	0.90534	0.02416	0.03434	0.03616
30	6	A	0.91368	0.01962	0.03291	0.03379
30	7	G	0.21665	0.17455	0.40049	0.20831
30	8	G	0.21665	0.17455	0.40049	0.20831
30	9	G	0.21665	0.17455	0.40049	0.20831
30	10	A	0.36569	0.19268	0.20380	0.23783
30	11	Y	0.18760	0.37685	0.15988	0.27567
30	12	G	0.21665	0.17455	0.40049	0.20831
30	13	Y	0.18760	0.37685	0.15988	0.27567
30	14	G	0.21665	0.17455	0.40049	0.20831
30	15	G	0.21665	0.17455	0.40049	0.20831
30	16	T	0.20007	0.23817	0.16485	0.39690
30	17	G	0.21665	0.17455	0.40049	0.20831
30	18	T	0.20007	0.23817	0.16485	0.39690
30	19	G	0.21665	0.17455	0.40049	0.20831
30	20	G	0.21665	0.17455	0.40049	0.20831
30	21	Y	0.18760	0.37685	0.15988	0.27567
30	22	A	0.36569	0.19268	0.20380	0.23783
30	23	G	0.21665	0.17455	0.40049	0.20831
30	24	Y	0.18760	0.37685	0.15988	0.27567
30	25	T	0.20007	0.23817	0.16485	0.39690
30	26	T	0.20007	0.23817	0.16485	0.39690
30	27	T	0.20007	0.23817	0.16485	0.39690
30	28	G	0.21665	0.17455	0.40049	0.20831
30	29	G	0.21665	0.17455	0.40049	0.20831
30	30	Y	0.18760	0.37685	0.15988	0.27567
30	31	T	0.20007	0.23817	0.16485	0.39690
30	32	A	0.57230	0.11275	0.16390	0.15105
30	33	C	0.10503	0.60242	0.07808	0.21447
30	34	C	0.03256	0.85261	0.02013	0.09470
30	35	A	0.92138	0.01778	0.03004	0.03080
30	36	G	0.09241	0.03716	0.82170	0.04873
30	37	C	0.04898	0.78883	0.03090	0.13129
30	38	C	0.08542	0.59715	0.11264	0.20480
30	39	T	0.13353	0.23581	0.11838	0.51228
30	40	G	0.21884	0.15554	0.43138	0.19423
30	41	D	0.30292	0.15160	0.21320	0.33228
30	42	G	0.04279	0.01588	0.92037	0.02097
30	43	G	0.03362	0.01219	0.93807	0.01613
30	44	G	0.23412	0.02421	0.70643	0.03523
30	45	T	0.07316	0.07106	0.30002	0.55577
30	46	T	0.01641	0.02829	0.00738	0.94792
30	47	G	0.05927	0.02240	0.88879	0.02954
30	48	T	0.02847	0.04841	0.01339	0.90974
30	49	T	0.17156	0.22475	0.10658	0.49711
30	50	C	0.01856	0.91528	0.01130	0.05486
30	51	C	0.01254	0.94206	0.00757	0.03784
30	52	C	0.03232	0.85648	0.01979	0.09141
30	53	A	0.84694	0.03493	0.06024	0.05788
30	54	C	0.01345	0.93816	0.00812	0.04028
30	55	C	0.02279	0.89721	0.01396	0.06605
30	56	C	0.01255	0.94199	0.00758	0.03788
30	57	A	0.69992	0.07532	0.10813	0.11663
30	58	H	0.32229	0.25693	0.16498	0.25579
30	59	C	0.20817	0.45782	0.10626	0.22775
30	60	A	0.61227	0.06743	0.21997	0.10033
30	61	G	0.07263	0.02837	0.86181	0.03719
30	62	G	0.10682	0.03593	0.80953	0.04773
30	63	C	0.01255	0.94199	0.00758	0.03788
30	64	C	0.01739	0.92066	0.01058	0.05137
30	65	C	0.01974	0.91034	0.01204	0.05788
30	66	A	0.94130	0.01313	0.02250	0.02307
30	67	C	0.03371	0.84988	0.02086	0.09556
30	68	T	0.07484	0.10850	0.08370	0.73296
30	69	G	0.07962	0.03415	0.82682	0.05940
30	70	G	0.03918	0.01438	0.92742	0.01901
30	71	G	0.02387	0.00843	0.95653	0.01118
30	72	T	0.07090	0.29677	0.03799	0.59434
30	73	G	0.02387	0.00843	0.95653	0.01118
30	74	G	0.13279	0.07104	0.70642	0.08976
30	75	C	0.07666	0.69028	0.05096	0.18209
30	76	T	0.04302	0.07257	0.02070	0.86371
30	77	A	0.63989	0.06581	0.06707	0.22723
30	78	G	0.02757	0.00987	0.94950	0.01307
30	79	T	0.04414	0.07443	0.02129	0.86014
30	80	A	0.86241	0.03175	0.05227	0.05357
30	81	C	0.02000	0.90939	0.01227	0.05833
30	82	T	0.04334	0.07309	0.02086	0.86270
30	83	C	0.01539	0.92956	0.00934	0.04571
30	84	T	0.02318	0.03963	0.01071	0.92647
30	85	G	0.03035	0.01093	0.94424	0.01448
30	86	G	0.07303	0.02826	0.86153	0.03718
30	87	T	0.01963	0.03367	0.00896	0.93773
30	88	A	0.75209	0.05911	0.09253	0.09626
30	89	T	0.09335	0.21388	0.05159	0.64119
30	90	T	0.14724	0.31023	0.09346	0.44906
30	91	A	0.52617	0.12558	0.17038	0.17787
30	92	C	0.04047	0.80404	0.02487	0.13062
30	93	T	0.13605	0.18833	0.09331	0.58232
30	94	T	0.13605	0.18833	0.09331	0.58232
30	95	A	0.57012	0.11909	0.14907	0.16172
30	96	C	0.11595	0.57927	0.08680	0.21798
30	97	C	0.11595	0.57927	0.08680	0.21798
30	98	T	0.13605	0.18833	0.09331	0.58232
30	99	C	0.11595	0.57927	0.08680	0.21798
30	100	G	0.15847	0.09476	0.62886	0.11790
30	101	G	0.15847	0.09476	0.62886	0.11790
30	102	T	0.13605	0.18833	0.09331	0.58232
30	103	A	0.57012	0.11909	0.14907	0.16172
30	104	T	0.13605	0.18833	0.09331	0.58232
30	105	T	0.13605	0.18833	0.09331	0.58232
30	106	A	0.57012	0.11909	0.14907	0.16172
30	107	C	0.11595	0.57927	0.08680	0.21798
30	108	G	0.15847	0.09476	0.62886	0.11790
30	109	G	0.15847	0.09476	0.62886	0.11790
30	110	T	0.13605	0.18833	0.09331	0.58232
30	111	A	0.57012	0.11909	0.14907	0.16172
30	112	C	0.11595	0.57927	0.08680	0.21798
30	113	C	0.16099	0.47788	0.10950	0.25163
30	114	G	0.10556	0.05594	0.76794	0.07056
30	115	A	0.70357	0.07926	0.10589	0.11128
30	116	T	0.17431	0.21285	0.14609	0.46674
30	117	G	0.19469	0.14293	0.49997	0.16241
30	118	T	0.18173	0.20278	0.11113	0.50436
30	119	A	0.70357	0.07926	0.10589	0.11128
30	120	T	0.18173	0.20278	0.11113	0.50436
30	121	A	0.70357	0.07926	0.10589	0.11128
30	122	Y	0.14063	0.34636	0.09493	0.41808
30	123	G	0.07062	0.02719	0.86640	0.03579
30	124	G	0.02867	0.01027	0.94747	0.01360
30	125	T	0.07979	0.12855	0.04042	0.75124
30	126	A	0.91228	0.01990	0.03349	0.03433
30	127	C	0.02079	0.90602	0.01272	0.06047
30	128	C	0.01335	0.93853	0.00807	0.04005
30	129	T	0.06799	0.11439	0.03449	0.78313
30	130	T	0.01887	0.03241	0.00858	0.94014
30	131	T	0.20007	0.23817	0.16485	0.39690
30	132	Y	0.18760	0.37685	0.15988	0.27567
30	133	Y	0.18760	0.37685	0.15988	0.27567
30	134	Y	0.18760	0.37685	0.15988	0.27567
30	135	T	0.20007	0.23817	0.16485	0.39690
30	136	G	0.21665	0.17455	0.40049	0.20831
30	137	T	0.20007	0.23817	0.16485	0.39690
30	138	A	0.36569	0.19268	0.20380	0.23783
30	139	G	0.21665	0.17455	0.40049	0.20831
30	140	G	0.21665	0.17455	0.40049	0.20831
30	141	Y	0.18760	0.37685	0.15988	0.27567
30	142	T	0.00235	0.00620	0.00062	0.99083
30	143	G	0.14496	0.01933	0.80642	0.02929
30	144	T	0.04780	0.08036	0.02324	0.84861
30	145	A	0.94042	0.01334	0.02283	0.02341
30	146	C	0.01433	0.93417	0.00868	0.04282
30	147	G	0.05437	0.02038	0.89837	0.02689
30	148	C	0.01739	0.92066	0.01058	0.05137
30	149	C	0.00133	0.99028	0.00058	0.00781
30	150	T	0.00697	0.01693	0.00220	0.97390
30	151	G	0.16648	0.01986	0.78446	0.02920
30	152	T	0.00199	0.00536	0.00051	0.99214
30	153	T	0.08597	0.13280	0.05236	0.72886
30	154	T	0.00896	0.12252	0.00295	0.86557
30	155	T	0.00321	0.00825	0.00090	0.98764
30	156	T	0.04466	0.09175	0.01888	0.84471
30	157	A	0.74506	0.05780	0.10280	0.09435
30	158	T	0.06252	0.17239	0.02973	0.73536
30	159	T	0.24987	0.19574	0.09419	0.46020
30	160	T	0.11412	0.32950	0.06058	0.49580
30	161	C	0.03447	0.79647	0.01776	0.15130
30	162	H	0.27333	0.33728	0.13884	0.25055
30	163	H	0.27333	0.33728	0.13884	0.25055
30	164	Y	0.13621	0.35414	0.09276	0.41689
30	165	C	0.12207	0.56116	0.09257	0.22420
30	166	A	0.55162	0.12537	0.15445	0.16856
30	167	C	0.00277	0.94318	0.00089	0.05317
30	168	C	0.00191	0.95056	0.00058	0.04694
30	169	C	0.06595	0.70482	0.03975	0.18948
30	170	T	0.01047	0.12795	0.00332	0.85825
30	171	Y	0.10708	0.43026	0.06192	0.40074
30	172	A	0.84221	0.03753	0.05972	0.06053
30	173	W	0.38761	0.13233	0.09030	0.38976
30	174	T	0.28189	0.17737	0.10104	0.43970
30	175	T	0.16262	0.24154	0.11291	0.48293
30	176	A	0.50725	0.28897	0.06830	0.13547
30	177	W	0.39531	0.12437	0.11301	0.36731
30	178	M	0.33714	0.35887	0.09828	0.20570
30	179	T	0.05755	0.38812	0.03242	0.52192
30	180	T	0.11630	0.18996	0.06992	0.62382
30	181	A	0.53743	0.08231	0.06190	0.31836
30	182	C	0.26242	0.39276	0.10225	0.24258
30	183	G	0.07413	0.03031	0.85589	0.03967
30	184	A	0.46389	0.15011	0.18586	0.20015
30	185	T	0.02833	0.04931	0.01352	0.90884
30	186	T	0.08710	0.15047	0.05002	0.71240
30	187	G	0.19815	0.11787	0.53646	0.14752
30	188	C	0.02483	0.88895	0.01536	0.07086
30	189	Y	0.11671	0.37028	0.07440	0.43860
30	190	H	0.24177	0.31243	0.16217	0.28363
30	191	C	0.09885	0.61796	0.06813	0.21506
30	192	H	0.31594	0.20545	0.17444	0.30417
30	193	C	0.27111	0.40446	0.09781	0.22661
30	194	C	0.06148	0.75070	0.04115	0.14667
30	195	T	0.08112	0.13070	0.04693	0.74126
30	196	G	0.08571	0.03516	0.83319	0.04594
30	197	W	0.31391	0.17583	0.12164	0.38862
30	198	G	0.08571	0.03516	0.83319	0.04594
30	199	A	0.47308	0.07861	0.33674	0.11157
30	200	G	0.17211	0.08467	0.63564	0.10758
30	201	G	0.17525	0.10539	0.58087	0.13849
30	202	A	0.76383	0.05922	0.08682	0.09013
30	203	G	0.17525	0.10539	0.58087	0.13849
30	204	T	0.07881	0.12314	0.04526	0.75279
30	205	A	0.58301	0.11099	0.13635	0.16965
30	206	G	0.21807	0.15310	0.44040	0.18843
30	207	T	0.18301	0.23085	0.12831	0.45783
30	208	C	0.08404	0.67605	0.05903	0.18088
30	209	C	0.08404	0.67605	0.05903	0.18088
30	210	G	0.13424	0.07179	0.70337	0.09060
30	211	A	0.67117	0.08604	0.11794	0.12485
30	212	C	0.08404	0.67605	0.05903	0.18088
30	213	T	0.10429	0.15512	0.06392	0.67667
30	214	C	0.14186	0.49445	0.10807	0.25563
30	215	C	0.08404	0.67605	0.05903	0.18088
30	216	G	0.13424	0.07179	0.70337	0.09060
30	217	C	0.08404	0.67605	0.05903	0.18088
30	218	T	0.16430	0.22164	0.11673	0.49734
30	219	C	0.08404	0.67605	0.05903	0.18088
30	220	C	0.08404	0.67605	0.05903	0.18088
30	221	-	0.29058	0.21545	0.23267	0.26129
30	222	G	0.23179	0.17527	0.38116	0.21179
30	223	Y	0.20472	0.27527	0.16476	0.35524
30	224	A	0.67117	0.08604	0.11794	0.12485
30	225	C	0.14515	0.48539	0.11127	0.25819
30	226	-	0.22864	0.26335	0.19526	0.31275
30	227	G	0.20237	0.13538	0.49619	0.16607
30	228	C	0.14822	0.47681	0.11423	0.26074
30	229	Y	0.20628	0.25391	0.16421	0.37560
30	230	G	0.20288	0.13609	0.49414	0.16688
30	231	C	0.14797	0.47742	0.11394	0.26066
30	232	D	0.33961	0.19844	0.21576	0.24620
30	233	C	0.08404	0.67605	0.05903	0.18088
30	234	C	0.14797	0.47742	0.11394	0.26066
30	235	A	0.47846	0.14715	0.17884	0.19555
30	236	G	0.20237	0.13538	0.49619	0.16607
30	237	T	0.16430	0.22164	0.11673	0.49734
30	238	G	0.19748	0.12893	0.51493	0.15866
30	239	A	0.47071	0.15021	0.18063	0.19846
30	240	D	0.34324	0.19498	0.21879	0.24299
30	241	C	0.08404	0.67605	0.05903	0.18088
30	242	T	0.16926	0.22567	0.12222	0.48285
30	243	G	0.13424	0.07179	0.70337	0.09060
30	244	G	0.20237	0.13538	0.49619	0.16607
30	245	T	0.10429	0.15512	0.06392	0.67667
30	246	A	0.46662	0.15145	0.18202	0.19991
30	247	Y	0.19115	0.35911	0.15626	0.29348
30	248	G	0.23420	0.18058	0.36772	0.21751
30	249	Y	0.18937	0.36359	0.15436	0.29268
30	250	T	0.18439	0.23515	0.14145	0.43902
30	251	A	0.56393	0.11987	0.15244	0.16376
30	252	G	0.17211	0.08467	0.63564	0.10758
30	253	T	0.14875	0.20511	0.10387	0.54228
30	254	A	0.59633	0.09815	0.16547	0.14005
30	255	C	0.09402	0.62160	0.06510	0.21928
30	256	C	0.12354	0.54141	0.10504	0.23000
30	257	T	0.14049	0.19765	0.09554	0.56632
30	258	T	0.07881	0.12314	0.04526	0.75279
30	259	T	0.14149	0.19937	0.09679	0.56235
30	260	-	0.22428	0.20763	0.31371	0.25437
30	261	Y	0.19492	0.34768	0.16165	0.29576
30	262	A	0.76383	0.05922	0.08682	0.09013
30	263	C	0.09402	0.62160	0.06510	0.21928
30	264	G	0.09853	0.04665	0.79504	0.05978
30	265	G	0.17525	0.10539	0.58087	0.13849
30	266	A	0.56266	0.12034	0.15277	0.16423
30	267	G	0.21423	0.13975	0.47410	0.17192
30	268	T	0.06049	0.10709	0.03158	0.80084
30	269	-	0.25418	0.29217	0.17085	0.28280
30	270	-	0.20078	0.28191	0.27914	0.23817
30	271	H	0.25531	0.24175	0.18510	0.31784
30	272	Y	0.19901	0.26699	0.14982	0.38419
30	273	R	0.33429	0.13930	0.34499	0.18142
30	274	R	0.38896	0.09696	0.37905	0.13503
30	275	-	0.26989	0.24262	0.19192	0.29558
30	276	A	0.64992	0.08891	0.13167	0.12950
30	277	T	0.11473	0.17908	0.07145	0.63474
30	278	C	0.10272	0.56369	0.06755	0.26604
30	279	C	0.01672	0.92368	0.01017	0.04943
30	280	C	0.01271	0.94132	0.00768	0.03828
30	281	C	0.05034	0.78191	0.03169	0.13607
30	282	C	0.08476	0.65902	0.05385	0.20237
30	283	Y	0.11683	0.42950	0.06628	0.38739
30	284	C	0.05955	0.62581	0.03469	0.27995
30	285	Y	0.13748	0.40603	0.08604	0.37045
30	286	T	0.18624	0.27398	0.11018	0.42959
30	287	T	0.16971	0.26548	0.10166	0.46315
30	288	G	0.03432	0.01247	0.93671	0.01650
30	289	W	0.33535	0.15856	0.08795	0.41814
30	290	A	0.95160	0.01073	0.01859	0.01907
30	291	A	0.95160	0.01073	0.01859	0.01907
30	292	C	0.02918	0.86951	0.01797	0.08335
30	293	H	0.22115	0.26069	0.19222	0.32594
30	294	T	0.01424	0.03168	0.00519	0.94890
30	295	A	0.52408	0.13486	0.16230	0.17876
30	296	T	0.15038	0.20140	0.10796	0.54025
30	297	C	0.13131	0.53410	0.10149	0.23310
30	298	T	0.00037	0.00146	0.00007	0.99810
30	299	A	0.99812	0.00026	0.00094	0.00068
30	300	G	0.37901	0.00666	0.60216	0.01217
30	301	A	0.99916	0.00010	0.00043	0.00030
30	302	A	0.95663	0.00316	0.03329	0.00692
30	303	G	0.04168	0.00212	0.95260	0.00360
30	304	Y	0.16589	0.34507	0.10395	0.38509
30	305	T	0.07513	0.12443	0.04202	0.75842
30	306	A	0.59343	0.10576	0.12008	0.18073
30	307	A	0.81197	0.04528	0.07072	0.07203
30	308	T	0.07242	0.11879	0.03926	0.76953
30	309	A	0.83018	0.03981	0.06421	0.06580
30	310	A	0.53988	0.12087	0.16276	0.17649
30	311	T	0.10315	0.17061	0.05769	0.66855
30	312	A	0.42704	0.11981	0.28575	0.16741
30	313	A	0.41584	0.16466	0.18808	0.23141
30	314	A	0.85877	0.03264	0.05362	0.05496
30	315	C	0.01796	0.91817	0.01093	0.05294
30	316	A	0.93680	0.01418	0.02421	0.02481
30	317	Y	0.20967	0.36745	0.11937	0.30351
30	318	A	0.72878	0.06814	0.09963	0.10345
30	319	A	0.51061	0.13796	0.11455	0.23688
30	320	A	0.57756	0.11107	0.15145	0.15992
30	321	C	0.10325	0.61532	0.06652	0.21491
30	322	A	0.58415	0.11437	0.14493	0.15654
30	323	H	0.24226	0.28377	0.14754	0.32643
30	324	G	0.03275	0.01185	0.93972	0.01568
30	325	Y	0.13137	0.38699	0.07223	0.40941
30	326	T	0.14967	0.16316	0.06299	0.62418
30	327	C	0.00682	0.86989	0.00244	0.12085
30	328	A	0.97141	0.00543	0.01237	0.01080
30	329	A	0.65606	0.14737	0.08235	0.11421
30	330	T	0.01015	0.02313	0.00357	0.96316
30	331	A	0.97512	0.00465	0.01082	0.00940
30	332	G	0.00362	0.00060	0.99490	0.00088
30	333	C	0.14104	0.45310	0.11693	0.28893
30	334	A	0.63014	0.07034	0.19356	0.10596
30	335	R	0.34780	0.11861	0.37495	0.15864
30	336	G	0.09863	0.04308	0.80232	0.05597
30	337	C	0.06842	0.73964	0.04282	0.14913
30	338	G	0.27320	0.10152	0.48968	0.13560
30	339	G	0.21021	0.11640	0.52589	0.14749
30	340	G	0.22389	0.16116	0.38509	0.22986
30	341	G	0.02416	0.00614	0.96114	0.00856
30	342	C	0.12584	0.54794	0.08948	0.23675
30	343	R	0.31431	0.11803	0.40849	0.15917
30	344	C	0.08525	0.66032	0.07291	0.18151
30	345	H	0.33140	0.22424	0.11893	0.32543
30	346	A	0.59896	0.10711	0.14455	0.14937
30	347	C	0.03662	0.78955	0.01911	0.15471
30	348	A	0.99114	0.00150	0.00398	0.00338
30	349	T	0.20774	0.26705	0.12024	0.40497
30	350	C	0.00287	0.98143	0.00134	0.01435
30	351	C	0.00287	0.98143	0.00134	0.01435
30	352	A	0.82331	0.03503	0.03186	0.10980
30	353	G	0.11439	0.06690	0.74620	0.07251
30	354	T	0.13498	0.19670	0.07458	0.59374
30	355	W	0.36333	0.18830	0.19125	0.25712
30	356	G	0.16758	0.07442	0.66145	0.09654
30	357	T	0.14644	0.30413	0.09199	0.45744
30	358	G	0.13485	0.04519	0.75903	0.06092
30	359	T	0.03629	0.14186	0.01488	0.80696
30	360	H	0.21984	0.34297	0.12648	0.31071
30	361	A	0.50672	0.12571	0.18434	0.18324
30	362	A	0.86075	0.02988	0.05713	0.05224
30	363	T	0.14695	0.30949	0.09098	0.45257
30	364	G	0.01150	0.00254	0.98235	0.00360
30	365	A	0.61964	0.09586	0.12011	0.16438
30	366	R	0.43363	0.08086	0.35349	0.13202
30	367	C	0.09187	0.82762	0.01590	0.06461
30	368	A	0.97189	0.00530	0.01219	0.01062
30	369	A	0.83149	0.01466	0.12696	0.02688
30	370	G	0.01939	0.00463	0.96948	0.00650
30	371	C	0.02454	0.82772	0.01166	0.13608
30	372	A	0.83261	0.01428	0.12681	0.02630
30	373	C	0.00930	0.86437	0.00366	0.12267
30	374	T	0.11046	0.02812	0.01149	0.84993
30	375	T	0.00506	0.01233	0.00158	0.98103
30	376	C	0.00185	0.98720	0.00083	0.01012
30	377	T	0.00506	0.01233	0.00158	0.98103
30	378	G	0.11259	0.00522	0.87331	0.00888
30	379	T	0.04349	0.03666	0.09712	0.82274
30	380	C	0.09514	0.61934	0.06601	0.21951
30	381	T	0.04274	0.07216	0.02051	0.86460
30	382	T	0.03107	0.06291	0.01471	0.89131
30	383	C	0.02087	0.90540	0.01275	0.06098
30	384	C	0.01739	0.92066	0.01058	0.05137
30	385	C	0.01433	0.93417	0.00868	0.04282
30	386	C	0.01345	0.93816	0.00812	0.04028
30	387	G	0.02867	0.01027	0.94747	0.01360
30	388	G	0.03220	0.01163	0.94077	0.01540
30	389	A	0.64405	0.07604	0.08777	0.19214
30	390	C	0.17159	0.51912	0.11926	0.19002
30	391	Y	0.15918	0.38889	0.10935	0.34258
30	392	G	0.10150	0.04174	0.80211	0.05464
30	393	A	0.88344	0.02693	0.04420	0.04543
30	394	G	0.05826	0.02221	0.89026	0.02926
30	395	G	0.16054	0.11004	0.51622	0.21319
30	396	G	0.12610	0.04824	0.76083	0.06483
30	397	A	0.53958	0.12336	0.14906	0.18800
30	398	T	0.14017	0.31997	0.08541	0.45445
30	399	G	0.31134	0.07401	0.50930	0.10536
30	400	W	0.26027	0.17801	0.21069	0.35104
30	401	H	0.26960	0.24543	0.14244	0.34253
30	402	Y	0.11485	0.44188	0.09590	0.34737
30	403	G	0.20856	0.15451	0.46312	0.17381
30	404	G	0.31270	0.05774	0.54878	0.08078
30	405	T	0.02377	0.04054	0.01105	0.92465
30	406	A	0.89663	0.02359	0.03940	0.04039
30	407	G	0.16351	0.17466	0.52208	0.13975
30	408	G	0.10123	0.04140	0.80320	0.05417
30	409	C	0.01426	0.93452	0.00864	0.04258
30	410	T	0.02347	0.04005	0.01090	0.92557
30	411	G	0.06280	0.02421	0.88112	0.03187
30	412	T	0.07583	0.12734	0.03962	0.75720
30	413	A	0.55589	0.07304	0.26134	0.10972
30	414	C	0.04907	0.78770	0.03089	0.13234
30	415	C	0.19878	0.52123	0.07674	0.20325
30	416	C	0.19926	0.66244	0.03322	0.10508
30	417	A	0.80460	0.04596	0.07389	0.07555
30	418	C	0.05890	0.75062	0.03765	0.15283
30	419	G	0.07446	0.02915	0.85803	0.03836
30	420	G	0.02645	0.00944	0.95160	0.01251
30	421	C	0.05455	0.76378	0.03459	0.14708
30	422	T	0.19201	0.21655	0.21182	0.37962
30	423	G	0.09486	0.03835	0.81656	0.05024
30	424	A	0.94337	0.01266	0.02171	0.02226
30	425	A	0.86875	0.03026	0.04987	0.05112
30	426	A	0.74174	0.05534	0.11489	0.08803
30	427	G	0.20085	0.13131	0.46856	0.19928
30	428	H	0.23156	0.28354	0.14279	0.34211
30	429	G	0.26114	0.08817	0.53212	0.11858
30	430	A	0.79735	0.04976	0.07517	0.07772
30	431	A	0.56940	0.11151	0.15714	0.16196
30	432	T	0.25208	0.17692	0.07362	0.49738
30	433	C	0.16546	0.46928	0.10433	0.26093
30	434	Y	0.17513	0.39433	0.14857	0.28198
30	435	G	0.19266	0.11212	0.48961	0.20560
30	436	A	0.67944	0.08128	0.10738	0.13189
30	437	C	0.04658	0.79700	0.02918	0.12725
30	438	C	0.01255	0.94199	0.00758	0.03788
30	439	G	0.04932	0.01834	0.90813	0.02422
30	440	T	0.01612	0.02779	0.00724	0.94884
30	441	T	0.04257	0.07196	0.02035	0.86512
30	442	A	0.95160	0.01073	0.01859	0.01907
30	443	H	0.23752	0.29267	0.12672	0.34309
30	444	C	0.01053	0.95093	0.00633	0.03221
30	445	A	0.38141	0.18667	0.20000	0.23192
30	446	Y	0.18176	0.39264	0.15346	0.27215
30	447	A	0.38141	0.18667	0.20000	0.23192
30	448	C	0.01254	0.94206	0.00757	0.03784
30	449	G	0.05251	0.01968	0.90183	0.02597
30	450	C	0.02287	0.89672	0.01421	0.06620
30	451	C	0.04038	0.82167	0.02510	0.11285
30	452	Y	0.12178	0.45144	0.07741	0.34937
30	453	A	0.62346	0.09563	0.13686	0.14405
30	454	Y	0.16984	0.39302	0.13988	0.29726
30	455	H	0.22277	0.26010	0.18645	0.33068
30	456	C	0.05451	0.76709	0.03590	0.14250
30	457	T	0.09033	0.14476	0.04786	0.71705
30	458	A	0.96901	0.00593	0.01336	0.01170
30	459	C	0.00251	0.98348	0.00116	0.01285
30	460	T	0.11046	0.02812	0.01149	0.84993
30	461	T	0.11419	0.29514	0.04844	0.54223
30	462	C	0.08537	0.80719	0.02143	0.08601
30	463	G	0.01617	0.00377	0.97474	0.00532
30	464	A	0.66633	0.08129	0.12761	0.12476
30	465	G	0.11247	0.04550	0.78225	0.05979
30	466	A	0.93502	0.01299	0.02752	0.02447
30	467	A	0.98818	0.00209	0.00523	0.00449
30	468	G	0.15293	0.05667	0.71413	0.07627
30	469	C	0.08252	0.75502	0.04329	0.11917
30	470	C	0.00262	0.97953	0.00121	0.01664
30	471	T	0.02174	0.04724	0.00821	0.92280
30	472	A	0.98173	0.00336	0.00799	0.00692
30	473	G	0.06579	0.02542	0.87536	0.03344
30	474	T	0.02262	0.03868	0.01042	0.92828
30	475	A	0.94816	0.01153	0.01990	0.02041
30	476	H	0.29166	0.28687	0.14872	0.27275
30	477	C	0.01860	0.91541	0.01134	0.05465
30	478	A	0.46303	0.12573	0.10803	0.30321
30	479	Y	0.21706	0.35001	0.11736	0.31558
30	480	C	0.19913	0.46227	0.09540	0.24319
30	481	T	0.13298	0.18774	0.06890	0.61037
30	482	T	0.06834	0.11354	0.03453	0.78359
30	483	G	0.20027	0.10327	0.56463	0.13183
30	484	G	0.14867	0.06894	0.69325	0.08914
30	485	A	0.92977	0.01581	0.02683	0.02760
30	486	H	0.29659	0.21369	0.16014	0.32959
30	487	T	0.20809	0.22306	0.18206	0.38679
30	488	T	0.16157	0.29434	0.10622	0.43787
30	489	W	0.27262	0.22090	0.14691	0.35957
30	490	T	0.21104	0.23979	0.13639	0.41278
30	491	C	0.14180	0.44485	0.09580	0.31755
30	492	D	0.33351	0.15795	0.29008	0.21846
30	493	A	0.50381	0.11265	0.22207	0.16148
30	494	G	0.24010	0.15356	0.37278	0.23356
30	495	G	0.10881	0.04509	0.78718	0.05892
30	496	T	0.08607	0.13076	0.05298	0.73019
30	497	R	0.29339	0.11936	0.40464	0.18261
30	498	H	0.23513	0.34232	0.11774	0.30481
30	499	G	0.00167	0.00020	0.99783	0.00031
30	500	T	0.00088	0.00301	0.00019	0.99592
30	501	T	0.00275	0.00860	0.00070	0.98795
30	502	G	0.08812	0.02103	0.86142	0.02943
30	503	C	0.01372	0.93685	0.00830	0.04113
30	504	G	0.03038	0.01094	0.94419	0.01449
30	505	C	0.04496	0.80417	0.02797	0.12289
30	506	T	0.04112	0.06956	0.01960	0.86972
30	507	C	0.01456	0.93315	0.00882	0.04347
30	508	A	0.73335	0.06450	0.09977	0.10239
30	509	G	0.08858	0.03534	0.82971	0.04637
30	510	C	0.02414	0.89123	0.01484	0.06979
30	511	A	0.75141	0.06260	0.08713	0.09887
30	512	C	0.11711	0.45171	0.25899	0.17218
30	513	D	0.22841	0.17235	0.31644	0.28280
30	514	H	0.25608	0.24636	0.13353	0.36402
30	515	T	0.19456	0.18249	0.21400	0.40896
30	516	A	0.68538	0.07880	0.11695	0.11887
30	517	C	0.04064	0.82041	0.02422	0.11473
30	518	C	0.02649	0.87722	0.01665	0.07965
30	519	C	0.02639	0.88186	0.01624	0.07551
30	520	C	0.12596	0.46609	0.08365	0.32430
30	521	G	0.18084	0.21163	0.43150	0.17603
30	522	A	0.63290	0.07941	0.17090	0.11680
30	523	-	0.20023	0.30262	0.27494	0.22220
30	524	H	0.22852	0.31194	0.11109	0.34845
30	525	G	0.19163	0.14955	0.41944	0.23938
30	526	G	0.17210	0.14770	0.40858	0.27162
30	527	G	0.08611	0.18595	0.65932	0.06862
30	528	T	0.04068	0.33195	0.02062	0.60675
30	529	A	0.91300	0.01974	0.03314	0.03412
30	530	G	0.04460	0.01648	0.91715	0.02177
30	531	C	0.12181	0.51820	0.07805	0.28194
30	532	T	0.03669	0.06214	0.01743	0.88373
30	533	C	0.05073	0.76430	0.03153	0.15344
30	534	Y	0.18713	0.29283	0.13451	0.38553
30	535	G	0.11047	0.01274	0.85738	0.01940
30	536	G	0.11068	0.01657	0.84817	0.02458
30	537	Y	0.14071	0.36232	0.09609	0.40088
30	538	Y	0.14120	0.34023	0.08888	0.42968
30	539	G	0.11078	0.01001	0.86357	0.01564
30	540	A	0.86112	0.01637	0.01085	0.11166
30	541	T	0.00276	0.00727	0.00074	0.98923
30	542	G	0.11117	0.00853	0.86671	0.01358
30	543	A	0.71794	0.03303	0.19306	0.05597
30	544	G	0.04954	0.00199	0.94531	0.00316
30	545	T	0.20007	0.23817	0.16485	0.39690
30	546	T	0.09212	0.30593	0.13588	0.46607
30	547	C	0.01053	0.95093	0.00633	0.03221
30	548	T	0.03053	0.05182	0.01439	0.90326
30	549	G	0.14917	0.23321	0.48171	0.13592
30	550	G	0.04943	0.01849	0.90768	0.02440
30	551	G	0.11246	0.04595	0.78121	0.06039
30	552	C	0.07805	0.68012	0.05068	0.19115
30	553	A	0.54757	0.10606	0.10801	0.23836
30	554	T	0.15114	0.28117	0.09505	0.47264
30	555	H	0.23194	0.31990	0.16857	0.27960
30	556	T	0.10133	0.17906	0.05446	0.66514
30	557	C	0.00682	0.86989	0.00244	0.12085
30	558	C	0.00117	0.99110	0.00050	0.00722
30	559	C	0.08133	0.78645	0.02661	0.10560
30	560	C	0.00117	0.99110	0.00050	0.00722
30	561	A	0.96717	0.00631	0.01413	0.01239
30	562	C	0.02790	0.81841	0.01366	0.14003
30	563	R	0.32701	0.09999	0.40445	0.16855
30	564	G	0.01760	0.00407	0.97259	0.00575
30	565	G	0.00362	0.00060	0.99490	0.00088
30	566	C	0.04310	0.77173	0.02317	0.16200
30	567	G	0.00768	0.00157	0.98851	0.00224
30	568	A	0.95160	0.01073	0.01859	0.01907
30	569	C	0.02087	0.90540	0.01275	0.06098
30	570	Y	0.19308	0.40222	0.07621	0.32849
30	571	G	0.08501	0.03372	0.83701	0.04426
30	572	T	0.06667	0.11087	0.03356	0.78890
30	573	G	0.02161	0.00756	0.96080	0.01003
30	574	T	0.16819	0.22187	0.11241	0.49753
30	575	G	0.12213	0.05286	0.75616	0.06885
30	576	C	0.06198	0.73535	0.03891	0.16375
30	577	C	0.02186	0.90143	0.01339	0.06332
30	578	C	0.09635	0.57182	0.07394	0.25788
30	579	A	0.78956	0.04968	0.07855	0.08221
30	580	G	0.02161	0.00756	0.96080	0.01003
30	581	G	0.21260	0.16754	0.41932	0.20053
30	582	G	0.21260	0.16754	0.41932	0.20053
30	583	G	0.21260	0.16754	0.41932	0.20053
30	584	Y	0.18176	0.39264	0.15346	0.27215
30	585	Y	0.18176	0.39264	0.15346	0.27215
30	586	A	0.38141	0.18667	0.20000	0.23192
30	587	A	0.38141	0.18667	0.20000	0.23192
30	588	A	0.38141	0.18667	0.20000	0.23192
30	589	A	0.38141	0.18667	0.20000	0.23192
30	590	G	0.07633	0.03929	0.84305	0.04133
30	591	C	0.02526	0.71742	0.01398	0.24334
30	592	T	0.05765	0.26001	0.02928	0.65306
30	593	G	0.02869	0.01027	0.94743	0.01361
30	594	C	0.01254	0.94206	0.00757	0.03784
30	595	G	0.02161	0.00756	0.96080	0.01003
30	596	T	0.09745	0.15781	0.05293	0.69180
30	597	T	0.03340	0.05664	0.01580	0.89416
30	598	G	0.07532	0.02923	0.85699	0.03846
30	599	G	0.05437	0.02038	0.89837	0.02689
30	600	C	0.02502	0.88736	0.01535	0.07227
30	601	G	0.11560	0.04923	0.77101	0.06416
30	602	G	0.05247	0.01975	0.90174	0.02605
30	603	C	0.02309	0.89603	0.01416	0.06673
30	604	C	0.01053	0.95093	0.00633	0.03221
30	605	D	0.27661	0.17110	0.25357	0.29872
30	606	G	0.09143	0.03888	0.81902	0.05067
30	607	C	0.04941	0.79248	0.03178	0.12633
30	608	C	0.06198	0.73565	0.04019	0.16218
30	609	C	0.09966	0.56020	0.06450	0.27563
30	610	A	0.68989	0.07373	0.12546	0.11092
30	611	C	0.02007	0.91026	0.01240	0.05726
30	612	A	0.41859	0.20990	0.18159	0.18993
30	613	C	0.03257	0.85589	0.02033	0.09121
30	614	C	0.08986	0.64093	0.06043	0.20878
30	615	C	0.15045	0.44603	0.10452	0.29900
30	616	H	0.31010	0.28479	0.13848	0.26663
30	617	T	0.15983	0.20708	0.12856	0.50453
30	618	G	0.23822	0.13014	0.46467	0.16698
30	619	D	0.21917	0.19334	0.31906	0.26843
30	620	G	0.03733	0.01367	0.93091	0.01810
30	621	G	0.12278	0.05021	0.76135	0.06566
30	622	G	0.19500	0.12995	0.51909	0.15597
30	623	Y	0.14298	0.36391	0.21487	0.27823
30	624	A	0.64708	0.09353	0.12445	0.13494
30	625	A	0.63279	0.09258	0.13705	0.13758
30	626	C	0.16561	0.49061	0.11866	0.22513
30	627	C	0.15831	0.43967	0.11515	0.28686
30	628	C	0.07380	0.69527	0.04837	0.18256
30	629	C	0.13089	0.50670	0.09167	0.27073
30	630	D	0.31659	0.18387	0.27450	0.22504
30	631	T	0.06570	0.10718	0.03242	0.79470
30	632	G	0.25112	0.11936	0.47214	0.15737
30	633	G	0.11436	0.04908	0.77283	0.06373
30	634	G	0.07128	0.02772	0.86465	0.03635
30	635	A	0.80117	0.04669	0.07513	0.07701
30	636	C	0.05219	0.77550	0.03298	0.13932
30	637	G	0.02161	0.00756	0.96080	0.01003
30	638	C	0.03338	0.85158	0.02063	0.09441
30	639	C	0.05290	0.75211	0.03288	0.16212
30	640	Y	0.12162	0.36923	0.07322	0.43593
30	641	W	0.30772	0.16734	0.10785	0.41709
30	642	R	0.26680	0.14997	0.38366	0.19957
30	643	T	0.23549	0.16368	0.08650	0.51433
30	644	T	0.11360	0.17624	0.06602	0.64414
30	645	A	0.66145	0.07918	0.13899	0.12037
30	646	W	0.37207	0.19418	0.15318	0.28058
30	647	G	0.23265	0.15697	0.38716	0.22322
30	648	G	0.09918	0.04036	0.80761	0.05285
30	649	A	0.93789	0.01392	0.02379	0.02440
30	650	C	0.02294	0.89653	0.01406	0.06647
30	651	A	0.81366	0.04355	0.07052	0.07228
30	652	W	0.39262	0.16229	0.16864	0.27645
30	653	G	0.08619	0.03415	0.83481	0.04484
30	654	G	0.08268	0.03274	0.84159	0.04298
30	655	T	0.03719	0.06289	0.01775	0.88218
30	656	G	0.02391	0.00845	0.95644	0.01120
30	657	T	0.12950	0.15392	0.19477	0.52181
30	658	G	0.07176	0.02762	0.86424	0.03637
30	659	A	0.57401	0.08609	0.21623	0.12367
30	660	-	0.24488	0.24096	0.25171	0.26246
30	661	T	0.14082	0.20065	0.09729	0.56124
30	662	-	0.31350	0.20163	0.23940	0.24547
30	663	G	0.11220	0.05027	0.77277	0.06475
30	664	Y	0.16460	0.41463	0.12865	0.29212
30	665	G	0.21260	0.16754	0.41932	0.20053
30	666	C	0.08645	0.67163	0.06235	0.17958
30	667	A	0.95074	0.00186	0.04326	0.00413
30	668	A	0.99812	0.00026	0.00094	0.00068
30	669	G	0.01334	0.00334	0.97500	0.00832
30	670	A	0.89949	0.02081	0.03054	0.04916
30	671	G	0.05804	0.00568	0.92870	0.00758
30	672	C	0.02751	0.80175	0.01282	0.15792
30	673	C	0.00068	0.97843	0.00019	0.02070
30	674	T	0.09099	0.07777	0.02168	0.80956
30	675	A	0.85179	0.01353	0.10886	0.02581
30	676	T	0.10987	0.17272	0.05465	0.66276
30	677	T	0.00493	0.06427	0.00128	0.92953
30	678	G	0.01592	0.00066	0.98230	0.00112
30	679	A	0.68014	0.04540	0.19537	0.07909
30	680	G	0.00273	0.00042	0.99622	0.00062
30	681	C	0.00082	0.99350	0.00034	0.00534
30	682	T	0.01612	0.02779	0.00724	0.94884
30	683	-	0.21337	0.26650	0.19964	0.32049
30	684	Y	0.13111	0.44809	0.09649	0.32431
30	685	A	0.75502	0.05805	0.09329	0.09363
30	686	G	0.20243	0.11268	0.54637	0.13852
30	687	H	0.20361	0.30891	0.17271	0.31477
30	688	T	0.09926	0.15615	0.05313	0.69146
30	689	G	0.14137	0.06241	0.71517	0.08104
30	690	G	0.10073	0.04100	0.80449	0.05377
30	691	K	0.10843	0.10848	0.33111	0.45198
30	692	A	0.59914	0.08372	0.08508	0.23206
30	693	G	0.11697	0.05148	0.76470	0.06685
30	694	T	0.02782	0.04738	0.01299	0.91181
30	695	C	0.01433	0.93417	0.00868	0.04282
30	696	C	0.01887	0.91423	0.01151	0.05539
30	697	T	0.01885	0.03236	0.00857	0.94023
30	698	C	0.01255	0.94199	0.00758	0.03788
30	699	C	0.01974	0.91034	0.01204	0.05788
30	700	G	0.03275	0.01185	0.93972	0.01568
30	701	G	0.02867	0.01027	0.94747	0.01360
30	702	C	0.03806	0.83221	0.02364	0.10609
30	703	C	0.01509	0.93092	0.00916	0.04483
30	704	T	0.08547	0.28036	0.04375	0.59042
30	705	C	0.01433	0.93417	0.00868	0.04282
30	706	C	0.01482	0.93206	0.00900	0.04412
30	707	T	0.00276	0.00727	0.00074	0.98923
30	708	G	0.11259	0.00522	0.87331	0.00888
30	709	A	0.99291	0.00115	0.00322	0.00272
30	710	A	0.99291	0.00115	0.00322	0.00272
30	711	T	0.00434	0.01076	0.00131	0.98359
30	712	G	0.11117	0.00853	0.86671	0.01358
30	713	C	0.01039	0.86178	0.00422	0.12360
30	714	G	0.01693	0.00396	0.97354	0.00557
30	715	G	0.11259	0.00522	0.87331	0.00888
30	716	T	0.19510	0.23513	0.15870	0.41107
30	717	Y	0.18176	0.39264	0.15346	0.27215
30	718	C	0.00151	0.98921	0.00066	0.00861
30	719	T	0.15316	0.01954	0.00866	0.81864
30	720	A	0.80751	0.13961	0.01245	0.04043
30	721	A	0.81502	0.00666	0.16550	0.01283
30	722	C	0.00549	0.94231	0.00245	0.04975
30	723	C	0.00182	0.98726	0.00081	0.01011
30	724	C	0.02927	0.72559	0.01368	0.23146
30	725	T	0.07922	0.21006	0.03963	0.67109
30	726	A	0.99493	0.00080	0.00232	0.00195
30	727	A	0.99168	0.00140	0.00375	0.00317
30	728	C	0.13097	0.79080	0.01561	0.06261
30	729	C	0.02223	0.89960	0.01362	0.06455
30	730	C	0.08347	0.66067	0.05449	0.20138
30	731	C	0.04751	0.79180	0.02970	0.13099
30	732	A	0.53244	0.04309	0.35802	0.06645
30	733	G	0.07268	0.02813	0.86218	0.03701
30	734	A	0.91270	0.01979	0.03334	0.03418
30	735	G	0.02869	0.01027	0.94743	0.01361
30	736	C	0.02087	0.90540	0.01275	0.06098
30	737	A	0.59587	0.11276	0.13840	0.15297
30	738	T	0.14127	0.27179	0.08617	0.50077
30	739	A	0.49148	0.14159	0.17361	0.19332
30	740	T	0.08803	0.20313	0.04598	0.66286
30	741	G	0.11718	0.04488	0.77866	0.05928
30	742	G	0.09676	0.08204	0.75925	0.06195
30	743	Y	0.16076	0.31858	0.10278	0.41788
30	744	C	0.23376	0.45777	0.09724	0.21122
30	745	G	0.17144	0.06015	0.68793	0.08048
30	746	C	0.04938	0.78343	0.03090	0.13629
30	747	A	0.81792	0.04227	0.06952	0.07029
30	748	A	0.95160	0.01073	0.01859	0.01907
30	749	Y	0.22250	0.29175	0.12260	0.36315
30	750	C	0.01053	0.95093	0.00633	0.03221
30	751	C	0.01053	0.95093	0.00633	0.03221
30	752	A	0.86099	0.03221	0.05267	0.05413
30	753	G	0.05759	0.02182	0.89183	0.02876
30	754	C	0.06784	0.67819	0.04237	0.21160
30	755	G	0.16043	0.11921	0.50181	0.21855
30	756	R	0.37583	0.13083	0.31389	0.17945
30	757	C	0.13370	0.42850	0.21154	0.22626
30	758	T	0.08096	0.14629	0.04108	0.73167
30	759	A	0.68434	0.06771	0.14239	0.10555
30	760	G	0.09554	0.03888	0.81460	0.05098
30	761	T	0.16707	0.22330	0.11808	0.49154
30	762	R	0.35557	0.10820	0.38716	0.14907
30	763	T	0.13054	0.19007	0.09322	0.58617
30	764	G	0.02757	0.00987	0.94950	0.01307
30	765	T	0.01881	0.03230	0.00856	0.94033
30	766	C	0.01902	0.91370	0.01161	0.05568
30	767	R	0.54122	0.00886	0.43490	0.01502
30	768	T	0.00321	0.00826	0.00090	0.98762
30	769	A	0.99291	0.00115	0.00322	0.00272
30	770	A	0.85200	0.00806	0.12468	0.01527
30	771	T	0.05818	0.20780	0.02698	0.70703
30	772	G	0.09044	0.04338	0.79270	0.07348
30	773	C	0.05497	0.77999	0.02750	0.13754
30	774	G	0.00805	0.00165	0.98793	0.00237
30	775	Y	0.13876	0.32997	0.09446	0.43681
30	776	A	0.98880	0.00196	0.00498	0.00426
30	777	A	0.86274	0.00463	0.12351	0.00912
30	778	G	0.14004	0.07175	0.68434	0.10388
30	779	T	0.00814	0.01910	0.00271	0.97006
30	780	C	0.02303	0.87903	0.01229	0.08566
30	781	T	0.11375	0.20036	0.06548	0.62041
30	782	G	0.00905	0.00191	0.98632	0.00272
30	783	G	0.11661	0.05536	0.74839	0.07964
30	784	G	0.08633	0.04151	0.79705	0.07512
30	785	R	0.42847	0.09352	0.34519	0.13282
30	786	C	0.09927	0.56081	0.03641	0.30352
30	787	G	0.11259	0.00522	0.87331	0.00888
30	788	G	0.00362	0.00060	0.99490	0.00088
30	789	G	0.02740	0.00300	0.96514	0.00446
30	790	A	0.98855	0.00201	0.00509	0.00436
30	791	C	0.00682	0.86989	0.00244	0.12085
30	792	C	0.08522	0.80398	0.02215	0.08865
30	793	G	0.11114	0.00925	0.86504	0.01457
30	794	A	0.99291	0.00115	0.00322	0.00272
30	795	C	0.00117	0.99110	0.00050	0.00722
30	796	T	0.01713	0.02948	0.00773	0.94566
30	797	A	0.99161	0.00141	0.00378	0.00321
30	798	C	0.00142	0.98966	0.00062	0.00829
30	799	T	0.00321	0.00825	0.00090	0.98764
30	800	T	0.00276	0.00727	0.00074	0.98923
30	801	T	0.11207	0.02073	0.00882	0.85837
30	802	G	0.11119	0.00984	0.86362	0.01536
30	803	G	0.11259	0.00522	0.87331	0.00888
30	804	G	0.28495	0.02951	0.58510	0.10044
30	805	T	0.13950	0.08886	0.20888	0.56275
30	806	G	0.37608	0.02196	0.56729	0.03467
30	807	G	0.05436	0.03426	0.87656	0.03482
30	808	T	0.00267	0.00837	0.00068	0.98828
30	809	C	0.00567	0.94038	0.00209	0.05187
30	810	C	0.08352	0.75806	0.00788	0.15054
30	811	G	0.00051	0.00005	0.99937	0.00007
30	812	T	0.01964	0.01233	0.00217	0.96587
30	813	C	0.02659	0.59492	0.33599	0.04250
30	814	T	0.00037	0.00146	0.00007	0.99810
30	815	T	0.00304	0.05422	0.00073	0.94202
30	816	T	0.00037	0.00146	0.00007	0.99810
30	817	C	0.00182	0.98726	0.00081	0.01011
30	818	Y	0.04067	0.50709	0.01821	0.43403
30	819	T	0.05274	0.02372	0.00463	0.91891
30	820	T	0.13928	0.15906	0.14920	0.55246
30	821	T	0.02292	0.03917	0.01058	0.92733
30	822	T	0.12657	0.14501	0.19493	0.53348
30	823	T	0.08191	0.12816	0.04122	0.74871
30	824	T	0.05374	0.09009	0.02634	0.82983
30	825	T	0.03819	0.06442	0.01824	0.87915
30	826	C	0.07415	0.69045	0.04805	0.18735
30	827	T	0.11494	0.22273	0.06712	0.59520
30	828	T	0.03942	0.06666	0.01890	0.87503
30	829	W	0.41260	0.15905	0.13023	0.29812
30	830	T	0.28873	0.12796	0.07013	0.51318
30	831	W	0.37309	0.17671	0.16765	0.28256
30	832	T	0.17420	0.27826	0.10778	0.43976
30	833	D	0.19699	0.17522	0.31327	0.31452
30	834	W	0.32745	0.17734	0.13162	0.36359
30	835	T	0.04321	0.07207	0.02120	0.86353
30	836	G	0.12602	0.05057	0.75721	0.06620
30	837	G	0.14002	0.18785	0.54185	0.13029
30	838	C	0.20228	0.47783	0.08668	0.23321
30	839	T	0.25384	0.12040	0.06611	0.55965
30	840	G	0.20528	0.14525	0.43158	0.21788
30	841	C	0.03038	0.86459	0.01875	0.08628
30	842	T	0.15220	0.02244	0.00981	0.81554
30	843	T	0.00235	0.00621	0.00063	0.99081
30	844	A	0.99388	0.00100	0.00278	0.00235
30	845	T	0.01273	0.16437	0.00432	0.81858
30	846	G	0.00725	0.00138	0.98938	0.00199
30	847	G	0.04652	0.02499	0.80315	0.12534
30	848	T	0.00444	0.01113	0.00133	0.98310
30	849	G	0.14185	0.03972	0.73322	0.08520
30	850	A	0.99701	0.00044	0.00148	0.00108
30	851	C	0.00016	0.99818	0.00005	0.00161
30	852	A	0.99634	0.00054	0.00180	0.00132
30	853	A	0.98962	0.00167	0.00500	0.00371
30	854	T	0.07065	0.18232	0.02320	0.72383
30	855	T	0.07771	0.20922	0.04041	0.67265
30	856	G	0.19738	0.12877	0.51537	0.15847
30	857	H	0.21076	0.30105	0.17558	0.31262
30	858	T	0.16418	0.22144	0.11672	0.49766
30	859	G	0.13424	0.07179	0.70337	0.09060
30	860	A	0.47839	0.14726	0.17869	0.19566
30	861	G	0.20237	0.13538	0.49619	0.16607
30	862	A	0.67117	0.08604	0.11794	0.12485
30	863	T	0.16216	0.22012	0.11442	0.50330
30	864	T	0.10429	0.15512	0.06392	0.67667
30	865	T	0.16430	0.22164	0.11673	0.49734
30	866	G	0.20237	0.13538	0.49619	0.16607
30	867	Y	0.20372	0.25993	0.16192	0.37443
30	868	G	0.13424	0.07179	0.70337	0.09060
30	869	A	0.47577	0.14819	0.17946	0.19657
30	870	-	0.31229	0.21114	0.21190	0.26467
30	871	H	0.21911	0.26506	0.18187	0.33396
30	872	T	0.10429	0.15512	0.06392	0.67667
30	873	-	0.24259	0.24716	0.19588	0.31437
30	874	G	0.12573	0.06015	0.73690	0.07722
30	875	T	0.22900	0.19585	0.10463	0.47052
30	876	D	0.31619	0.18239	0.27382	0.22760
30	877	A	0.73769	0.06190	0.10302	0.09738
30	878	R	0.25897	0.17067	0.35843	0.21193
30	879	R	0.28006	0.14767	0.38236	0.18992
30	880	T	0.02286	0.04813	0.00921	0.91980
30	881	T	0.02327	0.04889	0.00941	0.91843
30	882	G	0.19294	0.09357	0.59328	0.12022
30	883	T	0.13872	0.09116	0.03600	0.73412
30	884	T	0.14062	0.16187	0.06432	0.63319
30	885	A	0.57349	0.11020	0.15818	0.15813
30	886	Y	0.10494	0.36779	0.06319	0.46409
30	887	C	0.03011	0.79203	0.01466	0.16320
30	888	A	0.97146	0.00518	0.01313	0.01023
30	889	T	0.05140	0.06423	0.01371	0.87066
30	890	A	0.99885	0.00015	0.00059	0.00041
30	891	T	0.18638	0.11416	0.05163	0.64783
30	892	A	0.80797	0.00896	0.16613	0.01695
30	893	G	0.07053	0.02024	0.88121	0.02802
30	894	Y	0.15353	0.37441	0.10125	0.37081
30	895	G	0.11069	0.08846	0.51775	0.28309
30	896	A	0.45207	0.22384	0.10753	0.21656
30	897	C	0.15942	0.46372	0.11834	0.25851
30	898	T	0.06911	0.37336	0.03372	0.52381
30	899	T	0.00480	0.01195	0.00145	0.98180
30	900	G	0.13420	0.07134	0.70418	0.09028
30	901	A	0.64521	0.09445	0.12625	0.13409
30	902	G	0.11559	0.04870	0.77219	0.06353
30	903	G	0.15606	0.10617	0.51619	0.22157
30	904	A	0.76318	0.05628	0.08922	0.09131
30	905	T	0.09025	0.15081	0.04809	0.71085
30	906	T	0.02282	0.03901	0.01053	0.92764
30	907	G	0.09662	0.03902	0.81322	0.05114
30	908	G	0.26341	0.08408	0.53800	0.11452
30	909	C	0.06950	0.59294	0.04105	0.29650
30	910	C	0.03905	0.66979	0.02202	0.26914
30	911	A	0.57592	0.06145	0.26850	0.09412
30	912	T	0.19611	0.20869	0.21689	0.37831
30	913	C	0.05413	0.62976	0.03107	0.28505
30	914	C	0.08378	0.55925	0.05145	0.30551
30	915	G	0.06402	0.02455	0.87910	0.03233
30	916	G	0.07923	0.03239	0.84602	0.04236
30	917	T	0.11269	0.16677	0.06325	0.65730
30	918	G	0.07394	0.03039	0.85596	0.03971
30	919	A	0.48261	0.14103	0.14931	0.22705
30	920	H	0.32784	0.20518	0.18153	0.28545
30	921	H	0.32148	0.19879	0.15748	0.32225
30	922	-	0.26137	0.18946	0.26397	0.28519
30	923	H	0.32705	0.22419	0.15724	0.29153
30	924	T	0.17633	0.27449	0.12832	0.42087
30	925	A	0.43622	0.15217	0.14446	0.26715
30	926	G	0.17658	0.11166	0.54517	0.16660
30	927	A	0.51066	0.12298	0.19765	0.16871
30	928	C	0.17978	0.39178	0.23823	0.19020
30	929	A	0.37829	0.18597	0.19200	0.24374
30	930	T	0.09281	0.14893	0.05080	0.70746
30	931	A	0.55638	0.11456	0.14119	0.18786
30	932	T	0.06151	0.10154	0.03131	0.80564
30	933	T	0.08633	0.14088	0.04633	0.72646
30	934	G	0.31801	0.08992	0.46937	0.12269
30	935	Y	0.16854	0.32939	0.11959	0.38248
30	936	A	0.73827	0.06297	0.08513	0.11363
30	937	A	0.51667	0.13143	0.13957	0.21234
30	938	A	0.64138	0.08695	0.09437	0.17731
30	939	W	0.34409	0.17896	0.14388	0.33308
30	940	W	0.34409	0.17896	0.14388	0.33308
30	941	R	0.36056	0.11906	0.36287	0.15750
30	942	W	0.34409	0.17896	0.14388	0.33308
30	943	Y	0.13487	0.39442	0.09274	0.37797
30	944	C	0.06740	0.73388	0.04607	0.15265
30	945	R	0.36056	0.11906	0.36287	0.15750
30	946	D	0.19803	0.18406	0.29519	0.32272
30	947	Y	0.13705	0.36123	0.09344	0.40828
30	948	T	0.08715	0.13428	0.05203	0.72654
30	949	C	0.06740	0.73388	0.04607	0.15265
30	950	Y	0.13487	0.39442	0.09274	0.37797
30	951	Y	0.13705	0.36123	0.09344	0.40828
30	952	H	0.28248	0.32970	0.13992	0.24790
30	953	B	0.18997	0.26669	0.32869	0.21466
30	954	H	0.21828	0.28118	0.18386	0.31668
30	955	C	0.10314	0.60299	0.08360	0.21028
30	956	C	0.16744	0.45170	0.11178	0.26908
30	957	T	0.10417	0.17398	0.06039	0.66146
30	958	A	0.45804	0.14743	0.18558	0.20895
30	959	H	0.28264	0.23507	0.14459	0.33770
30	960	Y	0.18384	0.34052	0.17903	0.29662
30	961	A	0.61759	0.09457	0.13510	0.15274
30	962	-	0.24983	0.22236	0.25502	0.27279
30	963	T	0.15390	0.23678	0.09762	0.51170
30	964	T	0.11822	0.16791	0.06615	0.64772
30	965	T	0.16736	0.21835	0.10443	0.50986
30	966	Y	0.17019	0.33796	0.12059	0.37125
30	967	A	0.46147	0.16911	0.15881	0.21061
30	968	Y	0.18570	0.31136	0.12873	0.37421
30	969	A	0.63417	0.09391	0.13279	0.13913
30	970	A	0.37365	0.17953	0.20723	0.23959
30	971	Y	0.19211	0.38459	0.13586	0.28744
30	972	T	0.17088	0.26123	0.11398	0.45391
30	973	C	0.11992	0.53636	0.08379	0.25993
30	974	T	0.13639	0.22294	0.08493	0.55574
30	975	T	0.11472	0.17214	0.06622	0.64691
30	976	A	0.38697	0.17731	0.19409	0.24162
30	977	-	0.26894	0.22262	0.24462	0.26382
