Node	Site	State 	p_A	p_C	p_G	p_T
98	1	T	0.06098	0.10312	0.03360	0.80231
98	2	T	0.06098	0.10312	0.03360	0.80231
98	3	T	0.00000	0.00000	0.00000	1.00000
98	4	T	0.00004	0.00003	0.00000	0.99993
98	5	T	0.01482	0.00023	0.00003	0.98493
98	6	A	1.00000	0.00000	0.00000	0.00000
98	7	A	1.00000	0.00000	0.00000	0.00000
98	8	A	0.99997	0.00001	0.00001	0.00001
98	9	C	0.00000	0.99993	0.00000	0.00007
98	10	A	0.99999	0.00000	0.00001	0.00000
98	11	G	0.00003	0.00000	0.99997	0.00000
98	12	C	0.00010	0.97134	0.00002	0.02854
98	13	C	0.00001	0.99982	0.00000	0.00016
98	14	T	0.00019	0.00257	0.00002	0.99721
98	15	G	0.00036	0.00002	0.99959	0.00003
98	16	G	0.00023	0.00001	0.99974	0.00002
98	17	G	0.00000	0.00000	1.00000	0.00000
98	18	G	0.00001	0.00000	0.99999	0.00000
98	19	G	0.00000	0.00000	1.00000	0.00000
98	20	T	0.00000	0.00000	0.00000	1.00000
98	21	G	0.20388	0.16106	0.44423	0.19084
98	22	G	0.20388	0.16106	0.44423	0.19084
98	23	C	0.17165	0.40912	0.14933	0.26989
98	24	A	0.39327	0.18181	0.20023	0.22469
98	25	G	0.20388	0.16106	0.44423	0.19084
98	26	C	0.17165	0.40912	0.14933	0.26989
98	27	T	0.18520	0.23563	0.15449	0.42468
98	28	T	0.18520	0.23563	0.15449	0.42468
98	29	T	0.18520	0.23563	0.15449	0.42468
98	30	G	0.20388	0.16106	0.44423	0.19084
98	31	G	0.20388	0.16106	0.44423	0.19084
98	32	C	0.17165	0.40912	0.14933	0.26989
98	33	T	0.18520	0.23563	0.15449	0.42468
98	34	G	0.20388	0.16106	0.44423	0.19084
98	35	T	0.18520	0.23563	0.15449	0.42468
98	36	C	0.17165	0.40912	0.14933	0.26989
98	37	A	0.39327	0.18181	0.20023	0.22469
98	38	T	0.18520	0.23563	0.15449	0.42468
98	39	G	0.20388	0.16106	0.44423	0.19084
98	40	C	0.17165	0.40912	0.14933	0.26989
98	41	C	0.17165	0.40912	0.14933	0.26989
98	42	G	0.20388	0.16106	0.44423	0.19084
98	43	T	0.00000	0.00000	0.00000	1.00000
98	44	G	0.00000	0.00000	1.00000	0.00000
98	45	T	0.00000	0.00001	0.00000	0.99999
98	46	T	0.03884	0.00577	0.00070	0.95469
98	47	C	0.00000	1.00000	0.00000	0.00000
98	48	C	0.00000	1.00000	0.00000	0.00000
98	49	C	0.00000	0.99999	0.00000	0.00001
98	50	C	0.17165	0.40912	0.14933	0.26989
98	51	T	0.18520	0.23563	0.15449	0.42468
98	52	T	0.18520	0.23563	0.15449	0.42468
98	53	T	0.18520	0.23563	0.15449	0.42468
98	54	T	0.18520	0.23563	0.15449	0.42468
98	55	A	1.00000	0.00000	0.00000	0.00000
98	56	C	0.00000	1.00000	0.00000	0.00000
98	57	C	0.00000	1.00000	0.00000	0.00000
98	58	C	0.00000	1.00000	0.00000	0.00000
98	59	C	0.00002	0.99959	0.00001	0.00038
98	60	T	0.00056	0.00907	0.00007	0.99030
98	61	G	0.00025	0.00001	0.99973	0.00002
98	62	G	0.00010	0.00001	0.99988	0.00001
98	63	G	0.00002	0.00000	0.99998	0.00000
98	64	G	0.00002	0.00000	0.99998	0.00000
98	65	C	0.00000	1.00000	0.00000	0.00000
98	66	C	0.00000	0.99999	0.00000	0.00001
98	67	C	0.00000	1.00000	0.00000	0.00000
98	68	A	1.00000	0.00000	0.00000	0.00000
98	69	C	0.00000	0.99992	0.00000	0.00007
98	70	G	0.00005	0.00000	0.99995	0.00000
98	71	T	0.00002	0.00013	0.00000	0.99984
98	72	G	0.00000	0.00000	1.00000	0.00000
98	73	G	0.00000	0.00000	1.00000	0.00000
98	74	C	0.00001	0.99987	0.00000	0.00012
98	75	G	0.00000	0.00000	1.00000	0.00000
98	76	G	0.14315	0.08347	0.67062	0.10276
98	77	C	0.00005	0.99898	0.00004	0.00093
98	78	T	0.00001	0.00006	0.00000	0.99993
98	79	A	0.99997	0.00000	0.00002	0.00001
98	80	G	0.00000	0.00000	1.00000	0.00000
98	81	T	0.00008	0.02148	0.00001	0.97842
98	82	A	0.99994	0.00000	0.00005	0.00001
98	83	C	0.00000	0.99999	0.00000	0.00001
98	84	T	0.00000	0.00002	0.00000	0.99997
98	85	C	0.00000	0.99997	0.00000	0.00003
98	86	T	0.00000	0.00002	0.00000	0.99997
98	87	G	0.00000	0.00000	1.00000	0.00000
98	88	G	0.00001	0.00000	0.99999	0.00000
98	89	T	0.00000	0.00001	0.00000	0.99999
98	90	A	0.99972	0.00002	0.00005	0.00021
98	91	C	0.00003	0.99868	0.00001	0.00128
98	92	G	0.00042	0.00002	0.99953	0.00003
98	93	C	0.00023	0.98511	0.00005	0.01461
98	94	T	0.00002	0.00009	0.00000	0.99989
98	95	T	0.14723	0.20617	0.10987	0.53672
98	96	T	0.14723	0.20617	0.10987	0.53672
98	97	A	0.51805	0.13674	0.16659	0.17862
98	98	C	0.12910	0.53091	0.10384	0.23615
98	99	C	0.12910	0.53091	0.10384	0.23615
98	100	T	0.14723	0.20617	0.10987	0.53672
98	101	C	0.12910	0.53091	0.10384	0.23615
98	102	G	0.16962	0.11199	0.58266	0.13573
98	103	G	0.16962	0.11199	0.58266	0.13573
98	104	T	0.14723	0.20617	0.10987	0.53672
98	105	A	0.51805	0.13674	0.16659	0.17862
98	106	T	0.14723	0.20617	0.10987	0.53672
98	107	T	0.14723	0.20617	0.10987	0.53672
98	108	A	0.51805	0.13674	0.16659	0.17862
98	109	C	0.12910	0.53091	0.10384	0.23615
98	110	G	0.16962	0.11199	0.58266	0.13573
98	111	G	0.16962	0.11199	0.58266	0.13573
98	112	T	0.14723	0.20617	0.10987	0.53672
98	113	A	0.51805	0.13674	0.16659	0.17862
98	114	C	0.12910	0.53091	0.10384	0.23615
98	115	C	0.12910	0.53091	0.10384	0.23615
98	116	G	0.16962	0.11199	0.58266	0.13573
98	117	A	0.51805	0.13674	0.16659	0.17862
98	118	T	0.14723	0.20617	0.10987	0.53672
98	119	G	0.16962	0.11199	0.58266	0.13573
98	120	T	0.14723	0.20617	0.10987	0.53672
98	121	A	0.51805	0.13674	0.16659	0.17862
98	122	T	0.14723	0.20617	0.10987	0.53672
98	123	A	0.51805	0.13674	0.16659	0.17862
98	124	C	0.05813	0.71152	0.03296	0.19739
98	125	A	0.99998	0.00000	0.00001	0.00001
98	126	G	0.00000	0.00000	1.00000	0.00000
98	127	T	0.00031	0.00022	0.00001	0.99946
98	128	A	0.99999	0.00000	0.00001	0.00000
98	129	C	0.00000	0.99998	0.00000	0.00002
98	130	C	0.00000	0.99999	0.00000	0.00001
98	131	T	0.00003	0.00047	0.00000	0.99949
98	132	T	0.00000	0.00000	0.00000	1.00000
98	133	T	0.18520	0.23563	0.15449	0.42468
98	134	C	0.17165	0.40912	0.14933	0.26989
98	135	C	0.17165	0.40912	0.14933	0.26989
98	136	C	0.17165	0.40912	0.14933	0.26989
98	137	T	0.18520	0.23563	0.15449	0.42468
98	138	G	0.20388	0.16106	0.44423	0.19084
98	139	T	0.18520	0.23563	0.15449	0.42468
98	140	A	0.39327	0.18181	0.20023	0.22469
98	141	G	0.20388	0.16106	0.44423	0.19084
98	142	G	0.20388	0.16106	0.44423	0.19084
98	143	C	0.17165	0.40912	0.14933	0.26989
98	144	T	0.00000	0.00000	0.00000	1.00000
98	145	G	0.00001	0.00000	0.99999	0.00000
98	146	T	0.00001	0.00026	0.00000	0.99972
98	147	A	1.00000	0.00000	0.00000	0.00000
98	148	C	0.00000	1.00000	0.00000	0.00000
98	149	G	0.00001	0.00000	0.99999	0.00000
98	150	C	0.00000	1.00000	0.00000	0.00000
98	151	C	0.00000	1.00000	0.00000	0.00000
98	152	T	0.00000	0.00000	0.00000	1.00000
98	153	G	0.00009	0.00000	0.99990	0.00001
98	154	T	0.00000	0.00000	0.00000	1.00000
98	155	T	0.00000	0.00000	0.00000	1.00000
98	156	T	0.00000	0.00000	0.00000	1.00000
98	157	T	0.00001	0.00004	0.00000	0.99996
98	158	C	0.00068	0.92530	0.00014	0.07389
98	159	C	0.00001	0.99974	0.00000	0.00024
98	160	C	0.00004	0.99912	0.00001	0.00083
98	161	C	0.00004	0.99844	0.00001	0.00150
98	162	T	0.16479	0.22819	0.00152	0.60550
98	163	A	0.48955	0.14673	0.17461	0.18911
98	164	A	0.48955	0.14673	0.17461	0.18911
98	165	C	0.13853	0.50321	0.11356	0.24470
98	166	C	0.13853	0.50321	0.11356	0.24470
98	167	T	0.06434	0.06527	0.02154	0.84886
98	168	C	0.00000	1.00000	0.00000	0.00000
98	169	C	0.00000	1.00000	0.00000	0.00000
98	170	C	0.00006	0.99881	0.00001	0.00112
98	171	T	0.00002	0.00012	0.00000	0.99986
98	172	T	0.00003	0.00015	0.00000	0.99982
98	173	A	0.99988	0.00001	0.00007	0.00004
98	174	A	0.99990	0.00001	0.00006	0.00004
98	175	A	0.99991	0.00001	0.00005	0.00003
98	176	T	0.00045	0.01629	0.00006	0.98320
98	177	A	0.99997	0.00000	0.00002	0.00001
98	178	A	0.99997	0.00000	0.00002	0.00001
98	179	A	0.99988	0.00001	0.00007	0.00004
98	180	T	0.00002	0.00009	0.00000	0.99989
98	181	T	0.00063	0.04174	0.00010	0.95754
98	182	A	0.99997	0.00000	0.00002	0.00001
98	183	A	0.99991	0.00001	0.00005	0.00003
98	184	G	0.00009	0.00000	0.99990	0.00001
98	185	A	0.94886	0.00177	0.04716	0.00222
98	186	T	0.00002	0.00009	0.00000	0.99989
98	187	T	0.00010	0.00063	0.00001	0.99927
98	188	G	0.15184	0.00048	0.84646	0.00122
98	189	C	0.00000	0.99992	0.00000	0.00007
98	190	C	0.00002	0.99952	0.00001	0.00045
98	191	A	0.99593	0.00010	0.00365	0.00032
98	192	C	0.00009	0.99866	0.00008	0.00117
98	193	T	0.00059	0.00300	0.00023	0.99617
98	194	A	0.99990	0.00001	0.00006	0.00004
98	195	C	0.00003	0.99945	0.00001	0.00052
98	196	T	0.00051	0.04787	0.00008	0.95154
98	197	G	0.00006	0.00000	0.99993	0.00000
98	198	A	0.99978	0.00002	0.00012	0.00008
98	199	G	0.00006	0.00000	0.99993	0.00000
98	200	G	0.00006	0.00000	0.99993	0.00000
98	201	G	0.00006	0.00000	0.99993	0.00000
98	202	G	0.00009	0.00000	0.99990	0.00001
98	203	A	0.99997	0.00000	0.00002	0.00001
98	204	G	0.00009	0.00000	0.99990	0.00001
98	205	T	0.00002	0.00009	0.00000	0.99989
98	206	A	0.99990	0.00001	0.00006	0.00004
98	207	G	0.00037	0.00006	0.99952	0.00005
98	208	T	0.00022	0.00083	0.00002	0.99893
98	209	C	0.00001	0.99985	0.00000	0.00014
98	210	C	0.00001	0.99985	0.00000	0.00014
98	211	G	0.00005	0.00000	0.99995	0.00000
98	212	A	0.99993	0.00001	0.00004	0.00002
98	213	C	0.00001	0.99985	0.00000	0.00014
98	214	T	0.00003	0.00016	0.00000	0.99980
98	215	C	0.00004	0.99849	0.00001	0.00146
98	216	C	0.00001	0.99985	0.00000	0.00014
98	217	G	0.00005	0.00000	0.99995	0.00000
98	218	C	0.00001	0.99985	0.00000	0.00014
98	219	T	0.00016	0.00075	0.00002	0.99907
98	220	C	0.00001	0.99985	0.00000	0.00014
98	221	C	0.00001	0.99985	0.00000	0.00014
98	222	A	0.86040	0.00286	0.13317	0.00358
98	223	G	0.00088	0.00011	0.99893	0.00008
98	224	C	0.00070	0.91710	0.00014	0.08206
98	225	A	0.99993	0.00001	0.00004	0.00002
98	226	C	0.01228	0.98109	0.00040	0.00623
98	227	T	0.35987	0.08105	0.07085	0.48823
98	228	G	0.00020	0.00001	0.99977	0.00002
98	229	C	0.00001	0.99973	0.00000	0.00025
98	230	T	0.00152	0.10082	0.00026	0.89740
98	231	G	0.00020	0.00001	0.99977	0.00002
98	232	C	0.00004	0.99923	0.00001	0.00072
98	233	A	0.99781	0.00082	0.00056	0.00081
98	234	C	0.00001	0.99985	0.00000	0.00014
98	235	C	0.00004	0.99923	0.00001	0.00072
98	236	A	0.99966	0.00003	0.00020	0.00011
98	237	G	0.00020	0.00001	0.99977	0.00002
98	238	T	0.00016	0.00075	0.00002	0.99907
98	239	G	0.00053	0.00001	0.99944	0.00002
98	240	C	0.04065	0.94843	0.00078	0.01015
98	241	A	0.99721	0.00014	0.00227	0.00038
98	242	C	0.00001	0.99985	0.00000	0.00014
98	243	T	0.00017	0.00088	0.00002	0.99893
98	244	G	0.00005	0.00000	0.99995	0.00000
98	245	G	0.00020	0.00001	0.99977	0.00002
98	246	T	0.00003	0.00016	0.00000	0.99980
98	247	A	0.99965	0.00004	0.00019	0.00013
98	248	C	0.00013	0.99535	0.00004	0.00448
98	249	G	0.00076	0.00025	0.99887	0.00012
98	250	C	0.00018	0.99685	0.00014	0.00282
98	251	T	0.00021	0.00265	0.00003	0.99711
98	252	A	0.99946	0.00002	0.00043	0.00009
98	253	G	0.00006	0.00000	0.99993	0.00000
98	254	T	0.00013	0.00068	0.00002	0.99917
98	255	A	0.99991	0.00001	0.00005	0.00003
98	256	C	0.00000	0.99991	0.00000	0.00009
98	257	C	0.00001	0.99982	0.00000	0.00017
98	258	T	0.00012	0.00082	0.00002	0.99904
98	259	T	0.00003	0.00018	0.00000	0.99978
98	260	T	0.00020	0.00309	0.00002	0.99668
98	261	T	0.00460	0.00991	0.00877	0.97672
98	262	C	0.00013	0.99344	0.00003	0.00639
98	263	A	0.99991	0.00001	0.00005	0.00003
98	264	C	0.00000	0.99991	0.00000	0.00009
98	265	G	0.00008	0.00000	0.99991	0.00001
98	266	G	0.00016	0.00001	0.99982	0.00001
98	267	A	0.95826	0.00030	0.04063	0.00081
98	268	G	0.00030	0.00001	0.99966	0.00002
98	269	T	0.00001	0.00006	0.00000	0.99993
98	270	A	0.99833	0.00035	0.00076	0.00055
98	271	G	0.00073	0.00002	0.99923	0.00003
98	272	A	0.81704	0.01688	0.00330	0.16279
98	273	T	0.00196	0.28750	0.00026	0.71027
98	274	G	0.00036	0.00002	0.99960	0.00003
98	275	G	0.00010	0.00000	0.99989	0.00001
98	276	T	0.00173	0.07985	0.00021	0.91821
98	277	A	0.99957	0.00004	0.00025	0.00014
98	278	T	0.00039	0.01277	0.00005	0.98679
98	279	C	0.00002	0.99955	0.00000	0.00043
98	280	C	0.00000	0.99999	0.00000	0.00001
98	281	C	0.00000	1.00000	0.00000	0.00000
98	282	C	0.00005	0.98624	0.00001	0.01371
98	283	C	0.01470	0.57444	0.00372	0.40714
98	284	A	0.99658	0.00051	0.00165	0.00126
98	285	T	0.15210	0.21043	0.11526	0.52220
98	286	G	0.17425	0.11785	0.56551	0.14239
98	287	A	0.50197	0.14236	0.17113	0.18453
98	288	T	0.15210	0.21043	0.11526	0.52220
98	289	C	0.00002	0.99969	0.00000	0.00029
98	290	C	0.00010	0.99809	0.00003	0.00178
98	291	C	0.00010	0.99803	0.00003	0.00184
98	292	C	0.00009	0.99822	0.00002	0.00167
98	293	G	0.00000	0.00000	1.00000	0.00000
98	294	T	0.00373	0.01204	0.01331	0.97093
98	295	A	1.00000	0.00000	0.00000	0.00000
98	296	A	1.00000	0.00000	0.00000	0.00000
98	297	C	0.00000	0.99995	0.00000	0.00004
98	298	H	0.26386	0.24211	0.18265	0.31137
98	299	T	0.00005	0.01104	0.00001	0.98890
98	300	A	0.53218	0.13185	0.16253	0.17344
98	301	T	0.14296	0.20232	0.10522	0.54950
98	302	C	0.12448	0.54462	0.09916	0.23174
98	303	T	0.00000	0.00000	0.00000	1.00000
98	304	A	1.00000	0.00000	0.00000	0.00000
98	305	G	0.00000	0.00000	1.00000	0.00000
98	306	A	1.00000	0.00000	0.00000	0.00000
98	307	A	0.99999	0.00000	0.00000	0.00000
98	308	G	0.00000	0.00000	1.00000	0.00000
98	309	C	0.00600	0.76589	0.00191	0.22621
98	310	T	0.18984	0.22883	0.11169	0.46963
98	311	Y	0.18839	0.29913	0.13122	0.38125
98	312	A	0.65083	0.08749	0.10043	0.16124
98	313	T	0.23822	0.20431	0.16043	0.39705
98	314	A	0.99998	0.00000	0.00001	0.00001
98	315	T	0.00508	0.02311	0.00020	0.97161
98	316	T	0.00880	0.00484	0.01957	0.96679
98	317	G	0.00671	0.00136	0.97456	0.01737
98	318	A	0.92726	0.03863	0.00581	0.02830
98	319	A	0.99986	0.00001	0.00008	0.00005
98	320	C	0.00000	0.99995	0.00000	0.00005
98	321	A	1.00000	0.00000	0.00000	0.00000
98	322	C	0.00095	0.99118	0.00039	0.00748
98	323	A	0.99268	0.00115	0.00353	0.00264
98	324	A	0.99982	0.00002	0.00010	0.00006
98	325	A	0.99974	0.00002	0.00011	0.00013
98	326	C	0.00005	0.99904	0.00001	0.00090
98	327	C	0.00015	0.99389	0.00004	0.00592
98	328	A	0.54043	0.12901	0.16014	0.17041
98	329	G	0.00000	0.00000	1.00000	0.00000
98	330	A	0.99904	0.00005	0.00073	0.00018
98	331	C	0.00003	0.99940	0.00001	0.00056
98	332	C	0.00000	1.00000	0.00000	0.00000
98	333	A	0.99999	0.00000	0.00001	0.00000
98	334	A	0.99990	0.00001	0.00005	0.00004
98	335	T	0.00000	0.00001	0.00000	0.99998
98	336	A	1.00000	0.00000	0.00000	0.00000
98	337	G	0.00000	0.00000	1.00000	0.00000
98	338	Y	0.20970	0.27156	0.17991	0.33884
98	339	A	0.58623	0.08799	0.19861	0.12717
98	340	G	0.23516	0.14087	0.44736	0.17661
98	341	G	0.12784	0.07126	0.68770	0.11320
98	342	C	0.03041	0.86227	0.01986	0.08746
98	343	G	0.21281	0.08527	0.59278	0.10914
98	344	G	0.01631	0.00114	0.97923	0.00332
98	345	T	0.03704	0.31735	0.19641	0.44920
98	346	G	0.00001	0.00000	0.99999	0.00000
98	347	C	0.00008	0.99839	0.00002	0.00150
98	348	G	0.06465	0.00168	0.93201	0.00166
98	349	C	0.00003	0.99874	0.00001	0.00123
98	350	G	0.00619	0.01274	0.97728	0.00379
98	351	G	0.00035	0.00001	0.99961	0.00002
98	352	C	0.00000	0.99993	0.00000	0.00007
98	353	A	1.00000	0.00000	0.00000	0.00000
98	354	T	0.01836	0.02576	0.07248	0.88340
98	355	C	0.00000	1.00000	0.00000	0.00000
98	356	C	0.00000	0.99999	0.00000	0.00001
98	357	A	0.99999	0.00000	0.00000	0.00000
98	358	G	0.00002	0.00000	0.99998	0.00000
98	359	C	0.00012	0.99013	0.00003	0.00972
98	360	C	0.00148	0.70828	0.00028	0.28997
98	361	G	0.00044	0.00002	0.99951	0.00003
98	362	C	0.00342	0.90050	0.00033	0.09575
98	363	G	0.00013	0.00001	0.99986	0.00001
98	364	C	0.00011	0.96852	0.00002	0.03134
98	365	A	0.92601	0.00363	0.00318	0.06718
98	366	R	0.39796	0.13813	0.28177	0.18215
98	367	G	0.04854	0.00008	0.95119	0.00019
98	368	C	0.00010	0.99814	0.00002	0.00173
98	369	G	0.00000	0.00000	1.00000	0.00000
98	370	G	0.00020	0.00001	0.99977	0.00002
98	371	T	0.00010	0.00053	0.00001	0.99936
98	372	C	0.00000	1.00000	0.00000	0.00000
98	373	A	1.00000	0.00000	0.00000	0.00000
98	374	A	0.99999	0.00000	0.00000	0.00000
98	375	G	0.00001	0.00000	0.99999	0.00000
98	376	C	0.00000	0.99995	0.00000	0.00004
98	377	A	1.00000	0.00000	0.00000	0.00000
98	378	C	0.00000	1.00000	0.00000	0.00000
98	379	T	0.00000	0.00000	0.00000	1.00000
98	380	W	0.34420	0.20055	0.21223	0.24301
98	381	T	0.20031	0.24476	0.17405	0.38088
98	382	W	0.34420	0.20055	0.21223	0.24301
98	383	W	0.34420	0.20055	0.21223	0.24301
98	384	Y	0.18934	0.36064	0.16966	0.28036
98	385	T	0.00000	0.00000	0.00000	1.00000
98	386	C	0.00000	1.00000	0.00000	0.00000
98	387	T	0.00000	0.00000	0.00000	1.00000
98	388	G	0.00000	0.00000	1.00000	0.00000
98	389	T	0.00000	0.00000	0.00000	1.00000
98	390	C	0.00009	0.95518	0.00002	0.04471
98	391	T	0.00000	0.00001	0.00000	0.99998
98	392	Y	0.13714	0.35914	0.10533	0.39838
98	393	C	0.00000	1.00000	0.00000	0.00000
98	394	C	0.00000	0.99999	0.00000	0.00001
98	395	C	0.00000	1.00000	0.00000	0.00000
98	396	C	0.00000	0.99999	0.00000	0.00001
98	397	G	0.00000	0.00000	1.00000	0.00000
98	398	G	0.00000	0.00000	1.00000	0.00000
98	399	T	0.00005	0.00031	0.00001	0.99963
98	400	C	0.00008	0.99853	0.00002	0.00138
98	401	C	0.00115	0.92100	0.00022	0.07763
98	402	G	0.00026	0.00001	0.99971	0.00002
98	403	A	0.41147	0.12969	0.27136	0.18748
98	404	G	0.18036	0.10593	0.54418	0.16953
98	405	Y	0.21340	0.24908	0.17547	0.36206
98	406	R	0.27619	0.14911	0.38475	0.18995
98	407	B	0.19995	0.26836	0.20560	0.32609
98	408	A	0.53975	0.12696	0.15897	0.17432
98	409	T	0.26218	0.20854	0.13752	0.39176
98	410	R	0.39185	0.11692	0.33714	0.15408
98	411	-	0.22519	0.22362	0.22454	0.32665
98	412	C	0.13987	0.47615	0.14904	0.23494
98	413	G	0.17980	0.11931	0.53451	0.16638
98	414	G	0.20440	0.08511	0.60277	0.10772
98	415	T	0.03339	0.06363	0.01608	0.88691
98	416	A	0.81543	0.02362	0.12153	0.03941
98	417	G	0.22493	0.13883	0.46405	0.17220
98	418	G	0.27926	0.07441	0.54723	0.09910
98	419	C	0.02425	0.82646	0.01383	0.13546
98	420	T	0.03271	0.06241	0.01571	0.88917
98	421	G	0.10368	0.06077	0.69199	0.14357
98	422	T	0.10916	0.20825	0.06605	0.61653
98	423	A	0.55107	0.11937	0.15427	0.17530
98	424	C	0.05972	0.74355	0.04022	0.15651
98	425	C	0.12079	0.52643	0.08849	0.26429
98	426	C	0.03915	0.82655	0.02578	0.10852
98	427	A	0.73829	0.06399	0.09892	0.09881
98	428	C	0.16559	0.49471	0.13469	0.20501
98	429	G	0.08418	0.03630	0.83323	0.04628
98	430	G	0.05001	0.01987	0.90463	0.02550
98	431	C	0.08980	0.55785	0.05999	0.29237
98	432	T	0.20186	0.25462	0.15438	0.38914
98	433	G	0.12710	0.05464	0.74856	0.06970
98	434	A	0.89132	0.02509	0.04181	0.04177
98	435	A	0.83311	0.03962	0.06362	0.06365
98	436	A	0.62283	0.07215	0.19863	0.10639
98	437	G	0.21159	0.19949	0.38272	0.20620
98	438	Y	0.20119	0.34101	0.15782	0.29997
98	439	G	0.23425	0.13061	0.46533	0.16980
98	440	A	0.73244	0.06807	0.09892	0.10057
98	441	C	0.00130	0.86392	0.00017	0.13461
98	442	A	0.99979	0.00002	0.00012	0.00008
98	443	A	0.99904	0.00009	0.00049	0.00038
98	444	G	0.04324	0.00035	0.95568	0.00073
98	445	G	0.00024	0.00001	0.99973	0.00002
98	446	A	0.99816	0.00003	0.00172	0.00010
98	447	T	0.00002	0.00008	0.00000	0.99990
98	448	C	0.00000	1.00000	0.00000	0.00000
98	449	G	0.00000	0.00000	1.00000	0.00000
98	450	T	0.00000	0.00000	0.00000	1.00000
98	451	T	0.00000	0.00003	0.00000	0.99997
98	452	A	1.00000	0.00000	0.00000	0.00000
98	453	C	0.00106	0.82627	0.00021	0.17245
98	454	C	0.00000	0.99999	0.00000	0.00001
98	455	C	0.00000	1.00000	0.00000	0.00000
98	456	G	0.00000	0.00000	1.00000	0.00000
98	457	C	0.00000	1.00000	0.00000	0.00000
98	458	C	0.00000	0.99995	0.00000	0.00005
98	459	T	0.20031	0.24476	0.17405	0.38088
98	460	T	0.20031	0.24476	0.17405	0.38088
98	461	G	0.21609	0.18298	0.38593	0.21500
98	462	C	0.00004	0.99923	0.00001	0.00072
98	463	A	0.97533	0.00082	0.02306	0.00079
98	464	A	0.55769	0.18064	0.22725	0.03443
98	465	T	0.01664	0.12753	0.00240	0.85343
98	466	C	0.00001	0.99970	0.00000	0.00028
98	467	C	0.00014	0.96319	0.00003	0.03664
98	468	A	0.99999	0.00000	0.00001	0.00000
98	469	C	0.00000	1.00000	0.00000	0.00000
98	470	T	0.00000	0.00000	0.00000	1.00000
98	471	A	0.99991	0.00001	0.00005	0.00003
98	472	C	0.00000	1.00000	0.00000	0.00000
98	473	G	0.00001	0.00000	0.99999	0.00000
98	474	A	0.98775	0.00011	0.01181	0.00033
98	475	G	0.04647	0.00017	0.95301	0.00036
98	476	C	0.17165	0.40912	0.14933	0.26989
98	477	A	0.39327	0.18181	0.20023	0.22469
98	478	T	0.18520	0.23563	0.15449	0.42468
98	479	A	0.99180	0.00001	0.00815	0.00004
98	480	A	1.00000	0.00000	0.00000	0.00000
98	481	G	0.00018	0.00001	0.99979	0.00001
98	482	C	0.00000	0.99999	0.00000	0.00001
98	483	C	0.00000	0.99998	0.00000	0.00002
98	484	T	0.00000	0.00002	0.00000	0.99997
98	485	A	1.00000	0.00000	0.00000	0.00000
98	486	G	0.00031	0.00021	0.99897	0.00051
98	487	T	0.00000	0.00000	0.00000	1.00000
98	488	A	1.00000	0.00000	0.00000	0.00000
98	489	A	0.99800	0.00020	0.00070	0.00110
98	490	C	0.00000	1.00000	0.00000	0.00000
98	491	T	0.00023	0.00873	0.00003	0.99101
98	492	G	0.10036	0.00047	0.89816	0.00101
98	493	G	0.00276	0.00123	0.99172	0.00428
98	494	C	0.00027	0.96733	0.00006	0.03235
98	495	C	0.00013	0.99807	0.00118	0.00061
98	496	G	0.10494	0.05106	0.77963	0.06437
98	497	G	0.18818	0.11342	0.55717	0.14123
98	498	G	0.19615	0.10914	0.55579	0.13893
98	499	G	0.20388	0.16106	0.44423	0.19084
98	500	C	0.17165	0.40912	0.14933	0.26989
98	501	A	0.39327	0.18181	0.20023	0.22469
98	502	A	0.39327	0.18181	0.20023	0.22469
98	503	A	0.39327	0.18181	0.20023	0.22469
98	504	C	0.17165	0.40912	0.14933	0.26989
98	505	T	0.18520	0.23563	0.15449	0.42468
98	506	A	0.39327	0.18181	0.20023	0.22469
98	507	C	0.17165	0.40912	0.14933	0.26989
98	508	G	0.20388	0.16106	0.44423	0.19084
98	509	C	0.17165	0.40912	0.14933	0.26989
98	510	C	0.17165	0.40912	0.14933	0.26989
98	511	C	0.17165	0.40912	0.14933	0.26989
98	512	C	0.17165	0.40912	0.14933	0.26989
98	513	C	0.17165	0.40912	0.14933	0.26989
98	514	A	0.39327	0.18181	0.20023	0.22469
98	515	A	0.99999	0.00000	0.00001	0.00000
98	516	A	0.99984	0.00002	0.00009	0.00006
98	517	G	0.00545	0.00005	0.99440	0.00010
98	518	T	0.00150	0.13891	0.00025	0.85933
98	519	G	0.00778	0.00239	0.95603	0.03380
98	520	A	0.98957	0.00035	0.00806	0.00202
98	521	T	0.14373	0.01284	0.00828	0.83515
98	522	Y	0.00360	0.44265	0.00185	0.55190
98	523	G	0.00115	0.00003	0.99878	0.00005
98	524	C	0.05407	0.93012	0.00114	0.01468
98	525	G	0.00114	0.00001	0.99882	0.00002
98	526	A	0.92611	0.00048	0.07208	0.00132
98	527	-	0.20834	0.20235	0.26695	0.32236
98	528	A	0.88398	0.00078	0.11317	0.00206
98	529	G	0.00000	0.00000	1.00000	0.00000
98	530	T	0.00000	0.00000	0.00000	1.00000
98	531	T	0.00000	0.00002	0.00000	0.99998
98	532	G	0.00006	0.00000	0.99993	0.00001
98	533	C	0.00000	1.00000	0.00000	0.00000
98	534	G	0.00001	0.00000	0.99999	0.00000
98	535	C	0.00006	0.97879	0.00001	0.02114
98	536	T	0.00000	0.00001	0.00000	0.99999
98	537	C	0.00000	0.99999	0.00000	0.00001
98	538	A	0.98510	0.01097	0.00194	0.00199
98	539	G	0.00018	0.00000	0.99982	0.00001
98	540	C	0.00000	0.99999	0.00000	0.00001
98	541	C	0.00001	0.99987	0.00000	0.00012
98	542	A	0.99964	0.00004	0.00020	0.00013
98	543	A	0.42104	0.15972	0.20674	0.21250
98	544	-	0.22924	0.24795	0.25083	0.27197
98	545	C	0.00002	0.99966	0.00000	0.00032
98	546	A	0.99807	0.00010	0.00148	0.00035
98	547	A	0.99961	0.00004	0.00020	0.00015
98	548	C	0.00001	0.99975	0.00000	0.00024
98	549	C	0.00000	1.00000	0.00000	0.00000
98	550	C	0.00000	1.00000	0.00000	0.00000
98	551	C	0.00000	0.99999	0.00000	0.00001
98	552	A	0.99806	0.00010	0.00149	0.00035
98	553	R	0.28828	0.16972	0.33398	0.20802
98	554	R	0.35872	0.13670	0.33136	0.17322
98	555	A	0.40395	0.18566	0.19381	0.21659
98	556	G	0.00004	0.00000	0.99995	0.00000
98	557	T	0.00000	0.00000	0.00000	0.99999
98	558	G	0.00001	0.00000	0.99998	0.00000
98	559	T	0.20031	0.24476	0.17405	0.38088
98	560	G	0.21609	0.18298	0.38593	0.21500
98	561	G	0.21609	0.18298	0.38593	0.21500
98	562	G	0.21609	0.18298	0.38593	0.21500
98	563	W	0.34420	0.20055	0.21223	0.24301
98	564	W	0.34420	0.20055	0.21223	0.24301
98	565	W	0.34420	0.20055	0.21223	0.24301
98	566	W	0.34420	0.20055	0.21223	0.24301
98	567	Y	0.18934	0.36064	0.16966	0.28036
98	568	W	0.34420	0.20055	0.21223	0.24301
98	569	Y	0.18934	0.36064	0.16966	0.28036
98	570	G	0.21609	0.18298	0.38593	0.21500
98	571	W	0.34420	0.20055	0.21223	0.24301
98	572	W	0.34420	0.20055	0.21223	0.24301
98	573	Y	0.18934	0.36064	0.16966	0.28036
98	574	T	0.20031	0.24476	0.17405	0.38088
98	575	G	0.21609	0.18298	0.38593	0.21500
98	576	G	0.21609	0.18298	0.38593	0.21500
98	577	T	0.20031	0.24476	0.17405	0.38088
98	578	G	0.00001	0.00000	0.99998	0.00000
98	579	T	0.00000	0.00000	0.00000	0.99999
98	580	A	1.00000	0.00000	0.00000	0.00000
98	581	G	0.00000	0.00000	1.00000	0.00000
98	582	C	0.00006	0.99887	0.00002	0.00106
98	583	T	0.00000	0.00002	0.00000	0.99998
98	584	C	0.00001	0.99978	0.00000	0.00021
98	585	T	0.00035	0.00285	0.00004	0.99676
98	586	G	0.00000	0.00000	1.00000	0.00000
98	587	G	0.03817	0.00005	0.96166	0.00011
98	588	A	0.88985	0.00066	0.10773	0.00176
98	589	A	0.91175	0.00399	0.00298	0.08129
98	590	G	0.00000	0.00000	1.00000	0.00000
98	591	A	1.00000	0.00000	0.00000	0.00000
98	592	T	0.00000	0.00000	0.00000	1.00000
98	593	G	0.00000	0.00000	1.00000	0.00000
98	594	G	0.00002	0.00000	0.99998	0.00000
98	595	G	0.00000	0.00000	1.00000	0.00000
98	596	G	0.00004	0.00000	0.99995	0.00000
98	597	C	0.00000	1.00000	0.00000	0.00000
98	598	T	0.00000	0.00001	0.00000	0.99998
98	599	C	0.00002	0.99961	0.00001	0.00037
98	600	G	0.00001	0.00000	0.99999	0.00000
98	601	C	0.00056	0.99487	0.00023	0.00435
98	602	A	0.92966	0.03313	0.03145	0.00576
98	603	A	0.98424	0.01171	0.00112	0.00293
98	604	C	0.00150	0.96996	0.00012	0.02842
98	605	A	0.82772	0.12639	0.01031	0.03558
98	606	A	0.95865	0.00113	0.00096	0.03926
98	607	C	0.00000	1.00000	0.00000	0.00000
98	608	C	0.00000	1.00000	0.00000	0.00000
98	609	C	0.00000	0.99999	0.00000	0.00001
98	610	C	0.00000	1.00000	0.00000	0.00000
98	611	C	0.00000	0.99999	0.00000	0.00001
98	612	G	0.00002	0.00000	0.99998	0.00001
98	613	T	0.00008	0.00045	0.00001	0.99946
98	614	G	0.00001	0.00000	0.99999	0.00000
98	615	G	0.00000	0.00000	1.00000	0.00000
98	616	T	0.00002	0.00012	0.00000	0.99986
98	617	A	1.00000	0.00000	0.00000	0.00000
98	618	A	1.00000	0.00000	0.00000	0.00000
98	619	C	0.00000	0.99999	0.00000	0.00001
98	620	A	0.99990	0.00001	0.00006	0.00004
98	621	C	0.00005	0.99974	0.00000	0.00021
98	622	G	0.00002	0.00000	0.99997	0.00000
98	623	G	0.00000	0.00000	1.00000	0.00000
98	624	T	0.01596	0.00315	0.00030	0.98059
98	625	T	0.00018	0.00760	0.00002	0.99219
98	626	G	0.00006	0.00000	0.99993	0.00000
98	627	C	0.00000	0.99998	0.00000	0.00002
98	628	T	0.00033	0.03224	0.00005	0.96739
98	629	T	0.00002	0.00013	0.00000	0.99984
98	630	G	0.00000	0.00000	1.00000	0.00000
98	631	C	0.00001	0.99988	0.00000	0.00011
98	632	C	0.00000	0.99997	0.00000	0.00003
98	633	C	0.00000	0.99993	0.00000	0.00007
98	634	G	0.00000	0.00000	1.00000	0.00000
98	635	C	0.00000	1.00000	0.00000	0.00000
98	636	G	0.00000	0.00000	1.00000	0.00000
98	637	T	0.00044	0.07431	0.00007	0.92518
98	638	G	0.00000	0.00000	1.00000	0.00000
98	639	T	0.00001	0.00009	0.00000	0.99989
98	640	G	0.00000	0.00000	1.00000	0.00000
98	641	C	0.00000	1.00000	0.00000	0.00000
98	642	T	0.06003	0.00342	0.00055	0.93600
98	643	T	0.00019	0.05746	0.00003	0.94232
98	644	C	0.00004	0.97193	0.00001	0.02803
98	645	C	0.00000	1.00000	0.00000	0.00000
98	646	G	0.04785	0.01641	0.91430	0.02143
98	647	G	0.15087	0.09665	0.64457	0.10791
98	648	C	0.10529	0.65301	0.05770	0.18400
98	649	C	0.08413	0.59437	0.05748	0.26401
98	650	Y	0.15310	0.42301	0.10790	0.31599
98	651	A	0.53096	0.09798	0.23484	0.13622
98	652	C	0.03944	0.82394	0.02587	0.11075
98	653	A	0.43140	0.20275	0.15931	0.20654
98	654	C	0.03371	0.79587	0.01992	0.15051
98	655	C	0.09552	0.66836	0.04950	0.18661
98	656	Y	0.18902	0.28992	0.14328	0.37778
98	657	A	0.38829	0.21531	0.16873	0.22767
98	658	-	0.21456	0.24788	0.20784	0.32972
98	659	-	0.21000	0.24856	0.21865	0.32279
98	660	-	0.21537	0.25883	0.20179	0.32401
98	661	G	0.00001	0.00000	0.99999	0.00000
98	662	G	0.00006	0.00000	0.99993	0.00001
98	663	G	0.00829	0.00193	0.96727	0.02251
98	664	T	0.00018	0.00100	0.00002	0.99880
98	665	T	0.00131	0.13469	0.00022	0.86378
98	666	C	0.03621	0.95256	0.00103	0.01020
98	667	G	0.06885	0.00042	0.92986	0.00088
98	668	G	0.00623	0.01192	0.97896	0.00289
98	669	T	0.00091	0.10015	0.00015	0.89879
98	670	C	0.00004	0.99850	0.00001	0.00146
98	671	T	0.00323	0.00571	0.00013	0.99093
98	672	C	0.00016	0.94023	0.00003	0.05958
98	673	C	0.01777	0.62753	0.05779	0.29691
98	674	G	0.00360	0.00430	0.97426	0.01784
98	675	G	0.01750	0.00003	0.98239	0.00007
98	676	C	0.00003	0.99877	0.00003	0.00118
98	677	T	0.00023	0.28144	0.00004	0.71829
98	678	G	0.00000	0.00000	1.00000	0.00000
98	679	T	0.00001	0.00003	0.00000	0.99996
98	680	T	0.00003	0.00014	0.00000	0.99983
98	681	C	0.00006	0.99889	0.00002	0.00103
98	682	A	0.99944	0.00006	0.00031	0.00020
98	683	C	0.00011	0.99786	0.00003	0.00200
98	684	T	0.00089	0.09935	0.00014	0.89962
98	685	T	0.00023	0.00494	0.00003	0.99480
98	686	C	0.00018	0.98859	0.00004	0.01119
98	687	A	0.98980	0.00018	0.00943	0.00058
98	688	A	0.99919	0.00008	0.00045	0.00028
98	689	C	0.00000	0.99994	0.00000	0.00006
98	690	A	0.98143	0.00160	0.00013	0.01683
98	691	T	0.00025	0.00394	0.00001	0.99580
98	692	C	0.01585	0.98258	0.00009	0.00148
98	693	A	0.97101	0.00027	0.02782	0.00090
98	694	C	0.00012	0.95544	0.00002	0.04442
98	695	G	0.00000	0.00000	1.00000	0.00000
98	696	C	0.00002	0.98047	0.00000	0.01950
98	697	A	0.99993	0.00001	0.00004	0.00002
98	698	A	0.99993	0.00001	0.00004	0.00002
98	699	C	0.00768	0.97833	0.00413	0.00986
98	700	C	0.00045	0.92275	0.00009	0.07671
98	701	A	0.99150	0.00013	0.00797	0.00040
98	702	G	0.00000	0.00000	1.00000	0.00000
98	703	C	0.00025	0.99803	0.00003	0.00169
98	704	C	0.00001	0.99984	0.00002	0.00014
98	705	A	1.00000	0.00000	0.00000	0.00000
98	706	A	1.00000	0.00000	0.00000	0.00000
98	707	G	0.00000	0.00000	1.00000	0.00000
98	708	A	0.99996	0.00002	0.00001	0.00001
98	709	G	0.00000	0.00000	1.00000	0.00000
98	710	C	0.00001	0.99983	0.00000	0.00016
98	711	C	0.00000	1.00000	0.00000	0.00000
98	712	T	0.00133	0.00147	0.01001	0.98719
98	713	A	0.99998	0.00000	0.00001	0.00001
98	714	T	0.00046	0.02829	0.00007	0.97118
98	715	T	0.00000	0.00000	0.00000	1.00000
98	716	G	0.00000	0.00000	1.00000	0.00000
98	717	T	0.00004	0.00021	0.00000	0.99975
98	718	G	0.00000	0.00000	1.00000	0.00000
98	719	C	0.00000	1.00000	0.00000	0.00000
98	720	T	0.00000	0.00000	0.00000	1.00000
98	721	G	0.00299	0.00004	0.99690	0.00007
98	722	C	0.12189	0.49253	0.09223	0.29335
98	723	G	0.00004	0.00000	0.99996	0.00000
98	724	A	0.90336	0.00235	0.07502	0.01926
98	725	R	0.42003	0.01743	0.30929	0.25324
98	726	T	0.00119	0.04585	0.00060	0.95236
98	727	G	0.00018	0.00001	0.99979	0.00001
98	728	G	0.00005	0.00000	0.99994	0.00000
98	729	T	0.00006	0.00034	0.00001	0.99958
98	730	T	0.00017	0.03258	0.00003	0.96722
98	731	T	0.00039	0.00133	0.00003	0.99824
98	732	T	0.00000	0.00002	0.00000	0.99998
98	733	C	0.00000	1.00000	0.00000	0.00000
98	734	C	0.00000	0.99999	0.00000	0.00001
98	735	T	0.00000	0.00000	0.00000	0.99999
98	736	C	0.00000	1.00000	0.00000	0.00000
98	737	C	0.00000	0.99999	0.00000	0.00001
98	738	G	0.00000	0.00000	1.00000	0.00000
98	739	G	0.00000	0.00000	1.00000	0.00000
98	740	G	0.00396	0.00001	0.99602	0.00001
98	741	G	0.00000	0.00000	1.00000	0.00000
98	742	C	0.00001	0.99978	0.00000	0.00021
98	743	C	0.00000	1.00000	0.00000	0.00000
98	744	G	0.00000	0.00000	1.00000	0.00000
98	745	T	0.00000	0.00000	0.00000	1.00000
98	746	G	0.00000	0.00000	1.00000	0.00000
98	747	A	1.00000	0.00000	0.00000	0.00000
98	748	A	1.00000	0.00000	0.00000	0.00000
98	749	T	0.00000	0.00000	0.00000	1.00000
98	750	G	0.00000	0.00000	1.00000	0.00000
98	751	C	0.00000	1.00000	0.00000	0.00000
98	752	T	0.00000	0.00003	0.00000	0.99997
98	753	G	0.00000	0.00000	1.00000	0.00000
98	754	T	0.20031	0.24476	0.17405	0.38088
98	755	Y	0.18934	0.36064	0.16966	0.28036
98	756	C	0.00000	1.00000	0.00000	0.00000
98	757	T	0.00000	0.00000	0.00000	1.00000
98	758	A	1.00000	0.00000	0.00000	0.00000
98	759	A	1.00000	0.00000	0.00000	0.00000
98	760	T	0.00000	0.00002	0.00000	0.99998
98	761	C	0.00000	1.00000	0.00000	0.00000
98	762	C	0.00000	0.99991	0.00000	0.00008
98	763	C	0.00027	0.93324	0.00005	0.06644
98	764	A	1.00000	0.00000	0.00000	0.00000
98	765	A	1.00000	0.00000	0.00000	0.00000
98	766	C	0.00000	1.00000	0.00000	0.00000
98	767	C	0.00000	0.99999	0.00000	0.00001
98	768	T	0.00010	0.00102	0.00001	0.99887
98	769	C	0.00000	0.99992	0.00000	0.00008
98	770	C	0.00001	0.99989	0.00000	0.00011
98	771	G	0.00002	0.00000	0.99998	0.00000
98	772	A	1.00000	0.00000	0.00000	0.00000
98	773	G	0.00000	0.00000	1.00000	0.00000
98	774	C	0.00000	0.99999	0.00000	0.00001
98	775	G	0.00021	0.00001	0.99976	0.00002
98	776	T	0.00033	0.00176	0.00004	0.99787
98	777	G	0.00039	0.00002	0.99955	0.00003
98	778	T	0.00006	0.00032	0.00001	0.99961
98	779	G	0.00007	0.00000	0.99993	0.00001
98	780	C	0.00000	0.99990	0.00000	0.00009
98	781	G	0.00044	0.00002	0.99951	0.00004
98	782	C	0.00004	0.99929	0.00001	0.00067
98	783	A	0.99964	0.00004	0.00020	0.00013
98	784	C	0.00000	0.99991	0.00000	0.00009
98	785	A	0.99997	0.00000	0.00001	0.00001
98	786	A	1.00000	0.00000	0.00000	0.00000
98	787	T	0.00065	0.00251	0.00006	0.99677
98	788	C	0.00000	1.00000	0.00000	0.00000
98	789	C	0.00000	1.00000	0.00000	0.00000
98	790	A	0.99999	0.00000	0.00001	0.00000
98	791	G	0.00001	0.00000	0.99999	0.00000
98	792	T	0.00008	0.00041	0.00001	0.99950
98	793	G	0.00023	0.00001	0.99974	0.00002
98	794	D	0.28565	0.18016	0.30824	0.22596
98	795	T	0.00024	0.00127	0.00003	0.99846
98	796	T	0.00005	0.00026	0.00001	0.99968
98	797	G	0.00011	0.00001	0.99988	0.00001
98	798	C	0.00001	0.99978	0.00000	0.00020
98	799	T	0.00037	0.00199	0.00005	0.99759
98	800	A	0.99944	0.00006	0.00031	0.00020
98	801	C	0.00005	0.99900	0.00001	0.00094
98	802	G	0.00000	0.00000	1.00000	0.00000
98	803	T	0.00000	0.00000	0.00000	1.00000
98	804	C	0.00000	0.99999	0.00000	0.00001
98	805	G	0.00000	0.00000	1.00000	0.00000
98	806	T	0.00000	0.00000	0.00000	1.00000
98	807	A	1.00000	0.00000	0.00000	0.00000
98	808	A	1.00000	0.00000	0.00000	0.00000
98	809	C	0.00001	0.99982	0.00000	0.00017
98	810	G	0.00001	0.00000	0.99999	0.00000
98	811	C	0.00001	0.99978	0.00000	0.00020
98	812	G	0.00000	0.00000	1.00000	0.00000
98	813	T	0.00040	0.00998	0.00005	0.98956
98	814	A	1.00000	0.00000	0.00000	0.00000
98	815	A	1.00000	0.00000	0.00000	0.00000
98	816	G	0.00012	0.00001	0.99986	0.00001
98	817	T	0.00000	0.00001	0.00000	0.99999
98	818	T	0.00002	0.00009	0.00000	0.99989
98	819	G	0.00023	0.00001	0.99974	0.00002
98	820	G	0.00000	0.00000	1.00000	0.00000
98	821	A	0.99989	0.00001	0.00006	0.00004
98	822	G	0.00001	0.00000	0.99999	0.00000
98	823	G	0.00012	0.00001	0.99986	0.00001
98	824	C	0.00000	0.99993	0.00000	0.00006
98	825	G	0.00000	0.00000	1.00000	0.00000
98	826	G	0.00000	0.00000	1.00000	0.00000
98	827	A	0.99999	0.00000	0.00000	0.00000
98	828	A	1.00000	0.00000	0.00000	0.00000
98	829	C	0.00000	1.00000	0.00000	0.00000
98	830	A	0.99999	0.00000	0.00000	0.00000
98	831	G	0.00000	0.00000	1.00000	0.00000
98	832	A	1.00000	0.00000	0.00000	0.00000
98	833	C	0.00000	1.00000	0.00000	0.00000
98	834	T	0.00000	0.00000	0.00000	1.00000
98	835	A	1.00000	0.00000	0.00000	0.00000
98	836	C	0.00000	1.00000	0.00000	0.00000
98	837	T	0.00000	0.00000	0.00000	1.00000
98	838	T	0.00000	0.00000	0.00000	1.00000
98	839	T	0.00000	0.00000	0.00000	1.00000
98	840	C	0.00000	0.99999	0.00000	0.00001
98	841	G	0.00000	0.00000	1.00000	0.00000
98	842	G	0.00000	0.00000	1.00000	0.00000
98	843	T	0.00016	0.03222	0.00002	0.96760
98	844	A	0.99998	0.00000	0.00001	0.00001
98	845	C	0.00002	0.99962	0.00001	0.00035
98	846	C	0.00001	0.99696	0.00000	0.00303
98	847	C	0.00000	0.99998	0.00000	0.00001
98	848	C	0.00000	1.00000	0.00000	0.00000
98	849	G	0.00000	0.00000	1.00000	0.00000
98	850	T	0.00000	0.00000	0.00000	1.00000
98	851	G	0.00000	0.00000	1.00000	0.00000
98	852	T	0.00000	0.00000	0.00000	1.00000
98	853	T	0.00000	0.00000	0.00000	1.00000
98	854	T	0.00000	0.00000	0.00000	1.00000
98	855	C	0.00000	1.00000	0.00000	0.00000
98	856	C	0.00001	0.99980	0.00000	0.00019
98	857	T	0.00000	0.00001	0.00000	0.99998
98	858	T	0.00110	0.06120	0.00018	0.93752
98	859	T	0.00000	0.00001	0.00000	0.99999
98	860	A	0.97260	0.01602	0.00363	0.00775
98	861	T	0.01518	0.00124	0.00016	0.98343
98	862	T	0.00001	0.00009	0.00000	0.99989
98	863	T	0.00001	0.00007	0.00000	0.99991
98	864	T	0.00024	0.00232	0.00011	0.99732
98	865	A	0.66973	0.00568	0.00219	0.32240
98	866	T	0.00694	0.00030	0.00004	0.99272
98	867	T	0.00037	0.00151	0.00004	0.99808
98	868	T	0.00318	0.08245	0.00020	0.91417
98	869	T	0.00415	0.01136	0.00086	0.98363
98	870	T	0.00767	0.03231	0.00437	0.95565
98	871	K	0.20009	0.20682	0.25819	0.33490
98	872	W	0.27008	0.20689	0.14884	0.37419
98	873	T	0.04286	0.00486	0.00113	0.95116
98	874	A	0.99330	0.00084	0.00380	0.00206
98	875	A	0.98605	0.00166	0.00835	0.00394
98	876	A	0.60516	0.02607	0.01131	0.35745
98	877	A	0.99991	0.00001	0.00005	0.00003
98	878	T	0.01094	0.00868	0.00037	0.98001
98	879	T	0.00001	0.00003	0.00000	0.99996
98	880	T	0.00000	0.00000	0.00000	1.00000
98	881	T	0.00000	0.00000	0.00000	1.00000
98	882	A	1.00000	0.00000	0.00000	0.00000
98	883	T	0.00000	0.00000	0.00000	1.00000
98	884	G	0.00000	0.00000	1.00000	0.00000
98	885	G	0.00000	0.00000	1.00000	0.00000
98	886	T	0.00000	0.00000	0.00000	0.99999
98	887	G	0.00001	0.00000	0.99999	0.00000
98	888	A	1.00000	0.00000	0.00000	0.00000
98	889	C	0.00000	1.00000	0.00000	0.00000
98	890	A	1.00000	0.00000	0.00000	0.00000
98	891	A	0.99999	0.00000	0.00000	0.00000
98	892	T	0.00004	0.00022	0.00001	0.99973
98	893	T	0.00014	0.00075	0.00002	0.99910
98	894	G	0.00019	0.00001	0.99979	0.00001
98	895	C	0.00128	0.62911	0.00023	0.36938
98	896	T	0.03343	0.00367	0.00050	0.96240
98	897	G	0.00005	0.00000	0.99995	0.00000
98	898	A	0.99965	0.00003	0.00017	0.00014
98	899	G	0.00020	0.00001	0.99977	0.00002
98	900	A	0.99993	0.00001	0.00004	0.00002
98	901	T	0.00013	0.00083	0.00002	0.99902
98	902	T	0.00003	0.00016	0.00000	0.99980
98	903	T	0.00016	0.00075	0.00002	0.99907
98	904	G	0.00020	0.00001	0.99977	0.00002
98	905	T	0.00116	0.18564	0.00019	0.81302
98	906	G	0.00005	0.00000	0.99995	0.00000
98	907	A	0.98431	0.01140	0.00111	0.00317
98	908	T	0.03076	0.00586	0.00092	0.96246
98	909	T	0.16016	0.35259	0.00381	0.48344
98	910	T	0.00003	0.00016	0.00000	0.99980
98	911	T	0.03753	0.00966	0.00073	0.95208
98	912	G	0.00011	0.00001	0.99988	0.00001
98	913	C	0.00007	0.99883	0.00001	0.00108
98	914	G	0.06857	0.00215	0.92760	0.00169
98	915	A	0.99981	0.00002	0.00010	0.00007
98	916	C	0.00342	0.97950	0.00058	0.01650
98	917	T	0.06331	0.08189	0.06800	0.78679
98	918	T	0.00001	0.00010	0.00000	0.99989
98	919	T	0.00001	0.00005	0.00000	0.99994
98	920	A	0.71269	0.00031	0.28619	0.00081
98	921	C	0.00000	0.99996	0.00000	0.00003
98	922	C	0.00001	0.99966	0.00000	0.00032
98	923	A	0.55706	0.01318	0.42562	0.00413
98	924	T	0.00035	0.00585	0.00004	0.99376
98	925	T	0.00001	0.00004	0.00000	0.99995
98	926	G	0.01531	0.00003	0.98460	0.00006
98	927	A	0.99998	0.00000	0.00001	0.00001
98	928	A	1.00000	0.00000	0.00000	0.00000
98	929	T	0.00027	0.07836	0.00004	0.92133
98	930	A	0.99999	0.00000	0.00000	0.00001
98	931	T	0.00032	0.00102	0.00003	0.99864
98	932	T	0.14007	0.03331	0.00894	0.81768
98	933	G	0.00010	0.00000	0.99989	0.00001
98	934	C	0.00201	0.98073	0.01060	0.00666
98	935	C	0.14777	0.82808	0.00182	0.02233
98	936	T	0.00043	0.10844	0.00007	0.89106
98	937	T	0.00000	0.00000	0.00000	0.99999
98	938	G	0.16811	0.11012	0.58817	0.13360
98	939	A	0.52325	0.13494	0.16510	0.17671
98	940	G	0.09037	0.00010	0.90930	0.00023
98	941	T	0.00082	0.07035	0.00013	0.92870
98	942	A	0.99991	0.00001	0.00005	0.00004
98	943	T	0.00024	0.05489	0.00004	0.94483
98	944	T	0.00000	0.00001	0.00000	0.99999
98	945	A	0.99989	0.00001	0.00006	0.00004
98	946	C	0.00066	0.92695	0.00014	0.07226
98	947	C	0.00015	0.90883	0.00003	0.09100
98	948	T	0.00001	0.00005	0.00000	0.99995
98	949	G	0.00680	0.00002	0.99313	0.00005
98	950	G	0.00649	0.00005	0.99335	0.00011
98	951	T	0.00002	0.00010	0.00000	0.99988
98	952	T	0.00042	0.02810	0.00005	0.97143
98	953	G	0.00001	0.00000	0.99999	0.00000
98	954	G	0.10202	0.04675	0.79200	0.05923
98	955	T	0.13492	0.20267	0.08717	0.57523
98	956	G	0.09988	0.04687	0.79407	0.05919
98	957	A	0.71648	0.07180	0.10525	0.10647
98	958	H	0.27215	0.25180	0.17113	0.30492
98	959	A	0.68139	0.08238	0.11723	0.11900
98	960	G	0.17196	0.12786	0.52997	0.17021
98	961	Y	0.15663	0.30122	0.11672	0.42542
98	962	T	0.18158	0.23198	0.16222	0.42421
98	963	A	0.39368	0.17959	0.17280	0.25392
98	964	G	0.17432	0.13507	0.46188	0.22873
98	965	A	0.37495	0.23197	0.16542	0.22766
98	966	C	0.00002	0.99959	0.00001	0.00038
98	967	A	0.95583	0.03082	0.00328	0.01006
98	968	T	0.00002	0.00013	0.00000	0.99984
98	969	T	0.00014	0.00073	0.00002	0.99912
98	970	T	0.00040	0.05654	0.00006	0.94300
98	971	C	0.00048	0.95615	0.00010	0.04327
98	972	A	0.99965	0.00003	0.00019	0.00012
98	973	C	0.00016	0.99558	0.00003	0.00422
98	974	A	0.99978	0.00002	0.00012	0.00008
98	975	A	0.99972	0.00003	0.00013	0.00012
98	976	A	0.99999	0.00000	0.00000	0.00000
98	977	A	0.99962	0.00004	0.00022	0.00012
