35
NC_034453.1 0.0000000 2.5342107 2.0057293 2.7431214 2.3344941 2.4010017 2.2554565 2.1886956 1.9456450 2.0417538 2.0514403 1.3340339 1.6942633 1.6689600 1.5936720 1.4731808 1.4165476 1.5066065 1.7220729 1.5065602 1.6490007 1.3410698 1.4921914 1.5210223 1.5101604 1.3337954 1.5336721 1.5893162 1.7854787 1.7199938 1.4745831 0.9328171 1.3323568 1.4325920 1.4858134 
NC_034617.1 2.5342107 0.0000000 2.3102550 2.7310202 2.3745354 2.0475729 1.9751381 1.4144151 1.6401795 1.5649877 2.2189049 1.3151104 1.8582323 2.2237598 2.1557793 1.9073219 1.7149127 1.8251006 1.9876608 1.9386187 2.2937329 2.0626501 2.2209059 1.7532403 1.6149568 1.1203986 1.6070196 1.7503755 1.6983974 1.9319944 1.7949392 0.9187474 1.8980535 1.6871574 1.7551288 
NC_004004.1 2.0057293 2.3102550 0.0000000 2.6693166 3.0505925 2.5665488 2.2851382 1.8407515 2.3341414 2.1866422 3.0221535 1.4316932 2.1417722 1.6411489 2.8675096 1.7699996 1.5596253 2.1068250 1.9556232 1.3909486 2.0725358 2.0076708 1.5111466 1.5398484 1.6372530 1.3427836 1.4659454 1.9004032 1.5126159 1.5293139 1.8074964 0.9927358 2.2955078 2.1730028 2.0730635 
NC_021178.1 2.7431214 2.7310202 2.6693166 0.0000000 2.5893469 2.9853957 2.6553368 2.2713709 2.5625415 2.4369511 2.5922229 1.4748681 2.1400982 2.2779985 2.6377824 2.2600155 1.8906348 1.9938190 2.0860009 2.0410931 2.5805300 2.3709915 2.5196845 1.9283249 2.1861618 1.3753368 2.3737195 2.3704453 2.3119040 2.3827028 2.2540964 1.2679351 2.3466018 2.2035963 2.1862162 
NC_018400.1 2.3344941 2.3745354 3.0505925 2.5893469 0.0000000 0.9685632 0.7592789 1.3842270 2.0468158 1.8024534 2.0432364 1.5878576 1.6385949 3.0662081 1.9645836 1.7704133 1.4928667 1.7223344 1.8838618 1.7245280 1.8253338 2.1307922 2.1319751 1.7363692 1.7988053 1.2214949 1.6112724 1.5226439 1.5697826 1.5853214 1.6299464 1.1914416 1.8970983 1.7854440 1.6773574 
NC_028964.1 2.4010017 2.0475729 2.5665488 2.9853957 0.9685632 0.0000000 0.1726514 1.4542045 1.4281872 1.2639944 1.5399860 1.2523031 2.0651141 2.4149590 2.1543914 1.8380598 1.5138494 1.8666851 1.7193835 1.7964406 1.6699247 2.4681923 2.1288491 1.8688412 2.1239473 1.5082581 1.4536541 1.4567603 1.5046067 1.4842802 1.5332448 1.3228850 1.7113653 1.6456793 1.6219689 
NC_024770.1 2.2554565 1.9751381 2.2851382 2.6553368 0.7592789 0.1726514 0.0000000 1.3355404 1.3563484 1.2742579 1.8476862 1.0575846 1.9764732 2.5663476 2.0566489 1.7650718 1.5819924 1.7270260 1.7132956 1.6956372 1.8868577 1.9455066 2.0603399 1.8650380 2.0438827 1.2500156 1.4297079 1.5094121 1.4513702 1.5148400 1.5216865 1.0009981 1.5060425 1.4605335 1.4239109 
NC_024766.1 2.1886956 1.4144151 1.8407515 2.2713709 1.3842270 1.4542045 1.3355404 0.0000000 1.3948153 1.2483365 1.4979700 0.9867177 1.5888172 2.2004312 1.7124485 1.5591928 1.3921413 1.3582801 1.5613951 1.6840166 1.6123132 1.6335750 1.8548212 1.4476673 1.6767985 1.0705865 1.3733233 1.3693725 1.3660686 1.4942892 1.4515179 0.8675171 1.5613530 1.2006484 1.2473574 
NC_028970.1 1.9456450 1.6401795 2.3341414 2.5625415 2.0468158 1.4281872 1.3563484 1.3948153 0.0000000 0.1469037 2.0170424 1.0326259 2.0327317 2.3955323 2.0343654 1.7354986 1.7145849 1.7627156 1.5931340 1.6996410 1.7557042 1.7175861 2.0508704 1.7503701 1.8937917 1.6293845 1.8446348 2.0844038 1.9790503 2.0905315 1.8756028 1.2947239 1.8661286 1.5656821 1.5668071 
NC_024767.1 2.0417538 1.5649877 2.1866422 2.4369511 1.8024534 1.2639944 1.2742579 1.2483365 0.1469037 0.0000000 1.6157060 1.0181229 1.8799640 2.1981865 1.7355881 1.5386982 1.8085350 1.6901240 1.7063883 1.5004007 1.6798247 1.5890440 1.7866190 1.7406745 2.0272980 1.6163205 1.6553237 2.0665265 1.8958655 1.9651430 1.7908996 1.5732731 1.6874032 1.4035114 1.4288291 
NC_028380.1 2.0514403 2.2189049 3.0221535 2.5922229 2.0432364 1.5399860 1.8476862 1.4979700 2.0170424 1.6157060 0.0000000 0.6242655 1.9838881 3.2279600 2.6239297 2.1530684 1.6894507 1.9247407 2.0212442 2.3703408 2.2646913 2.3170483 2.1549604 1.9804206 1.9711032 1.1626547 1.6963365 2.0971555 1.8837832 1.9863283 2.1628908 1.4723322 1.9015280 1.7602971 1.7418905 
NC_023861.1 1.3340339 1.3151104 1.4316932 1.4748681 1.5878576 1.2523031 1.0575846 0.9867177 1.0326259 1.0181229 0.6242655 0.0000000 0.9199025 1.3249974 1.4440816 0.9913701 1.2186182 0.9147348 1.0944614 1.2296070 1.3604923 1.3734015 1.9740732 1.3082522 1.1472516 1.2237555 1.0197581 1.1194910 1.1927924 1.2263269 1.2134344 1.2327223 1.2754072 1.2238719 1.1659443 
NC_003976.2 1.6942633 1.8582323 2.1417722 2.1400982 1.6385949 2.0651141 1.9764732 1.5888172 2.0327317 1.8799640 1.9838881 0.9199025 0.0000000 1.9794570 1.4616357 1.2806453 1.0578003 1.4632365 1.0586753 1.3163873 1.3713950 1.2703526 1.3937274 1.0986896 1.1048547 0.9835850 1.3887810 1.4124613 1.4025885 1.4587752 1.4473628 1.1465814 1.3538906 1.3773674 1.3320056 
NC_003983.1 1.6689600 2.2237598 1.6411489 2.2779985 3.0662081 2.4149590 2.5663476 2.2004312 2.3955323 2.1981865 3.2279600 1.3249974 1.9794570 0.0000000 1.9823721 1.5516621 1.3812329 1.7962913 1.6106605 1.7760084 1.8810401 1.6298349 1.5726359 1.4093712 1.5501190 1.1652011 1.5231184 1.4332934 1.4612952 1.4275337 1.4954308 1.0142420 1.8200259 1.6751045 1.5687365 
NC_003982.1 1.5936720 2.1557793 2.8675096 2.6377824 1.9645836 2.1543914 2.0566489 1.7124485 2.0343654 1.7355881 2.6239297 1.4440816 1.4616357 1.9823721 0.0000000 1.4240013 1.4074968 1.7502629 1.5251971 1.6711781 1.7439335 1.5038722 2.3090673 1.3165990 1.5155777 1.1953098 1.1766231 1.4417487 1.1376667 1.1817790 1.5195360 1.0929483 1.7992812 1.6180316 1.5966482 
NC_031106.1 1.4731808 1.9073219 1.7699996 2.2600155 1.7704133 1.8380598 1.7650718 1.5591928 1.7354986 1.5386982 2.1530684 0.9913701 1.2806453 1.5516621 1.4240013 0.0000000 0.7159714 0.9510617 1.2517617 1.2723134 1.7162972 1.3251084 1.4136150 1.2356524 1.3241677 0.9249106 1.2965953 1.3856580 1.3410553 1.3048490 1.3341078 0.8831202 1.2613574 1.3278221 1.2941750 
NC_031105.1 1.4165476 1.7149127 1.5596253 1.8906348 1.4928667 1.5138494 1.5819924 1.3921413 1.7145849 1.8085350 1.6894507 1.2186182 1.0578003 1.3812329 1.4074968 0.7159714 0.0000000 0.7064532 1.1046143 1.0393752 1.2656161 1.2838286 1.1183151 0.9561214 0.9675629 0.8873787 0.9721389 1.1444995 1.0324265 0.9921627 0.9614056 0.8020282 1.2415104 1.1384237 1.1210320 
NC_024070.1 1.5066065 1.8251006 2.1068250 1.9938190 1.7223344 1.8666851 1.7270260 1.3582801 1.7627156 1.6901240 1.9247407 0.9147348 1.4632365 1.7962913 1.7502629 0.9510617 0.7064532 0.0000000 1.4066763 1.1977634 1.7584389 1.4285665 1.5808672 1.3639257 1.4463685 0.8128256 1.4527683 1.5345798 1.5049893 1.4065510 1.4620480 0.7598031 1.6108633 1.4288971 1.4151146 
NC_021482.1 1.7220729 1.9876608 1.9556232 2.0860009 1.8838618 1.7193835 1.7132956 1.5613951 1.5931340 1.7063883 2.0212442 1.0944614 1.0586753 1.6106605 1.5251971 1.2517617 1.1046143 1.4066763 0.0000000 1.2435726 1.3192784 1.1330496 1.6545758 1.1157843 1.1040377 0.9469865 1.2950364 1.1880742 1.2051968 1.2403182 1.2394561 0.8284021 1.2963771 1.3424974 1.2530624 
NC_001479.1 1.5065602 1.9386187 1.3909486 2.0410931 1.7245280 1.7964406 1.6956372 1.6840166 1.6996410 1.5004007 2.3703408 1.2296070 1.3163873 1.7760084 1.6711781 1.2723134 1.0393752 1.1977634 1.2435726 0.0000000 1.3376999 1.3319081 1.4852989 1.0799558 1.2478420 1.0470022 1.2531328 1.3074810 1.2241274 1.3309146 1.2394197 0.6738136 1.1789863 1.3538757 1.2866225 
NC_023987.1 1.6490007 2.2937329 2.0725358 2.5805300 1.8253338 1.6699247 1.8868577 1.6123132 1.7557042 1.6798247 2.2646913 1.3604923 1.3713950 1.8810401 1.7439335 1.7162972 1.2656161 1.7584389 1.3192784 1.3376999 0.0000000 1.4309146 1.5137439 1.4997317 1.3876220 1.0267898 1.4010994 1.2859491 1.3177129 1.3816195 1.3749678 0.7063644 1.3941997 1.2982237 1.2582599 
NC_001897.1 1.3410698 2.0626501 2.0076708 2.3709915 2.1307922 2.4681923 1.9455066 1.6335750 1.7175861 1.5890440 2.3170483 1.3734015 1.2703526 1.6298349 1.5038722 1.3251084 1.2838286 1.4285665 1.1330496 1.3319081 1.4309146 0.0000000 1.6623619 0.9289088 0.9310726 0.9145979 1.0838917 1.1341480 1.1804082 1.2004701 1.2501359 0.8069142 1.2274660 1.3359733 1.2738620 
NC_010354.1 1.4921914 2.2209059 1.5111466 2.5196845 2.1319751 2.1288491 2.0603399 1.8548212 2.0508704 1.7866190 2.1549604 1.9740732 1.3937274 1.5726359 2.3090673 1.4136150 1.1183151 1.5808672 1.6545758 1.4852989 1.5137439 1.6623619 0.0000000 1.5119747 1.5266076 1.0004875 1.2801164 1.4150698 1.2454939 1.2892398 1.1960185 0.5052034 1.3582339 1.3059003 1.3563346 
NC_025675.1 1.5210223 1.7532403 1.5398484 1.9283249 1.7363692 1.8688412 1.8650380 1.4476673 1.7503701 1.7406745 1.9804206 1.3082522 1.0986896 1.4093712 1.3165990 1.2356524 0.9561214 1.3639257 1.1157843 1.0799558 1.4997317 0.9289088 1.5119747 0.0000000 0.2952635 1.1196720 1.1094381 1.0767465 1.0804845 1.1964048 1.0370620 0.5728102 1.1452723 1.1158342 1.1049803 
NC_018668.1 1.5101604 1.6149568 1.6372530 2.1861618 1.7988053 2.1239473 2.0438827 1.6767985 1.8937917 2.0272980 1.9711032 1.1472516 1.1048547 1.5501190 1.5155777 1.3241677 0.9675629 1.4463685 1.1040377 1.2478420 1.3876220 0.9310726 1.5266076 0.2952635 0.0000000 0.9208969 1.0308164 1.1155371 0.9962447 1.0834107 1.1695038 0.4950303 1.1255410 1.1026763 1.1096405 
NC_034385.1 1.3337954 1.1203986 1.3427836 1.3753368 1.2214949 1.5082581 1.2500156 1.0705865 1.6293845 1.6163205 1.1626547 1.2237555 0.9835850 1.1652011 1.1953098 0.9249106 0.8873787 0.8128256 0.9469865 1.0470022 1.0267898 0.9145979 1.0004875 1.1196720 0.9208969 0.0000000 0.6228999 0.7247404 0.5944231 0.5737064 0.6345078 0.3634148 0.7245940 0.8036052 0.8413854 
NC_025961.1 1.5336721 1.6070196 1.4659454 2.3737195 1.6112724 1.4536541 1.4297079 1.3733233 1.8446348 1.6553237 1.6963365 1.0197581 1.3887810 1.5231184 1.1766231 1.2965953 0.9721389 1.4527683 1.2950364 1.2531328 1.4010994 1.0838917 1.2801164 1.1094381 1.0308164 0.6228999 0.0000000 0.2344109 0.2287274 0.2245030 0.2491897 0.2411435 1.0584480 0.8681198 0.8245129 
NC_012800.1 1.5893162 1.7503755 1.9004032 2.3704453 1.5226439 1.4567603 1.5094121 1.3693725 2.0844038 2.0665265 2.0971555 1.1194910 1.4124613 1.4332934 1.4417487 1.3856580 1.1444995 1.5345798 1.1880742 1.3074810 1.2859491 1.1341480 1.4150698 1.0767465 1.1155371 0.7247404 0.2344109 0.0000000 0.2247830 0.2194191 0.2939320 0.2671873 1.3013773 1.2305289 1.1138697 
NC_012801.1 1.7854787 1.6983974 1.5126159 2.3119040 1.5697826 1.5046067 1.4513702 1.3660686 1.9790503 1.8958655 1.8837832 1.1927924 1.4025885 1.4612952 1.1376667 1.3410553 1.0324265 1.5049893 1.2051968 1.2241274 1.3177129 1.1804082 1.2454939 1.0804845 0.9962447 0.5944231 0.2287274 0.2247830 0.0000000 0.1921102 0.1788942 0.2123612 1.0281232 0.8502826 0.7997175 
NC_012802.1 1.7199938 1.9319944 1.5293139 2.3827028 1.5853214 1.4842802 1.5148400 1.4942892 2.0905315 1.9651430 1.9863283 1.2263269 1.4587752 1.4275337 1.1817790 1.3048490 0.9921627 1.4065510 1.2403182 1.3309146 1.3816195 1.2004701 1.2892398 1.1964048 1.0834107 0.5737064 0.2245030 0.2194191 0.1921102 0.0000000 0.1057652 0.1303858 1.0225682 0.9332353 0.8918478 
NC_023984.1 1.4745831 1.7949392 1.8074964 2.2540964 1.6299464 1.5332448 1.5216865 1.4515179 1.8756028 1.7908996 2.1628908 1.2134344 1.4473628 1.4954308 1.5195360 1.3341078 0.9614056 1.4620480 1.2394561 1.2394197 1.3749678 1.2501359 1.1960185 1.0370620 1.1695038 0.6345078 0.2491897 0.2939320 0.1788942 0.1057652 0.0000000 0.1036501 1.4380121 1.3327702 1.1791804 
NC_012798.1 0.9328171 0.9187474 0.9927358 1.2679351 1.1914416 1.3228850 1.0009981 0.8675171 1.2947239 1.5732731 1.4723322 1.2327223 1.1465814 1.0142420 1.0929483 0.8831202 0.8020282 0.7598031 0.8284021 0.6738136 0.7063644 0.8069142 0.5052034 0.5728102 0.4950303 0.3634148 0.2411435 0.2671873 0.2123612 0.1303858 0.1036501 0.0000000 0.5814370 0.6404973 0.6599505 
NC_001366.1 1.3323568 1.8980535 2.2955078 2.3466018 1.8970983 1.7113653 1.5060425 1.5613530 1.8661286 1.6874032 1.9015280 1.2754072 1.3538906 1.8200259 1.7992812 1.2613574 1.2415104 1.6108633 1.2963771 1.1789863 1.3941997 1.2274660 1.3582339 1.1452723 1.1255410 0.7245940 1.0584480 1.3013773 1.0281232 1.0225682 1.4380121 0.5814370 0.0000000 0.3193210 0.3164293 
NC_009448.2 1.4325920 1.6871574 2.1730028 2.2035963 1.7854440 1.6456793 1.4605335 1.2006484 1.5656821 1.4035114 1.7602971 1.2238719 1.3773674 1.6751045 1.6180316 1.3278221 1.1384237 1.4288971 1.3424974 1.3538757 1.2982237 1.3359733 1.3059003 1.1158342 1.1026763 0.8036052 0.8681198 1.2305289 0.8502826 0.9332353 1.3327702 0.6404973 0.3193210 0.0000000 0.0963056 
NC_010810.1 1.4858134 1.7551288 2.0730635 2.1862162 1.6773574 1.6219689 1.4239109 1.2473574 1.5668071 1.4288291 1.7418905 1.1659443 1.3320056 1.5687365 1.5966482 1.2941750 1.1210320 1.4151146 1.2530624 1.2866225 1.2582599 1.2738620 1.3563346 1.1049803 1.1096405 0.8413854 0.8245129 1.1138697 0.7997175 0.8918478 1.1791804 0.6599505 0.3164293 0.0963056 0.0000000 
