7
NC_028364.1 0.0000000 0.9925735 0.7023375 0.5271356 0.9072302 0.8643907 1.0616399 
NC_028981.1 0.9925735 0.0000000 0.6808942 0.5374277 0.6027896 0.8802655 0.8020638 
NC_027818.1 0.7023375 0.6808942 0.0000000 0.4223717 0.5661833 0.7102116 0.6171556 
NC_028365.1 0.5271356 0.5374277 0.4223717 0.0000000 0.4590487 0.8738786 1.0039071 
NC_028366.1 0.9072302 0.6027896 0.5661833 0.4590487 0.0000000 0.9312276 0.9042494 
NC_028363.1 0.8643907 0.8802655 0.7102116 0.8738786 0.9312276 0.0000000 0.7817205 
NC_001489.1 1.0616399 0.8020638 0.6171556 1.0039071 0.9042494 0.7817205 0.0000000 
