22
NC_034245.1 0.0000000 0.0000010 0.0000010 0.0000010 0.0000010 0.0000010 0.0000010 0.0000010 0.0000010 0.0000010 0.0000010 0.0000010 0.0000010 0.0000010 0.0000010 0.0000010 0.0000010 0.0000010 0.0000010 0.0000010 0.0000010 0.0000010 
NC_026921.1 0.0000010 0.0000000 1.5086931 1.1330148 1.4347240 1.2902120 1.3591221 1.3911053 1.5072083 1.6077630 1.6794381 1.6153621 1.4903128 1.7488254 1.3783377 1.6655997 1.4056635 1.3998676 1.4845253 1.6940005 1.5003474 1.5988726 
NC_001859.1 0.0000010 1.5086931 0.0000000 0.2124585 0.3005583 0.2375533 0.2184914 0.2558991 1.0084769 0.8191400 0.8935821 0.8468514 0.8848572 0.7472353 0.7990717 0.7448663 0.7618451 0.7580875 0.7450267 0.7877142 0.7067507 0.8101330 
NC_008714.1 0.0000010 1.1330148 0.2124585 0.0000000 0.1950503 0.1871075 0.1857045 0.2221397 0.8504019 0.7579994 0.7785948 0.7807245 0.7286814 0.6720606 0.6561392 0.7142867 0.7122294 0.6450616 0.6615318 0.6883852 0.6402908 0.6518925 
NC_034267.1 0.0000010 1.4347240 0.3005583 0.1950503 0.0000000 0.2248539 0.2424742 0.2640546 0.9948105 0.8112791 0.9109449 0.8688703 0.8739699 0.8582609 0.8055022 0.8523005 0.8083211 0.7150229 0.7122889 0.7705196 0.8121054 0.8222163 
NC_033695.1 0.0000010 1.2902120 0.2375533 0.1871075 0.2248539 0.0000000 0.1973956 0.2016123 0.8688366 0.8051386 0.7764933 0.9424892 0.8332163 0.7606048 0.7495048 0.7269616 0.7575685 0.6826555 0.6754260 0.7099673 0.7268094 0.7617715 
NC_029854.1 0.0000010 1.3591221 0.2184914 0.1857045 0.2424742 0.1973956 0.0000000 0.1292331 0.8649034 0.7365385 0.6932952 0.8054252 0.7269361 0.6904455 0.7252597 0.7086117 0.6734849 0.6642060 0.6656163 0.6208278 0.6583980 0.6596993 
NC_021220.1 0.0000010 1.3911053 0.2558991 0.2221397 0.2640546 0.2016123 0.1292331 0.0000000 0.8911348 0.7715944 0.7118652 0.8744175 0.7549563 0.7699881 0.8097539 0.7570515 0.7572927 0.7065026 0.6942850 0.7231814 0.7126147 0.6941607 
NC_001490.1 0.0000010 1.5072083 1.0084769 0.8504019 0.9948105 0.8688366 0.8649034 0.8911348 0.0000000 0.7116033 0.6754692 0.5747846 0.6091531 0.6534561 0.6183774 0.6649409 0.6286258 0.6815418 0.5912526 0.6564161 0.6404275 0.6108515 
NC_009996.1 0.0000010 1.6077630 0.8191400 0.7579994 0.8112791 0.8051386 0.7365385 0.7715944 0.7116033 0.0000000 0.4282808 0.7884307 0.7746488 0.6781914 0.6943630 0.6901517 0.6637457 0.5471361 0.5638227 0.6543788 0.6220230 0.7226754 
NC_001617.1 0.0000010 1.6794381 0.8935821 0.7785948 0.9109449 0.7764933 0.6932952 0.7118652 0.6754692 0.4282808 0.0000000 0.8486179 0.6680377 0.8139133 0.8867171 0.8808777 0.7099387 0.6780723 0.6736049 0.6403658 0.6337500 0.7833683 
NC_029905.1 0.0000010 1.6153621 0.8468514 0.7807245 0.8688703 0.9424892 0.8054252 0.8744175 0.5747846 0.7884307 0.8486179 0.0000000 0.6894316 0.5522305 0.4929303 0.5295240 0.5647565 0.5931675 0.5643253 0.5495600 0.5093578 0.5239475 
NC_003988.1 0.0000010 1.4903128 0.8848572 0.7286814 0.8739699 0.8332163 0.7269361 0.7549563 0.6091531 0.7746488 0.6680377 0.6894316 0.0000000 0.6057312 0.6583264 0.6497132 0.5780128 0.6014021 0.5612599 0.5967323 0.4534471 0.4804614 
NC_001472.1 0.0000010 1.7488254 0.7472353 0.6720606 0.8582609 0.7606048 0.6904455 0.7699881 0.6534561 0.6781914 0.8139133 0.5522305 0.6057312 0.0000000 0.1164008 0.1170404 0.2965006 0.4520650 0.4419602 0.3656050 0.3598846 0.3218650 
NC_030454.1 0.0000010 1.3783377 0.7990717 0.6561392 0.8055022 0.7495048 0.7252597 0.8097539 0.6183774 0.6943630 0.8867171 0.4929303 0.6583264 0.1164008 0.0000000 0.0960999 0.3054335 0.4121057 0.4022335 0.4394084 0.4226725 0.3904153 
NC_001612.1 0.0000010 1.6655997 0.7448663 0.7142867 0.8523005 0.7269616 0.7086117 0.7570515 0.6649409 0.6901517 0.8808777 0.5295240 0.6497132 0.1170404 0.0960999 0.0000000 0.3103079 0.4471943 0.4340179 0.3748212 0.3953372 0.3885046 
NC_004441.1 0.0000010 1.4056635 0.7618451 0.7122294 0.8083211 0.7575685 0.6734849 0.7572927 0.6286258 0.6637457 0.7099387 0.5647565 0.5780128 0.2965006 0.3054335 0.3103079 0.0000000 0.4805408 0.4451732 0.4035123 0.3169845 0.4318441 
NC_002058.3 0.0000010 1.3998676 0.7580875 0.6450616 0.7150229 0.6826555 0.6642060 0.7065026 0.6815418 0.5471361 0.6780723 0.5931675 0.6014021 0.4520650 0.4121057 0.4471943 0.4805408 0.0000000 0.1343844 0.4416453 0.5251676 0.4298263 
NC_001430.1 0.0000010 1.4845253 0.7450267 0.6615318 0.7122889 0.6754260 0.6656163 0.6942850 0.5912526 0.5638227 0.6736049 0.5643253 0.5612599 0.4419602 0.4022335 0.4340179 0.4451732 0.1343844 0.0000000 0.3819859 0.4435402 0.4117666 
NC_010415.1 0.0000010 1.6940005 0.7877142 0.6883852 0.7705196 0.7099673 0.6208278 0.7231814 0.6564161 0.6543788 0.6403658 0.5495600 0.5967323 0.3656050 0.4394084 0.3748212 0.4035123 0.4416453 0.3819859 0.0000000 0.3345898 0.3345937 
NC_024073.1 0.0000010 1.5003474 0.7067507 0.6402908 0.8121054 0.7268094 0.6583980 0.7126147 0.6404275 0.6220230 0.6337500 0.5093578 0.4534471 0.3598846 0.4226725 0.3953372 0.3169845 0.5251676 0.4435402 0.3345898 0.0000000 0.2367683 
NC_013695.1 0.0000010 1.5988726 0.8101330 0.6518925 0.8222163 0.7617715 0.6596993 0.6941607 0.6108515 0.7226754 0.7833683 0.5239475 0.4804614 0.3218650 0.3904153 0.3885046 0.4318441 0.4298263 0.4117666 0.3345937 0.2367683 0.0000000 
