Node	Site	State 	p_A	p_C	p_G	p_T
37	1	G	0.11805	0.06383	0.73137	0.08675
37	2	K	0.12364	0.12385	0.34169	0.41082
37	3	T	0.00402	0.01536	0.00441	0.97620
37	4	T	0.00402	0.01536	0.00441	0.97620
37	5	T	0.00152	0.00708	0.00167	0.98973
37	6	Y	0.02181	0.45919	0.02387	0.49512
37	7	Y	0.02170	0.49459	0.02376	0.45994
37	8	C	0.00079	0.99333	0.00087	0.00502
37	9	C	0.09521	0.81093	0.03076	0.06310
37	10	G	0.14414	0.00898	0.83467	0.01221
37	11	G	0.04928	0.02925	0.89623	0.02523
37	12	A	0.90238	0.02630	0.04862	0.02270
37	13	C	0.01852	0.88981	0.03222	0.05944
37	14	C	0.01464	0.65874	0.01603	0.31059
37	15	C	0.00079	0.99333	0.00087	0.00502
37	16	C	0.00842	0.83458	0.00921	0.14778
37	17	C	0.00810	0.87344	0.00886	0.10960
37	18	C	0.00830	0.90228	0.00909	0.08033
37	19	G	0.12241	0.06726	0.71891	0.09142
37	20	A	0.70732	0.06726	0.13400	0.09142
37	21	C	0.06897	0.69457	0.07550	0.16096
37	22	G	0.12241	0.06726	0.71891	0.09142
37	23	Y	0.05070	0.43035	0.05550	0.46346
37	24	C	0.01363	0.92286	0.01493	0.04858
37	25	T	0.01170	0.09489	0.01280	0.88061
37	26	T	0.00152	0.00708	0.00167	0.98973
37	27	T	0.00152	0.00708	0.00167	0.98973
37	28	G	0.05287	0.09447	0.81278	0.03988
37	29	G	0.14414	0.00898	0.83467	0.01221
37	30	A	0.83802	0.00833	0.14233	0.01132
37	31	C	0.08513	0.61152	0.05605	0.24730
37	32	G	0.10979	0.00876	0.86955	0.01190
37	33	C	0.12731	0.53123	0.07210	0.26935
37	34	C	0.00079	0.99333	0.00087	0.00502
37	35	C	0.00079	0.99333	0.00087	0.00502
37	36	A	0.50051	0.05694	0.29535	0.14720
37	37	T	0.03488	0.05951	0.10696	0.79866
37	38	G	0.21081	0.06403	0.57262	0.15253
37	39	G	0.05287	0.09447	0.81278	0.03988
37	40	T	0.00152	0.00708	0.00167	0.98973
37	41	G	0.14414	0.00898	0.83467	0.01221
37	42	C	0.20256	0.40951	0.24014	0.14778
37	43	G	0.14414	0.00898	0.83467	0.01221
37	44	G	0.00498	0.00099	0.99267	0.00135
37	45	G	0.00061	0.00006	0.99925	0.00008
37	46	G	0.00061	0.00006	0.99925	0.00008
37	47	G	0.06138	0.00881	0.91116	0.01865
37	48	T	0.21879	0.12958	0.04226	0.60936
37	49	G	0.05002	0.00615	0.93213	0.01170
37	50	T	0.00012	0.00106	0.00013	0.99869
37	51	A	0.98839	0.00061	0.01019	0.00082
37	52	A	0.99940	0.00005	0.00049	0.00006
37	53	A	0.99830	0.00015	0.00134	0.00021
37	54	T	0.06545	0.11422	0.07165	0.74868
37	55	T	0.00152	0.00708	0.00167	0.98973
37	56	A	0.99355	0.00082	0.00451	0.00112
37	57	C	0.00004	0.99938	0.00005	0.00053
37	58	C	0.00057	0.98520	0.00062	0.01361
37	59	T	0.03751	0.13650	0.10942	0.71658
37	60	C	0.00057	0.98520	0.00062	0.01361
37	61	A	0.98529	0.00058	0.01334	0.00078
37	62	C	0.00187	0.98468	0.00427	0.00917
37	63	C	0.00809	0.91933	0.01517	0.05741
37	64	C	0.30973	0.51588	0.09163	0.08277
37	65	C	0.00059	0.98607	0.00064	0.01270
37	66	C	0.00004	0.99938	0.00005	0.00053
37	67	G	0.00840	0.00157	0.98712	0.00291
37	68	T	0.00012	0.00106	0.00013	0.99869
37	69	T	0.00012	0.00106	0.00013	0.99869
37	70	A	0.70120	0.06891	0.13623	0.09366
37	71	G	0.12445	0.06891	0.71298	0.09366
37	72	C	0.07066	0.68835	0.07736	0.16363
37	73	T	0.07066	0.12038	0.07736	0.73160
37	74	G	0.12445	0.06891	0.71298	0.09366
37	75	T	0.00012	0.00106	0.00013	0.99869
37	76	G	0.00840	0.00157	0.98712	0.00291
37	77	C	0.00004	0.99938	0.00005	0.00053
37	78	C	0.00004	0.99938	0.00005	0.00053
37	79	G	0.04047	0.01933	0.87585	0.06434
37	80	T	0.22148	0.03104	0.03034	0.71713
37	81	G	0.00061	0.00006	0.99925	0.00008
37	82	G	0.01425	0.00071	0.98407	0.00097
37	83	G	0.06611	0.08427	0.52164	0.32797
37	84	T	0.00106	0.02036	0.00116	0.97743
37	85	T	0.02432	0.02036	0.00925	0.94607
37	86	A	0.74510	0.02778	0.03628	0.19084
37	87	C	0.06175	0.86794	0.02094	0.04937
37	88	G	0.00061	0.00006	0.99925	0.00008
37	89	G	0.00061	0.00006	0.99925	0.00008
37	90	A	0.70120	0.06891	0.13623	0.09366
37	91	A	0.70120	0.06891	0.13623	0.09366
37	92	C	0.07066	0.68835	0.07736	0.16363
37	93	C	0.00002	0.99975	0.00002	0.00021
37	94	T	0.00005	0.00049	0.00005	0.99942
37	95	A	0.95881	0.00495	0.03253	0.00371
37	96	C	0.20078	0.67550	0.03659	0.08712
37	97	C	0.21311	0.75053	0.01542	0.02094
37	98	T	0.00012	0.00106	0.00013	0.99869
37	99	A	0.56362	0.02805	0.35169	0.05665
37	100	T	0.00046	0.00298	0.00050	0.99606
37	101	T	0.07980	0.09769	0.24908	0.57343
37	102	T	0.03206	0.21944	0.03509	0.71341
37	103	C	0.06297	0.68091	0.12331	0.13281
37	104	T	0.03206	0.21944	0.03509	0.71341
37	105	T	0.03000	0.06419	0.03284	0.87297
37	106	T	0.00011	0.00101	0.00012	0.99876
37	107	T	0.00005	0.00049	0.00005	0.99942
37	108	T	0.00963	0.03376	0.00568	0.95093
37	109	T	0.00005	0.00049	0.00005	0.99942
37	110	G	0.00465	0.00026	0.99474	0.00035
37	111	G	0.05490	0.18920	0.55774	0.19816
37	112	A	0.46044	0.24943	0.05846	0.23167
37	113	T	0.00057	0.01188	0.00063	0.98692
37	114	G	0.04092	0.00447	0.94480	0.00981
37	115	T	0.00005	0.00049	0.00005	0.99942
37	116	A	0.99939	0.00005	0.00050	0.00006
37	117	A	0.98581	0.00056	0.01287	0.00076
37	118	A	0.98381	0.00070	0.01454	0.00095
37	119	T	0.00011	0.00105	0.00013	0.99871
37	120	A	0.90221	0.00833	0.07196	0.01750
37	121	T	0.08976	0.04438	0.02702	0.83884
37	122	T	0.04026	0.11853	0.14744	0.69377
37	123	A	0.98581	0.00056	0.01287	0.00076
37	124	A	0.98618	0.00313	0.00845	0.00224
37	125	T	0.00011	0.00105	0.00013	0.99871
37	126	T	0.00763	0.02310	0.01510	0.95417
37	127	C	0.00165	0.96736	0.00180	0.02918
37	128	C	0.00015	0.99821	0.00016	0.00148
37	129	T	0.00251	0.03719	0.00275	0.95756
37	130	G	0.00154	0.00019	0.99801	0.00026
37	131	C	0.00165	0.96736	0.00180	0.02918
37	132	A	0.96612	0.00934	0.01782	0.00672
37	133	G	0.03719	0.02484	0.90363	0.03434
37	134	G	0.00840	0.00157	0.98712	0.00291
37	135	T	0.00257	0.01242	0.00412	0.98090
37	136	T	0.00106	0.02036	0.00116	0.97743
37	137	C	0.00004	0.99938	0.00005	0.00053
37	138	A	0.98529	0.00058	0.01334	0.00078
37	139	G	0.00061	0.00006	0.99925	0.00008
37	140	G	0.03684	0.04594	0.89501	0.02221
37	141	T	0.03923	0.04478	0.03768	0.87832
37	142	C	0.00342	0.73962	0.00374	0.25323
37	143	T	0.00012	0.00106	0.00013	0.99869
37	144	C	0.00200	0.98781	0.00145	0.00874
37	145	T	0.00012	0.00106	0.00013	0.99869
37	146	T	0.00847	0.02712	0.01410	0.95031
37	147	G	0.10379	0.01760	0.84476	0.03385
37	148	A	0.96495	0.00260	0.02891	0.00354
37	149	A	0.96266	0.00555	0.02122	0.01057
37	150	T	0.00323	0.01369	0.00512	0.97795
37	151	Y	0.01443	0.51830	0.02398	0.44329
37	152	A	0.66337	0.04136	0.05363	0.24164
37	153	K	0.06098	0.08494	0.45699	0.39710
37	154	G	0.03877	0.01659	0.89580	0.04884
37	155	T	0.02497	0.07859	0.01393	0.88251
37	156	C	0.00414	0.90142	0.00453	0.08991
37	157	C	0.00012	0.99876	0.00013	0.00099
37	158	A	0.69909	0.07712	0.06656	0.15722
37	159	C	0.00118	0.97821	0.00129	0.01932
37	160	G	0.05038	0.04252	0.65865	0.24845
37	161	Y	0.02635	0.46031	0.01875	0.49459
37	162	T	0.00024	0.00157	0.00027	0.99791
37	163	A	0.99878	0.00013	0.00092	0.00017
37	164	G	0.09677	0.00436	0.89294	0.00593
37	165	G	0.04416	0.03128	0.62296	0.30161
37	166	G	0.09677	0.00436	0.89294	0.00593
37	167	G	0.06686	0.02012	0.89834	0.01468
37	168	C	0.00012	0.99876	0.00013	0.00099
37	169	A	0.99878	0.00013	0.00092	0.00017
37	170	C	0.00118	0.97821	0.00129	0.01932
37	171	T	0.00024	0.00157	0.00027	0.99791
37	172	C	0.00468	0.98039	0.00268	0.01225
37	173	T	0.29533	0.04803	0.04855	0.60809
37	174	C	0.00632	0.70847	0.00692	0.27830
37	175	T	0.00208	0.02936	0.00227	0.96629
37	176	T	0.00024	0.00157	0.00027	0.99791
37	177	T	0.00041	0.00277	0.00045	0.99637
37	178	T	0.00041	0.00277	0.00045	0.99637
37	179	T	0.00775	0.20907	0.00849	0.77469
37	180	C	0.00696	0.79831	0.00762	0.18711
37	181	C	0.00020	0.99776	0.00022	0.00182
37	182	C	0.00696	0.79831	0.00762	0.18711
37	183	T	0.01251	0.02437	0.00796	0.95516
37	184	G	0.00186	0.00025	0.99755	0.00034
37	185	G	0.19747	0.00676	0.78658	0.00919
37	186	G	0.01982	0.01414	0.95685	0.00920
37	187	C	0.03204	0.54652	0.06963	0.35180
37	188	C	0.00020	0.99776	0.00022	0.00182
37	189	C	0.06545	0.70765	0.07165	0.15525
37	190	A	0.72019	0.06383	0.12923	0.08675
37	191	G	0.11805	0.06383	0.73137	0.08675
37	192	A	0.72019	0.06383	0.12923	0.08675
37	193	M	0.40426	0.29190	0.14444	0.15940
37	194	T	0.30174	0.12765	0.13269	0.43792
37	195	T	0.02205	0.10475	0.04211	0.83109
37	196	T	0.00394	0.05691	0.00432	0.93483
37	197	C	0.00477	0.83017	0.00522	0.15984
37	198	T	0.00727	0.02437	0.01320	0.95516
37	199	T	0.22905	0.17653	0.06624	0.52818
37	200	T	0.07836	0.06053	0.08007	0.78105
37	201	G	0.02345	0.00765	0.95037	0.01853
37	202	G	0.03587	0.00220	0.95893	0.00300
37	203	C	0.00624	0.95691	0.01388	0.02297
37	204	C	0.00696	0.79831	0.00762	0.18711
37	205	C	0.00200	0.96031	0.00219	0.03550
37	206	T	0.00394	0.05691	0.00432	0.93483
37	207	T	0.01816	0.02385	0.00960	0.94839
37	208	T	0.02407	0.12320	0.05231	0.80042
37	209	T	0.00011	0.00105	0.00013	0.99871
37	210	T	0.00011	0.00105	0.00013	0.99871
37	211	C	0.00070	0.98338	0.00077	0.01515
37	212	C	0.04141	0.86014	0.01742	0.08103
37	213	C	0.05147	0.83339	0.01866	0.09649
37	214	C	0.00969	0.89079	0.02543	0.07409
37	215	C	0.00277	0.69188	0.00303	0.30232
37	216	T	0.03212	0.04812	0.29209	0.62767
37	217	T	0.00358	0.41231	0.00392	0.58018
37	218	A	0.57086	0.05022	0.10077	0.27815
37	219	C	0.00023	0.99240	0.00025	0.00713
37	220	T	0.00047	0.01143	0.00051	0.98759
37	221	A	0.88125	0.01334	0.06554	0.03987
37	222	T	0.00005	0.00049	0.00005	0.99942
37	223	C	0.00023	0.99240	0.00025	0.00713
37	224	A	0.99573	0.00041	0.00311	0.00075
37	225	T	0.00047	0.01143	0.00051	0.98759
37	226	T	0.00302	0.22643	0.00330	0.76725
37	227	T	0.00360	0.39624	0.00394	0.59622
37	228	T	0.00046	0.00773	0.00050	0.99131
37	229	T	0.01681	0.02552	0.01547	0.94221
37	230	T	0.00388	0.04316	0.00425	0.94870
37	231	T	0.07066	0.12038	0.07736	0.73160
37	232	C	0.07066	0.68835	0.07736	0.16363
37	233	C	0.01329	0.70018	0.00931	0.27722
37	234	T	0.00005	0.00049	0.00005	0.99942
37	235	T	0.00075	0.02520	0.00083	0.97322
37	236	C	0.00002	0.99975	0.00002	0.00021
37	237	C	0.00060	0.99550	0.00044	0.00346
37	238	G	0.03071	0.00331	0.96279	0.00318
37	239	G	0.00026	0.00002	0.99968	0.00003
37	240	G	0.00026	0.00002	0.99968	0.00003
37	241	C	0.00019	0.99591	0.00021	0.00369
37	242	T	0.00005	0.00049	0.00005	0.99942
37	243	C	0.00002	0.99975	0.00002	0.00021
37	244	T	0.00005	0.00049	0.00005	0.99942
37	245	C	0.00002	0.99975	0.00002	0.00021
37	246	A	0.96852	0.00321	0.02529	0.00299
37	247	G	0.04010	0.24876	0.63461	0.07654
37	248	C	0.01086	0.95830	0.00952	0.02131
37	249	A	0.92245	0.00775	0.04830	0.02150
37	250	T	0.00005	0.00049	0.00005	0.99942
37	251	G	0.00438	0.00026	0.99501	0.00035
37	252	C	0.00002	0.99975	0.00002	0.00021
37	253	C	0.00002	0.99975	0.00002	0.00021
37	254	A	0.87464	0.00783	0.11041	0.00712
37	255	A	0.97345	0.00189	0.02115	0.00351
37	256	T	0.02754	0.06206	0.01071	0.89969
37	257	G	0.00026	0.00002	0.99968	0.00003
37	258	G	0.01146	0.00463	0.94407	0.03985
37	259	Y	0.07055	0.51517	0.02142	0.39286
37	260	C	0.15195	0.48248	0.11926	0.24630
37	261	C	0.00002	0.99975	0.00002	0.00021
37	262	T	0.00587	0.01988	0.00642	0.96783
37	263	G	0.00026	0.00002	0.99968	0.00003
37	264	A	0.98305	0.00043	0.01594	0.00058
37	265	C	0.00002	0.99975	0.00002	0.00021
37	266	C	0.00002	0.99975	0.00002	0.00021
37	267	G	0.00826	0.00030	0.99104	0.00040
37	268	G	0.27371	0.09608	0.46823	0.16198
37	269	T	0.00005	0.00049	0.00005	0.99942
37	270	G	0.00026	0.00002	0.99968	0.00003
37	271	C	0.00002	0.99975	0.00002	0.00021
37	272	G	0.00026	0.00002	0.99968	0.00003
37	273	C	0.00002	0.99975	0.00002	0.00021
37	274	C	0.00730	0.98251	0.00222	0.00797
37	275	C	0.00002	0.99975	0.00002	0.00021
37	276	G	0.00026	0.00002	0.99968	0.00003
37	277	S	0.04548	0.37989	0.33880	0.23582
37	278	C	0.00023	0.99240	0.00025	0.00713
37	279	G	0.00026	0.00002	0.99968	0.00003
37	280	G	0.00026	0.00002	0.99968	0.00003
37	281	G	0.00026	0.00002	0.99968	0.00003
37	282	G	0.00026	0.00002	0.99968	0.00003
37	283	T	0.00005	0.00049	0.00005	0.99942
37	284	T	0.00075	0.02520	0.00083	0.97322
37	285	A	0.99975	0.00002	0.00021	0.00002
37	286	A	0.99975	0.00002	0.00021	0.00002
37	287	C	0.00002	0.99975	0.00002	0.00021
37	288	T	0.00297	0.21610	0.00325	0.77768
37	289	C	0.00331	0.96402	0.00667	0.02601
37	290	C	0.12117	0.81414	0.02270	0.04199
37	291	A	0.87033	0.02328	0.07296	0.03343
37	292	T	0.01476	0.02576	0.01868	0.94081
37	293	G	0.00026	0.00002	0.99968	0.00003
37	294	A	0.92320	0.00077	0.07500	0.00104
37	295	T	0.00005	0.00049	0.00005	0.99942
37	296	T	0.00005	0.00049	0.00005	0.99942
37	297	A	0.99975	0.00002	0.00021	0.00002
37	298	G	0.00026	0.00002	0.99968	0.00003
37	299	C	0.00002	0.99975	0.00002	0.00021
37	300	A	0.96137	0.01026	0.01798	0.01039
37	301	T	0.03799	0.08264	0.03342	0.84595
37	302	G	0.03657	0.02244	0.82030	0.12069
37	303	G	0.02589	0.00695	0.96212	0.00504
37	304	A	0.82276	0.00230	0.17182	0.00312
37	305	G	0.00026	0.00002	0.99968	0.00003
37	306	C	0.00002	0.99975	0.00002	0.00021
37	307	T	0.00005	0.00049	0.00005	0.99942
37	308	G	0.00026	0.00002	0.99968	0.00003
37	309	T	0.00005	0.00049	0.00005	0.99942
37	310	A	0.99975	0.00002	0.00021	0.00002
37	311	G	0.00026	0.00002	0.99968	0.00003
37	312	G	0.01915	0.01195	0.95679	0.01211
37	313	Y	0.08468	0.45482	0.03239	0.42810
37	314	G	0.01146	0.03818	0.94407	0.00629
37	315	C	0.00198	0.83082	0.00217	0.16503
37	316	T	0.00075	0.02520	0.00083	0.97322
37	317	A	0.98637	0.00170	0.00677	0.00516
37	318	A	0.99975	0.00002	0.00021	0.00002
37	319	A	0.99975	0.00002	0.00021	0.00002
37	320	A	0.99975	0.00002	0.00021	0.00002
37	321	G	0.00367	0.00053	0.99483	0.00097
37	322	T	0.00046	0.00773	0.00050	0.99131
37	323	G	0.01915	0.00988	0.95679	0.01418
37	324	C	0.06736	0.62295	0.25615	0.05354
37	325	T	0.00389	0.03807	0.00614	0.95190
37	326	G	0.00026	0.00002	0.99968	0.00003
37	327	A	0.99975	0.00002	0.00021	0.00002
37	328	C	0.00019	0.99575	0.00021	0.00385
37	329	A	0.96137	0.00848	0.01798	0.01217
37	330	C	0.00863	0.86847	0.01569	0.10720
37	331	T	0.04297	0.24306	0.05170	0.66227
37	332	G	0.10095	0.08717	0.63348	0.17840
37	333	G	0.08537	0.01171	0.89464	0.00828
37	334	A	0.97345	0.00189	0.02115	0.00351
37	335	A	0.99566	0.00021	0.00385	0.00028
37	336	T	0.01132	0.08861	0.01239	0.88768
37	337	Y	0.02291	0.42078	0.08170	0.47460
37	338	T	0.00258	0.31706	0.00283	0.67753
37	339	G	0.10092	0.02710	0.83611	0.03588
37	340	G	0.01915	0.00988	0.95679	0.01418
37	341	A	0.96569	0.00442	0.01797	0.01191
37	342	C	0.00436	0.98710	0.00166	0.00687
37	343	T	0.00338	0.04111	0.00370	0.95181
37	344	A	0.87352	0.00560	0.11041	0.01047
37	345	T	0.00045	0.00716	0.00049	0.99189
37	346	T	0.04955	0.25263	0.04788	0.64994
37	347	A	0.68492	0.00266	0.30881	0.00362
37	348	A	0.98565	0.00057	0.01302	0.00077
37	349	T	0.09054	0.02896	0.01517	0.86533
37	350	G	0.04025	0.08240	0.82723	0.05012
37	351	C	0.01069	0.89643	0.03548	0.05740
37	352	A	0.68107	0.06345	0.11177	0.14371
37	353	T	0.16057	0.12730	0.08686	0.62527
37	354	G	0.33338	0.01027	0.62625	0.03010
37	355	C	0.00055	0.97395	0.00061	0.02489
37	356	A	0.96415	0.00325	0.02529	0.00731
37	357	S	0.12822	0.37734	0.43667	0.05776
37	358	T	0.00231	0.00691	0.00137	0.98941
37	359	G	0.15095	0.00764	0.82441	0.01699
37	360	T	0.00125	0.00691	0.00243	0.98941
37	361	T	0.00005	0.00049	0.00005	0.99942
37	362	A	0.99975	0.00002	0.00021	0.00002
37	363	A	0.99975	0.00002	0.00021	0.00002
37	364	C	0.00002	0.99975	0.00002	0.00021
37	365	T	0.00005	0.00049	0.00005	0.99942
37	366	G	0.01997	0.00691	0.95209	0.02102
37	367	A	0.95486	0.00113	0.04246	0.00154
37	368	A	0.98886	0.00134	0.00707	0.00273
37	369	A	0.75908	0.03279	0.16472	0.04341
37	370	C	0.00328	0.96935	0.00235	0.02501
37	371	A	0.89322	0.02681	0.03360	0.04637
37	372	T	0.14943	0.14323	0.08464	0.62270
37	373	G	0.03720	0.02343	0.81031	0.12906
37	374	T	0.03740	0.08241	0.21210	0.66809
37	375	A	0.99594	0.00020	0.00359	0.00027
37	376	W	0.33081	0.13434	0.14976	0.38509
37	377	K	0.13893	0.13229	0.36151	0.36726
37	378	A	0.99594	0.00020	0.00359	0.00027
37	379	A	0.45192	0.18492	0.32155	0.04161
37	380	T	0.01389	0.37919	0.02791	0.57900
37	381	C	0.00361	0.75997	0.00395	0.23247
37	382	T	0.01175	0.29703	0.00841	0.68281
37	383	A	0.44379	0.27772	0.21579	0.06271
37	384	A	0.94850	0.00684	0.02249	0.02217
37	385	T	0.00057	0.01188	0.00063	0.98692
37	386	T	0.00138	0.11434	0.00151	0.88277
37	387	G	0.00026	0.00002	0.99968	0.00003
37	388	A	0.99975	0.00002	0.00021	0.00002
37	389	T	0.00005	0.00049	0.00005	0.99942
37	390	C	0.00002	0.99975	0.00002	0.00021
37	391	T	0.00005	0.00049	0.00005	0.99942
37	392	T	0.00005	0.00049	0.00005	0.99942
37	393	C	0.01008	0.88609	0.03664	0.06720
37	394	T	0.06427	0.21288	0.06163	0.66122
37	395	A	0.88064	0.01392	0.06548	0.03995
37	396	S	0.14701	0.39849	0.38928	0.06522
37	397	A	0.97404	0.00053	0.02472	0.00072
37	398	A	0.95578	0.00110	0.04162	0.00150
37	399	G	0.28554	0.00214	0.70942	0.00290
37	400	G	0.00026	0.00002	0.99968	0.00003
37	401	G	0.00026	0.00002	0.99968	0.00003
37	402	G	0.00026	0.00002	0.99968	0.00003
37	403	T	0.00005	0.00049	0.00005	0.99942
37	404	A	0.99975	0.00002	0.00021	0.00002
37	405	G	0.00026	0.00002	0.99968	0.00003
37	406	G	0.00026	0.00002	0.99968	0.00003
37	407	C	0.00002	0.99975	0.00002	0.00021
37	408	T	0.00005	0.00049	0.00005	0.99942
37	409	A	0.99975	0.00002	0.00021	0.00002
37	410	C	0.00002	0.99975	0.00002	0.00021
37	411	G	0.00026	0.00002	0.99968	0.00003
37	412	G	0.00026	0.00002	0.99968	0.00003
37	413	G	0.00026	0.00002	0.99968	0.00003
37	414	T	0.00005	0.00049	0.00005	0.99942
37	415	G	0.00026	0.00002	0.99968	0.00003
37	416	A	0.99975	0.00002	0.00021	0.00002
37	417	A	0.99975	0.00002	0.00021	0.00002
37	418	A	0.99975	0.00002	0.00021	0.00002
37	419	C	0.00002	0.99975	0.00002	0.00021
37	420	C	0.00002	0.99975	0.00002	0.00021
37	421	C	0.00006	0.99876	0.00006	0.00112
37	422	C	0.01380	0.73059	0.00651	0.24909
37	423	T	0.00201	0.23384	0.00220	0.76195
37	424	T	0.00027	0.01087	0.00030	0.98856
37	425	A	0.99990	0.00001	0.00008	0.00001
37	426	G	0.00711	0.00111	0.98919	0.00259
37	427	G	0.00912	0.00078	0.98927	0.00084
37	428	T	0.00016	0.00264	0.00018	0.99702
37	429	T	0.00002	0.00020	0.00002	0.99976
37	430	A	0.99990	0.00001	0.00008	0.00001
37	431	A	0.99741	0.00008	0.00241	0.00010
37	432	T	0.00002	0.00020	0.00002	0.99976
37	433	A	0.99990	0.00001	0.00008	0.00001
37	434	C	0.00001	0.99990	0.00001	0.00008
37	435	T	0.00016	0.00248	0.00017	0.99719
37	436	C	0.00055	0.99197	0.00047	0.00701
37	437	A	0.99746	0.00052	0.00169	0.00033
37	438	T	0.00002	0.00020	0.00002	0.99976
37	439	A	0.99990	0.00001	0.00008	0.00001
37	440	T	0.00002	0.00020	0.00002	0.99976
37	441	T	0.00061	0.00353	0.00141	0.99444
37	442	G	0.00777	0.00054	0.99082	0.00087
37	443	A	0.99990	0.00001	0.00008	0.00001
37	444	G	0.00011	0.00001	0.99987	0.00001
37	445	A	0.99990	0.00001	0.00008	0.00001
37	446	G	0.00011	0.00001	0.99987	0.00001
37	447	A	0.99990	0.00001	0.00008	0.00001
37	448	T	0.00002	0.00020	0.00002	0.99976
37	449	A	0.99874	0.00006	0.00110	0.00009
37	450	C	0.00050	0.99053	0.00068	0.00829
37	451	C	0.01551	0.72201	0.00809	0.25439
37	452	T	0.00002	0.00020	0.00002	0.99976
37	453	C	0.00077	0.94998	0.00084	0.04842
37	454	T	0.00447	0.34350	0.00652	0.64551
37	455	G	0.18305	0.00152	0.81336	0.00207
37	456	R	0.42987	0.00677	0.54599	0.01736
37	457	T	0.00207	0.00283	0.00077	0.99434
37	458	A	0.99990	0.00001	0.00008	0.00001
37	459	G	0.00011	0.00001	0.99987	0.00001
37	460	G	0.00011	0.00001	0.99987	0.00001
37	461	T	0.00358	0.13021	0.00518	0.86104
37	462	T	0.00070	0.00283	0.00214	0.99434
37	463	A	0.99990	0.00001	0.00008	0.00001
37	464	A	0.99990	0.00001	0.00008	0.00001
37	465	G	0.02277	0.02347	0.93838	0.01539
37	466	G	0.00143	0.00009	0.99837	0.00012
37	467	T	0.00061	0.00353	0.00141	0.99444
37	468	T	0.00023	0.00698	0.00025	0.99254
37	469	G	0.00134	0.00008	0.99846	0.00011
37	470	G	0.00518	0.02203	0.96992	0.00287
37	471	C	0.00120	0.87651	0.00131	0.12099
37	472	G	0.00011	0.00001	0.99987	0.00001
37	473	G	0.00011	0.00001	0.99987	0.00001
37	474	A	0.99975	0.00002	0.00021	0.00002
37	475	T	0.00002	0.00020	0.00002	0.99976
37	476	A	0.99990	0.00001	0.00008	0.00001
37	477	A	0.98587	0.00177	0.00757	0.00479
37	478	T	0.04628	0.03718	0.04722	0.86932
37	479	G	0.00011	0.00001	0.99987	0.00001
37	480	G	0.02212	0.01168	0.94306	0.02314
37	481	T	0.00002	0.00020	0.00002	0.99976
37	482	G	0.00011	0.00001	0.99987	0.00001
37	483	A	0.99817	0.00016	0.00126	0.00041
37	484	G	0.00011	0.00001	0.99987	0.00001
37	485	T	0.00587	0.01988	0.00642	0.96783
37	486	T	0.01690	0.04430	0.01850	0.92030
37	487	C	0.01363	0.92286	0.01493	0.04858
37	488	T	0.00031	0.00229	0.00027	0.99712
37	489	T	0.00026	0.00235	0.00036	0.99703
37	490	T	0.00097	0.00284	0.00047	0.99572
37	491	A	0.85879	0.03014	0.03105	0.08002
37	492	A	0.99875	0.00009	0.00101	0.00015
37	493	C	0.00925	0.95255	0.01663	0.02157
37	494	G	0.00011	0.00001	0.99987	0.00001
37	495	A	0.99990	0.00001	0.00008	0.00001
37	496	C	0.00001	0.99990	0.00001	0.00008
37	497	A	0.99975	0.00002	0.00021	0.00002
37	498	A	0.99741	0.00008	0.00241	0.00010
37	499	A	0.83862	0.01721	0.03372	0.11046
37	500	A	0.99990	0.00001	0.00008	0.00001
37	501	A	0.99817	0.00016	0.00126	0.00041
37	502	C	0.02103	0.94090	0.01207	0.02601
37	503	C	0.00001	0.99990	0.00001	0.00008
37	504	A	0.66557	0.10508	0.04552	0.18383
37	505	T	0.00002	0.00020	0.00002	0.99976
37	506	T	0.00002	0.00020	0.00002	0.99976
37	507	C	0.00001	0.99990	0.00001	0.00008
37	508	A	0.99990	0.00001	0.00008	0.00001
37	509	A	0.99990	0.00001	0.00008	0.00001
37	510	C	0.00001	0.99990	0.00001	0.00008
37	511	G	0.14911	0.00138	0.84762	0.00188
37	512	C	0.00164	0.97469	0.01867	0.00500
37	513	C	0.00006	0.99882	0.00006	0.00106
37	514	T	0.00061	0.00353	0.00141	0.99444
37	515	G	0.00011	0.00001	0.99987	0.00001
37	516	T	0.00033	0.00235	0.00029	0.99703
37	517	G	0.00011	0.00001	0.99987	0.00001
37	518	G	0.00011	0.00001	0.99987	0.00001
37	519	A	0.96325	0.00655	0.02129	0.00891
37	520	G	0.16074	0.01335	0.81763	0.00827
37	521	C	0.00006	0.99876	0.00006	0.00112
37	522	C	0.01208	0.93767	0.02343	0.02682
37	523	A	0.89414	0.00724	0.09309	0.00553
37	524	A	0.90199	0.00304	0.09188	0.00310
37	525	C	0.00213	0.70541	0.00233	0.29013
37	526	C	0.00001	0.99990	0.00001	0.00008
37	527	T	0.00002	0.00020	0.00002	0.99976
37	528	C	0.00001	0.99990	0.00001	0.00008
37	529	A	0.99990	0.00001	0.00008	0.00001
37	530	C	0.01572	0.58080	0.00773	0.39575
37	531	C	0.00144	0.85950	0.00157	0.13749
37	532	A	0.69373	0.00487	0.29647	0.00492
37	533	G	0.06135	0.00085	0.93665	0.00115
37	534	C	0.02319	0.70346	0.16850	0.10485
37	535	T	0.22348	0.06904	0.03510	0.67238
37	536	A	0.54089	0.18443	0.17370	0.10098
37	537	G	0.21915	0.02277	0.74774	0.01034
37	538	A	0.99990	0.00001	0.00008	0.00001
37	539	T	0.00002	0.00020	0.00002	0.99976
37	540	G	0.00011	0.00001	0.99987	0.00001
37	541	C	0.00001	0.99990	0.00001	0.00008
37	542	T	0.01505	0.05512	0.02513	0.90471
37	543	T	0.00002	0.00020	0.00002	0.99976
37	544	T	0.00097	0.00284	0.00047	0.99572
37	545	T	0.04764	0.22067	0.26887	0.46283
37	546	R	0.42651	0.01021	0.53599	0.02729
37	547	G	0.06532	0.00939	0.89962	0.02567
37	548	A	0.83366	0.00936	0.14979	0.00719
37	549	G	0.26530	0.07576	0.59128	0.06766
37	550	C	0.00090	0.97652	0.00156	0.02102
37	551	C	0.05800	0.72404	0.12564	0.09232
37	552	A	0.97706	0.00669	0.01076	0.00549
37	553	A	0.98752	0.00128	0.00754	0.00365
37	554	G	0.01874	0.00984	0.95260	0.01883
37	555	T	0.00002	0.00020	0.00002	0.99976
37	556	G	0.00011	0.00001	0.99987	0.00001
37	557	C	0.00313	0.87131	0.00439	0.12117
37	558	G	0.00011	0.00001	0.99987	0.00001
37	559	C	0.14210	0.68283	0.06206	0.11302
37	560	T	0.00002	0.00020	0.00002	0.99976
37	561	A	0.96527	0.00318	0.02746	0.00409
37	562	G	0.00143	0.00009	0.99837	0.00012
37	563	G	0.00011	0.00001	0.99987	0.00001
37	564	G	0.04254	0.01585	0.92006	0.02155
37	565	C	0.06545	0.70765	0.07165	0.15525
37	566	C	0.06545	0.70765	0.07165	0.15525
37	567	T	0.06897	0.11842	0.07550	0.73711
37	568	G	0.01640	0.00048	0.98247	0.00065
37	569	G	0.04519	0.15801	0.66310	0.13370
37	570	T	0.00096	0.40266	0.00105	0.59534
37	571	T	0.00993	0.03757	0.06499	0.88751
37	572	T	0.00548	0.02951	0.00267	0.96234
37	573	G	0.07697	0.21268	0.54155	0.16880
37	574	W	0.48095	0.02672	0.09302	0.39930
37	575	A	0.79146	0.00528	0.18715	0.01611
37	576	T	0.06596	0.18820	0.01959	0.72625
37	577	G	0.03122	0.01692	0.87260	0.07926
37	578	G	0.00253	0.00040	0.99668	0.00040
37	579	A	0.99727	0.00012	0.00244	0.00017
37	580	A	0.61890	0.00146	0.37766	0.00198
37	581	A	0.99958	0.00003	0.00035	0.00004
37	582	T	0.00007	0.00076	0.00008	0.99908
37	583	G	0.01341	0.00321	0.97715	0.00624
37	584	C	0.00018	0.99808	0.00019	0.00155
37	585	T	0.00034	0.00229	0.00037	0.99700
37	586	T	0.13309	0.22239	0.11095	0.53357
37	587	T	0.00540	0.30544	0.00591	0.68326
37	588	A	0.72395	0.02237	0.22328	0.03040
37	589	G	0.00906	0.00072	0.98924	0.00098
37	590	T	0.00216	0.02807	0.00339	0.96639
37	591	G	0.03168	0.00079	0.96646	0.00107
37	592	G	0.00021	0.00002	0.99975	0.00002
37	593	A	0.86935	0.00177	0.12646	0.00241
37	594	A	0.72019	0.06383	0.12923	0.08675
37	595	G	0.11805	0.06383	0.73137	0.08675
37	596	C	0.06545	0.70765	0.07165	0.15525
37	597	T	0.06545	0.11422	0.07165	0.74868
37	598	A	0.72019	0.06383	0.12923	0.08675
37	599	A	0.94580	0.00432	0.04022	0.00966
37	600	G	0.00343	0.00058	0.99444	0.00156
37	601	G	0.06603	0.01694	0.84667	0.07036
37	602	T	0.11449	0.16290	0.06906	0.65355
37	603	R	0.44535	0.00655	0.53610	0.01200
37	604	C	0.00001	0.99981	0.00001	0.00017
37	605	C	0.00013	0.99712	0.00014	0.00261
37	606	C	0.00017	0.99417	0.00019	0.00547
37	607	T	0.00113	0.00484	0.00287	0.99116
37	608	C	0.00001	0.99981	0.00001	0.00017
37	609	C	0.00001	0.99981	0.00001	0.00017
37	610	C	0.00035	0.99704	0.00026	0.00235
37	611	T	0.01059	0.08669	0.01159	0.89114
37	612	G	0.26218	0.04961	0.56974	0.11848
37	613	G	0.01377	0.00669	0.97303	0.00651
37	614	A	0.99407	0.00018	0.00551	0.00025
37	615	A	0.99719	0.00035	0.00212	0.00034
37	616	A	0.97312	0.00073	0.02516	0.00099
37	617	G	0.00816	0.00267	0.98698	0.00220
37	618	G	0.03344	0.00237	0.96096	0.00322
37	619	G	0.10752	0.05603	0.76028	0.07616
37	620	G	0.10752	0.05603	0.76028	0.07616
37	621	T	0.00042	0.00268	0.00046	0.99644
37	622	C	0.00151	0.87901	0.00165	0.11783
37	623	G	0.01356	0.00411	0.97014	0.01219
37	624	T	0.00055	0.00435	0.00083	0.99427
37	625	A	0.99724	0.00034	0.00210	0.00033
37	626	G	0.00021	0.00002	0.99975	0.00002
37	627	G	0.00021	0.00002	0.99975	0.00002
37	628	G	0.00011	0.00001	0.99987	0.00001
37	629	G	0.00011	0.00001	0.99987	0.00001
37	630	T	0.00002	0.00020	0.00002	0.99976
37	631	A	0.99990	0.00001	0.00008	0.00001
37	632	G	0.03773	0.01307	0.93143	0.01777
37	633	C	0.12341	0.72244	0.01905	0.13510
37	634	T	0.00002	0.00020	0.00002	0.99976
37	635	C	0.00001	0.99990	0.00001	0.00008
37	636	A	0.99990	0.00001	0.00008	0.00001
37	637	G	0.00011	0.00001	0.99987	0.00001
37	638	G	0.00011	0.00001	0.99987	0.00001
37	639	G	0.00252	0.00045	0.99565	0.00138
37	640	G	0.00011	0.00001	0.99987	0.00001
37	641	C	0.00010	0.99601	0.00011	0.00379
37	642	A	0.99990	0.00001	0.00008	0.00001
37	643	T	0.01100	0.05287	0.07030	0.86582
37	644	T	0.00002	0.00020	0.00002	0.99976
37	645	T	0.00002	0.00020	0.00002	0.99976
37	646	A	0.99990	0.00001	0.00008	0.00001
37	647	G	0.00011	0.00001	0.99987	0.00001
37	648	G	0.00011	0.00001	0.99987	0.00001
37	649	T	0.00852	0.02435	0.00933	0.95781
37	650	T	0.00852	0.02435	0.00933	0.95781
37	651	T	0.00020	0.00607	0.00022	0.99351
37	652	T	0.00002	0.00020	0.00002	0.99976
37	653	T	0.00002	0.00020	0.00002	0.99976
37	654	C	0.00001	0.99990	0.00001	0.00008
37	655	C	0.00001	0.99990	0.00001	0.00008
37	656	A	0.99871	0.00010	0.00103	0.00015
37	657	C	0.00001	0.99990	0.00001	0.00008
37	658	A	0.99990	0.00001	0.00008	0.00001
37	659	T	0.21957	0.15573	0.03235	0.59235
37	660	T	0.00002	0.00020	0.00002	0.99976
37	661	T	0.00069	0.02024	0.00076	0.97831
37	662	A	0.67329	0.03067	0.09479	0.20125
37	663	A	0.90961	0.05583	0.02093	0.01364
37	664	A	0.91817	0.00570	0.06100	0.01513
37	665	A	0.99990	0.00001	0.00008	0.00001
37	666	K	0.16672	0.03999	0.34957	0.44372
37	667	T	0.31892	0.03184	0.03238	0.61686
37	668	T	0.07588	0.03946	0.07731	0.80735
37	669	K	0.13921	0.18028	0.32351	0.35701
37	670	T	0.12778	0.08423	0.02367	0.76432
37	671	A	0.94298	0.00765	0.02153	0.02784
37	672	T	0.05746	0.10408	0.06290	0.77555
37	673	C	0.05746	0.73816	0.06290	0.14147
37	674	A	0.99990	0.00001	0.00008	0.00001
37	675	T	0.00002	0.00020	0.00002	0.99976
37	676	G	0.00047	0.00007	0.99936	0.00010
95	1	G	0.12953	0.07315	0.69788	0.09943
95	2	G	0.11934	0.09883	0.49880	0.28303
95	3	T	0.00436	0.01581	0.00477	0.97506
95	4	T	0.00436	0.01581	0.00477	0.97506
95	5	T	0.00066	0.00402	0.00072	0.99460
95	6	Y	0.01282	0.44519	0.01404	0.52795
95	7	Y	0.01262	0.53276	0.01382	0.44080
95	8	C	0.00030	0.99688	0.00033	0.00250
95	9	C	0.00970	0.95111	0.00768	0.03151
95	10	G	0.03120	0.00322	0.96121	0.00438
95	11	G	0.04270	0.06163	0.86766	0.02801
95	12	A	0.87614	0.05619	0.04233	0.02534
95	13	C	0.02062	0.86004	0.06746	0.05189
95	14	T	0.00769	0.16991	0.00842	0.81397
95	15	C	0.00030	0.99688	0.00033	0.00250
95	16	C	0.00292	0.96183	0.00320	0.03204
95	17	C	0.00362	0.94699	0.00397	0.04542
95	18	C	0.00526	0.86060	0.00576	0.12838
95	19	G	0.14017	0.08269	0.66474	0.11240
95	20	A	0.65147	0.08269	0.15344	0.11240
95	21	C	0.08480	0.63814	0.09283	0.18424
95	22	G	0.14017	0.08269	0.66474	0.11240
95	23	T	0.04461	0.28235	0.04883	0.62422
95	24	C	0.01200	0.93130	0.01313	0.04358
95	25	T	0.00735	0.15754	0.00805	0.82706
95	26	T	0.00066	0.00402	0.00072	0.99460
95	27	T	0.00066	0.00402	0.00072	0.99460
95	28	G	0.02735	0.01035	0.95199	0.01031
95	29	G	0.03120	0.00322	0.96121	0.00438
95	30	A	0.96411	0.00284	0.02920	0.00385
95	31	Y	0.18600	0.35870	0.06408	0.39122
95	32	G	0.04501	0.00394	0.94568	0.00536
95	33	C	0.06040	0.54128	0.04128	0.35704
95	34	C	0.00030	0.99688	0.00033	0.00250
95	35	C	0.00030	0.99688	0.00033	0.00250
95	36	A	0.81946	0.02360	0.11111	0.04583
95	37	T	0.01039	0.03432	0.01534	0.93994
95	38	G	0.28913	0.02820	0.63404	0.04863
95	39	G	0.02735	0.01035	0.95199	0.01031
95	40	T	0.00066	0.00402	0.00072	0.99460
95	41	G	0.03120	0.00322	0.96121	0.00438
95	42	M	0.29344	0.41327	0.17414	0.11915
95	43	G	0.03120	0.00322	0.96121	0.00438
95	44	G	0.00258	0.00039	0.99650	0.00053
95	45	G	0.00108	0.00013	0.99861	0.00018
95	46	G	0.00108	0.00013	0.99861	0.00018
95	47	G	0.18344	0.01198	0.78395	0.02063
95	48	T	0.06389	0.25807	0.03215	0.64588
95	49	G	0.29681	0.03458	0.52429	0.14432
95	50	T	0.00024	0.00177	0.00026	0.99772
95	51	A	0.92613	0.00199	0.06918	0.00270
95	52	A	0.99886	0.00010	0.00090	0.00014
95	53	A	0.99215	0.00107	0.00533	0.00145
95	54	T	0.07502	0.12528	0.08212	0.71758
95	55	T	0.00066	0.00402	0.00072	0.99460
95	56	A	0.99704	0.00031	0.00224	0.00042
95	57	C	0.00009	0.99884	0.00010	0.00096
95	58	C	0.00080	0.98956	0.00088	0.00875
95	59	T	0.05504	0.13578	0.17543	0.63376
95	60	C	0.00080	0.98956	0.00088	0.00875
95	61	A	0.99011	0.00081	0.00797	0.00111
95	62	C	0.00132	0.98684	0.00162	0.01022
95	63	C	0.00839	0.82920	0.01032	0.15209
95	64	C	0.15659	0.54733	0.20026	0.09582
95	65	C	0.00095	0.98575	0.00104	0.01226
95	66	C	0.00009	0.99884	0.00010	0.00096
95	67	G	0.02079	0.00866	0.93608	0.03447
95	68	T	0.00024	0.00177	0.00026	0.99772
95	69	T	0.00024	0.00177	0.00026	0.99772
95	70	A	0.77656	0.04935	0.10700	0.06708
95	71	G	0.09775	0.04935	0.78582	0.06708
95	72	C	0.05061	0.76530	0.05540	0.12868
95	73	T	0.05061	0.09467	0.05540	0.79931
95	74	G	0.09775	0.04935	0.78582	0.06708
95	75	T	0.00024	0.00177	0.00026	0.99772
95	76	G	0.02079	0.00866	0.93608	0.03447
95	77	C	0.00009	0.99884	0.00010	0.00096
95	78	C	0.00009	0.99884	0.00010	0.00096
95	79	G	0.06193	0.03905	0.72061	0.17841
95	80	A	0.88654	0.01684	0.03989	0.05673
95	81	G	0.00108	0.00013	0.99861	0.00018
95	82	G	0.01306	0.00116	0.98419	0.00158
95	83	G	0.07625	0.18961	0.55573	0.17841
95	84	T	0.00155	0.01308	0.00170	0.98367
95	85	A	0.81437	0.02195	0.03637	0.12731
95	86	T	0.07152	0.04455	0.02470	0.85923
95	87	C	0.17675	0.70640	0.04166	0.07520
95	88	G	0.00108	0.00013	0.99861	0.00018
95	89	G	0.00108	0.00013	0.99861	0.00018
95	90	A	0.77656	0.04935	0.10700	0.06708
95	91	A	0.77656	0.04935	0.10700	0.06708
95	92	C	0.05061	0.76530	0.05540	0.12868
95	93	C	0.00005	0.99933	0.00006	0.00056
95	94	T	0.00014	0.00109	0.00015	0.99862
95	95	A	0.96796	0.00399	0.02380	0.00426
95	96	A	0.50376	0.21464	0.06588	0.21572
95	97	A	0.95898	0.01673	0.01687	0.00742
95	98	T	0.00024	0.00177	0.00026	0.99772
95	99	G	0.29671	0.05527	0.47152	0.17650
95	100	T	0.00058	0.00372	0.00064	0.99507
95	101	T	0.02729	0.06054	0.04657	0.86560
95	102	T	0.01748	0.28603	0.01913	0.67736
95	103	C	0.05419	0.67430	0.16969	0.10183
95	104	T	0.01748	0.28603	0.01913	0.67736
95	105	T	0.00807	0.02646	0.00884	0.95662
95	106	T	0.00024	0.00180	0.00027	0.99769
95	107	T	0.00014	0.00109	0.00015	0.99862
95	108	T	0.00746	0.13111	0.00754	0.85389
95	109	T	0.00014	0.00109	0.00015	0.99862
95	110	G	0.00618	0.00066	0.99226	0.00090
95	111	Y	0.05915	0.35190	0.20069	0.38825
95	112	Y	0.15540	0.40569	0.05625	0.38266
95	113	T	0.00129	0.01284	0.00141	0.98446
95	114	G	0.03438	0.00366	0.95666	0.00530
95	115	T	0.00014	0.00109	0.00015	0.99862
95	116	A	0.99496	0.00067	0.00346	0.00091
95	117	A	0.97308	0.00344	0.01881	0.00468
95	118	A	0.96134	0.00437	0.02834	0.00595
95	119	T	0.00113	0.00497	0.00123	0.99267
95	120	A	0.86725	0.01602	0.09337	0.02337
95	121	T	0.06834	0.07846	0.03876	0.81444
95	122	T	0.05355	0.14562	0.11134	0.68949
95	123	A	0.97308	0.00344	0.01881	0.00468
95	124	A	0.96137	0.00726	0.02346	0.00790
95	125	T	0.00113	0.00497	0.00123	0.99267
95	126	T	0.01246	0.04104	0.01574	0.93076
95	127	C	0.00571	0.95106	0.00625	0.03698
95	128	C	0.00097	0.99224	0.00106	0.00573
95	129	T	0.00813	0.04120	0.00890	0.94176
95	130	G	0.00551	0.00120	0.99167	0.00163
95	131	C	0.00571	0.95106	0.00625	0.03698
95	132	A	0.94466	0.00987	0.03380	0.01168
95	133	G	0.05855	0.07865	0.81881	0.04399
95	134	G	0.02079	0.00866	0.93608	0.03447
95	135	T	0.01192	0.02667	0.04214	0.91926
95	136	T	0.00155	0.01308	0.00170	0.98367
95	137	C	0.00009	0.99884	0.00010	0.00096
95	138	A	0.99011	0.00081	0.00797	0.00111
95	139	G	0.00108	0.00013	0.99861	0.00018
95	140	G	0.05799	0.09130	0.81100	0.03972
95	141	T	0.04415	0.06764	0.11136	0.77685
95	142	T	0.00534	0.13776	0.00585	0.85105
95	143	T	0.00024	0.00177	0.00026	0.99772
95	144	C	0.02812	0.94109	0.00820	0.02259
95	145	T	0.00024	0.00177	0.00026	0.99772
95	146	T	0.01932	0.04086	0.06011	0.87971
95	147	G	0.33362	0.04373	0.47287	0.14979
95	148	A	0.89955	0.00362	0.09191	0.00492
95	149	A	0.90471	0.01370	0.03429	0.04730
95	150	T	0.01248	0.02768	0.04340	0.91644
95	151	C	0.01002	0.83822	0.01353	0.13823
95	152	T	0.15577	0.06920	0.04598	0.72905
95	153	G	0.06988	0.16772	0.59794	0.16445
95	154	G	0.06184	0.03284	0.78573	0.11958
95	155	T	0.01428	0.06256	0.01102	0.91214
95	156	C	0.00672	0.79410	0.00735	0.19183
95	157	C	0.00012	0.99859	0.00013	0.00116
95	158	Y	0.24123	0.28711	0.07120	0.40047
95	159	C	0.00125	0.98177	0.00137	0.01560
95	160	T	0.04222	0.06970	0.15782	0.73026
95	161	T	0.11165	0.20079	0.04263	0.64493
95	162	T	0.00027	0.00201	0.00030	0.99742
95	163	A	0.99862	0.00013	0.00109	0.00017
95	164	G	0.20185	0.00687	0.78195	0.00933
95	165	G	0.05365	0.02649	0.84241	0.07744
95	166	G	0.20185	0.00687	0.78195	0.00933
95	167	G	0.18055	0.01570	0.78788	0.01586
95	168	C	0.00012	0.99859	0.00013	0.00116
95	169	A	0.99862	0.00013	0.00109	0.00017
95	170	C	0.00125	0.98177	0.00137	0.01560
95	171	T	0.00027	0.00201	0.00030	0.99742
95	172	C	0.00269	0.98174	0.00217	0.01339
95	173	A	0.76861	0.03390	0.06714	0.13034
95	174	T	0.00829	0.23698	0.00908	0.74565
95	175	T	0.00233	0.02348	0.00255	0.97163
95	176	T	0.00027	0.00201	0.00030	0.99742
95	177	T	0.01301	0.02971	0.01424	0.94304
95	178	T	0.01301	0.02971	0.01424	0.94304
95	179	T	0.05383	0.24558	0.05892	0.64167
95	180	C	0.05221	0.63119	0.05715	0.25945
95	181	C	0.01118	0.94204	0.01224	0.03453
95	182	C	0.05221	0.63119	0.05715	0.25945
95	183	T	0.05094	0.08786	0.04741	0.81379
95	184	G	0.02832	0.01182	0.94380	0.01606
95	185	G	0.24052	0.05143	0.63815	0.06990
95	186	G	0.08108	0.04024	0.82907	0.04961
95	187	Y	0.09045	0.38645	0.13563	0.38747
95	188	C	0.01118	0.94204	0.01224	0.03453
95	189	C	0.07502	0.67258	0.08212	0.17028
95	190	A	0.68562	0.07315	0.14179	0.09943
95	191	G	0.12953	0.07315	0.69788	0.09943
95	192	A	0.68562	0.07315	0.14179	0.09943
95	193	M	0.37467	0.27891	0.16443	0.18199
95	194	T	0.28878	0.14527	0.15145	0.41450
95	195	T	0.06844	0.17924	0.08357	0.66875
95	196	T	0.03772	0.12546	0.04129	0.79554
95	197	C	0.03921	0.57442	0.04292	0.34346
95	198	T	0.04331	0.08786	0.05504	0.81379
95	199	T	0.23571	0.23274	0.12535	0.40620
95	200	T	0.11062	0.13738	0.12906	0.62293
95	201	G	0.08737	0.04257	0.80002	0.07004
95	202	G	0.08367	0.02996	0.84565	0.04072
95	203	C	0.03534	0.82155	0.04232	0.10079
95	204	C	0.05221	0.63119	0.05715	0.25945
95	205	C	0.02900	0.83972	0.03175	0.09953
95	206	T	0.03772	0.12546	0.04129	0.79554
95	207	T	0.04506	0.08401	0.04407	0.82686
95	208	T	0.07762	0.17051	0.11248	0.63940
95	209	T	0.00113	0.00497	0.00123	0.99267
95	210	T	0.00113	0.00497	0.00123	0.99267
95	211	C	0.00427	0.96029	0.00468	0.03076
95	212	C	0.10581	0.74408	0.03916	0.11096
95	213	C	0.12855	0.72434	0.04231	0.10480
95	214	G	0.05384	0.16492	0.71803	0.06322
95	215	C	0.00435	0.88422	0.00477	0.10666
95	216	T	0.02493	0.05598	0.07615	0.84293
95	217	T	0.00651	0.15087	0.00713	0.83548
95	218	D	0.30633	0.07307	0.26246	0.35814
95	219	C	0.00042	0.99464	0.00046	0.00448
95	220	T	0.00091	0.00749	0.00100	0.99061
95	221	A	0.49382	0.04382	0.31076	0.15160
95	222	T	0.00014	0.00109	0.00015	0.99862
95	223	C	0.00042	0.99464	0.00046	0.00448
95	224	A	0.95407	0.00537	0.01365	0.02691
95	225	T	0.00091	0.00749	0.00100	0.99061
95	226	Y	0.00628	0.43273	0.00687	0.55412
95	227	T	0.00701	0.34833	0.00768	0.63698
95	228	T	0.00111	0.00978	0.00121	0.98790
95	229	T	0.00821	0.03241	0.00954	0.94984
95	230	T	0.00608	0.13909	0.00666	0.84817
95	231	T	0.05061	0.09467	0.05540	0.79931
95	232	C	0.05061	0.76530	0.05540	0.12868
95	233	T	0.01488	0.27930	0.01408	0.69174
95	234	T	0.00014	0.00109	0.00015	0.99862
95	235	C	0.00285	0.80109	0.00312	0.19295
95	236	C	0.00005	0.99933	0.00006	0.00056
95	237	C	0.02455	0.95463	0.00564	0.01518
95	238	G	0.04060	0.04558	0.89351	0.02031
95	239	G	0.00065	0.00008	0.99916	0.00011
95	240	G	0.00065	0.00008	0.99916	0.00011
95	241	C	0.00115	0.94922	0.00126	0.04837
95	242	T	0.00014	0.00109	0.00015	0.99862
95	243	C	0.00005	0.99933	0.00006	0.00056
95	244	T	0.00014	0.00109	0.00015	0.99862
95	245	C	0.00005	0.99933	0.00006	0.00056
95	246	A	0.87890	0.05052	0.04880	0.02177
95	247	C	0.02144	0.83030	0.06124	0.08701
95	248	C	0.00808	0.95653	0.00773	0.02766
95	249	T	0.19513	0.05497	0.05225	0.69765
95	250	T	0.00014	0.00109	0.00015	0.99862
95	251	G	0.05422	0.00142	0.94242	0.00193
95	252	C	0.00005	0.99933	0.00006	0.00056
95	253	C	0.00005	0.99933	0.00006	0.00056
95	254	A	0.49545	0.12540	0.32690	0.05225
95	255	A	0.55664	0.02675	0.28245	0.13416
95	256	A	0.72590	0.03933	0.05539	0.17938
95	257	G	0.00065	0.00008	0.99916	0.00011
95	258	G	0.00864	0.00186	0.98526	0.00424
95	259	C	0.03482	0.79870	0.01827	0.14821
95	260	W	0.29673	0.21853	0.13938	0.34536
95	261	C	0.00005	0.99933	0.00006	0.00056
95	262	T	0.00236	0.01052	0.00258	0.98455
95	263	G	0.00065	0.00008	0.99916	0.00011
95	264	G	0.19023	0.00235	0.80423	0.00319
95	265	C	0.00005	0.99933	0.00006	0.00056
95	266	C	0.00005	0.99933	0.00006	0.00056
95	267	G	0.00488	0.00056	0.99381	0.00076
95	268	T	0.12203	0.09580	0.13001	0.65215
95	269	T	0.00014	0.00109	0.00015	0.99862
95	270	G	0.00065	0.00008	0.99916	0.00011
95	271	C	0.00005	0.99933	0.00006	0.00056
95	272	G	0.00065	0.00008	0.99916	0.00011
95	273	C	0.00005	0.99933	0.00006	0.00056
95	274	C	0.00455	0.98269	0.00232	0.01045
95	275	C	0.00005	0.99933	0.00006	0.00056
95	276	G	0.00065	0.00008	0.99916	0.00011
95	277	G	0.07062	0.09487	0.72906	0.10545
95	278	C	0.00042	0.99464	0.00046	0.00448
95	279	G	0.00065	0.00008	0.99916	0.00011
95	280	G	0.00065	0.00008	0.99916	0.00011
95	281	G	0.00065	0.00008	0.99916	0.00011
95	282	G	0.00065	0.00008	0.99916	0.00011
95	283	T	0.00014	0.00109	0.00015	0.99862
95	284	C	0.00285	0.80109	0.00312	0.19295
95	285	A	0.99932	0.00006	0.00054	0.00008
95	286	A	0.99932	0.00006	0.00054	0.00008
95	287	C	0.00005	0.99933	0.00006	0.00056
95	288	T	0.00624	0.40708	0.00683	0.57984
95	289	C	0.00483	0.88052	0.00563	0.10901
95	290	C	0.30024	0.59946	0.04129	0.05900
95	291	A	0.73813	0.02403	0.20414	0.03370
95	292	T	0.01197	0.03345	0.01431	0.94026
95	293	G	0.00065	0.00008	0.99916	0.00011
95	294	A	0.98335	0.00085	0.01465	0.00115
95	295	T	0.00014	0.00109	0.00015	0.99862
95	296	T	0.00014	0.00109	0.00015	0.99862
95	297	A	0.99932	0.00006	0.00054	0.00008
95	298	G	0.00065	0.00008	0.99916	0.00011
95	299	C	0.00005	0.99933	0.00006	0.00056
95	300	A	0.96036	0.00760	0.02333	0.00871
95	301	T	0.03450	0.22129	0.03301	0.71120
95	302	G	0.05264	0.04163	0.62465	0.28108
95	303	G	0.11253	0.00567	0.87459	0.00721
95	304	A	0.63901	0.00526	0.34858	0.00715
