Node	Site	State 	p_A	p_C	p_G	p_T
89	1	G	0.09181	0.04552	0.80079	0.06187
89	2	T	0.09607	0.11322	0.23749	0.55322
89	3	T	0.00396	0.01469	0.00433	0.97702
89	4	T	0.00396	0.01469	0.00433	0.97702
89	5	T	0.00171	0.00747	0.00188	0.98895
89	6	T	0.02324	0.30473	0.02544	0.64660
89	7	C	0.02256	0.63972	0.02470	0.31302
89	8	C	0.00091	0.99260	0.00100	0.00549
89	9	C	0.02513	0.90585	0.01722	0.05180
89	10	G	0.06128	0.00775	0.92044	0.01053
89	11	G	0.04745	0.02404	0.90491	0.02360
89	12	A	0.91019	0.02163	0.04691	0.02126
89	13	C	0.01731	0.89878	0.02653	0.05738
89	14	C	0.01570	0.72398	0.01719	0.24314
89	15	C	0.00091	0.99260	0.00100	0.00549
89	16	C	0.00707	0.92162	0.00774	0.06356
89	17	C	0.01210	0.60204	0.01324	0.37262
89	18	C	0.00876	0.91229	0.00959	0.06936
89	19	G	0.13859	0.08124	0.66975	0.11042
89	20	A	0.65662	0.08124	0.15171	0.11042
89	21	C	0.08331	0.64333	0.09120	0.18216
89	22	G	0.13859	0.08124	0.66975	0.11042
89	23	Y	0.07159	0.37583	0.07836	0.47422
89	24	C	0.02502	0.87374	0.02739	0.07385
89	25	T	0.01230	0.07951	0.01346	0.89474
89	26	T	0.00171	0.00747	0.00188	0.98895
89	27	T	0.00171	0.00747	0.00188	0.98895
89	28	G	0.04426	0.02648	0.90629	0.02296
89	29	G	0.06128	0.00775	0.92044	0.01053
89	30	A	0.92449	0.00701	0.05899	0.00952
89	31	C	0.06850	0.67064	0.05154	0.20932
89	32	G	0.36585	0.01271	0.60418	0.01727
89	33	H	0.33240	0.34278	0.10522	0.21960
89	34	C	0.00091	0.99260	0.00100	0.00549
89	35	C	0.00091	0.99260	0.00100	0.00549
89	36	W	0.36082	0.08372	0.19391	0.36155
89	37	T	0.02156	0.05190	0.03567	0.89088
89	38	G	0.17497	0.04564	0.69920	0.08019
89	39	G	0.04426	0.02648	0.90629	0.02296
89	40	T	0.00171	0.00747	0.00188	0.98895
89	41	G	0.06128	0.00775	0.92044	0.01053
89	42	G	0.18836	0.25606	0.42813	0.12745
89	43	G	0.06128	0.00775	0.92044	0.01053
89	44	G	0.00539	0.00114	0.99191	0.00155
89	45	G	0.00290	0.00059	0.99572	0.00080
89	46	G	0.00290	0.00059	0.99572	0.00080
89	47	G	0.10737	0.06115	0.55622	0.27525
89	48	T	0.10273	0.13628	0.04958	0.71140
89	49	G	0.07582	0.01510	0.88484	0.02424
89	50	T	0.00086	0.00399	0.00094	0.99421
89	51	A	0.97176	0.00316	0.02079	0.00429
89	52	A	0.99618	0.00049	0.00266	0.00067
89	53	A	0.99362	0.00084	0.00440	0.00114
89	54	T	0.04668	0.08896	0.05110	0.81326
89	55	T	0.00171	0.00747	0.00188	0.98895
89	56	A	0.99282	0.00095	0.00494	0.00129
89	57	C	0.00046	0.99614	0.00050	0.00290
89	58	C	0.00257	0.97678	0.00281	0.01784
89	59	Y	0.05091	0.37246	0.09162	0.48501
89	60	C	0.00257	0.97678	0.00281	0.01784
89	61	A	0.97748	0.00265	0.01626	0.00361
89	62	C	0.00373	0.97195	0.00455	0.01977
89	63	C	0.01331	0.88986	0.01647	0.08036
89	64	C	0.16416	0.61980	0.09772	0.11833
89	65	C	0.00729	0.67194	0.00798	0.31279
89	66	C	0.00046	0.99614	0.00050	0.00290
89	67	G	0.02026	0.00508	0.96691	0.00776
89	68	T	0.00086	0.00399	0.00094	0.99421
89	69	T	0.00086	0.00399	0.00094	0.99421
89	70	A	0.67496	0.07611	0.14550	0.10344
89	71	G	0.13291	0.07611	0.68754	0.10344
89	72	C	0.07804	0.66181	0.08543	0.17471
89	73	T	0.07804	0.12854	0.08543	0.70798
89	74	G	0.13291	0.07611	0.68754	0.10344
89	75	T	0.00086	0.00399	0.00094	0.99421
89	76	G	0.02026	0.00508	0.96691	0.00776
89	77	C	0.00046	0.99614	0.00050	0.00290
89	78	C	0.00046	0.99614	0.00050	0.00290
89	79	G	0.08182	0.07153	0.50117	0.34548
89	80	A	0.76013	0.03394	0.05618	0.14974
89	81	G	0.00290	0.00059	0.99572	0.00080
89	82	G	0.30637	0.00785	0.67511	0.01067
89	83	G	0.09347	0.08869	0.63326	0.18458
89	84	T	0.00420	0.02290	0.00460	0.96830
89	85	T	0.03720	0.03650	0.01765	0.90866
89	86	T	0.17477	0.05763	0.04582	0.72178
89	87	C	0.33844	0.48283	0.07718	0.10154
89	88	G	0.00290	0.00059	0.99572	0.00080
89	89	G	0.00290	0.00059	0.99572	0.00080
89	90	A	0.67496	0.07611	0.14550	0.10344
89	91	A	0.67496	0.07611	0.14550	0.10344
89	92	C	0.07804	0.66181	0.08543	0.17471
89	93	C	0.00003	0.99962	0.00003	0.00032
89	94	T	0.00008	0.00067	0.00008	0.99917
89	95	A	0.89098	0.05605	0.03638	0.01660
89	96	A	0.83655	0.07522	0.04904	0.03919
89	97	A	0.96986	0.01283	0.01214	0.00518
89	98	T	0.00086	0.00399	0.00094	0.99421
89	99	R	0.42466	0.07738	0.37105	0.12690
89	100	T	0.01064	0.02506	0.01164	0.95266
89	101	T	0.09286	0.12133	0.20532	0.58049
89	102	T	0.05542	0.23315	0.06066	0.65077
89	103	C	0.08581	0.60547	0.14101	0.16771
89	104	T	0.05542	0.23315	0.06066	0.65077
89	105	T	0.03789	0.07604	0.04148	0.84459
89	106	T	0.00065	0.00319	0.00072	0.99545
89	107	T	0.00008	0.00067	0.00008	0.99917
89	108	T	0.00321	0.02497	0.00310	0.96872
89	109	T	0.00008	0.00067	0.00008	0.99917
89	110	G	0.03831	0.00083	0.95973	0.00113
89	111	G	0.06413	0.12740	0.52920	0.27927
89	112	M	0.38019	0.39254	0.06627	0.16100
89	113	T	0.00158	0.08681	0.00173	0.90987
89	114	G	0.14928	0.00427	0.84021	0.00624
89	115	T	0.00008	0.00067	0.00008	0.99917
89	116	A	0.99925	0.00006	0.00060	0.00008
89	117	A	0.99331	0.00048	0.00555	0.00065
89	118	A	0.91298	0.00160	0.08325	0.00217
89	119	T	0.00015	0.00123	0.00016	0.99847
89	120	A	0.79134	0.00659	0.19212	0.00995
89	121	T	0.16509	0.05812	0.03796	0.73883
89	122	B	0.05723	0.28159	0.27449	0.38670
89	123	A	0.99331	0.00048	0.00555	0.00065
89	124	A	0.93342	0.03850	0.01824	0.00984
89	125	T	0.00015	0.00123	0.00016	0.99847
89	126	T	0.01127	0.03777	0.01461	0.93634
89	127	C	0.00490	0.95552	0.00536	0.03422
89	128	C	0.00080	0.99340	0.00088	0.00492
89	129	T	0.00706	0.03883	0.00773	0.94638
89	130	G	0.00477	0.00100	0.99288	0.00135
89	131	C	0.00490	0.95552	0.00536	0.03422
89	132	A	0.94982	0.00905	0.03070	0.01043
89	133	G	0.06130	0.02777	0.87663	0.03431
89	134	G	0.02026	0.00508	0.96691	0.00776
89	135	T	0.00726	0.02661	0.00934	0.95678
89	136	T	0.00420	0.02290	0.00460	0.96830
89	137	C	0.00046	0.99614	0.00050	0.00290
89	138	A	0.97748	0.00265	0.01626	0.00361
89	139	G	0.00290	0.00059	0.99572	0.00080
89	140	G	0.06122	0.03752	0.87080	0.03046
89	141	T	0.03539	0.07125	0.04088	0.85248
89	142	T	0.01194	0.26298	0.01307	0.71202
89	143	T	0.00086	0.00399	0.00094	0.99421
89	144	C	0.00508	0.96835	0.00473	0.02185
89	145	T	0.00086	0.00399	0.00094	0.99421
89	146	T	0.01339	0.04239	0.01825	0.92598
89	147	G	0.11728	0.02515	0.81610	0.04146
89	148	A	0.94736	0.00590	0.03872	0.00802
89	149	A	0.94129	0.00918	0.03480	0.01472
89	150	T	0.00193	0.01153	0.00256	0.98397
89	151	C	0.02399	0.72245	0.07490	0.17866
89	152	A	0.58736	0.04337	0.05395	0.31533
89	153	G	0.04849	0.02917	0.85913	0.06321
89	154	G	0.04717	0.02406	0.83471	0.09406
89	155	T	0.17417	0.28345	0.03891	0.50348
89	156	C	0.00427	0.83824	0.00468	0.15281
89	157	C	0.00006	0.99917	0.00007	0.00070
89	158	A	0.63046	0.07187	0.06904	0.22863
89	159	C	0.00163	0.91231	0.00179	0.08427
89	160	G	0.05067	0.04459	0.58052	0.32422
89	161	T	0.01185	0.12962	0.01008	0.84845
89	162	T	0.00015	0.00129	0.00017	0.99838
89	163	A	0.99918	0.00007	0.00066	0.00009
89	164	G	0.16494	0.00440	0.82468	0.00598
89	165	G	0.02609	0.00914	0.93815	0.02662
89	166	G	0.16494	0.00440	0.82468	0.00598
89	167	G	0.07164	0.09397	0.80248	0.03191
89	168	C	0.00006	0.99917	0.00007	0.00070
89	169	A	0.99918	0.00007	0.00066	0.00009
89	170	C	0.00163	0.91231	0.00179	0.08427
89	171	T	0.00015	0.00129	0.00017	0.99838
89	172	C	0.03933	0.93101	0.00813	0.02153
89	173	T	0.38768	0.04679	0.04949	0.51603
89	174	C	0.00539	0.63326	0.00590	0.35544
89	175	T	0.00261	0.11542	0.00285	0.87912
89	176	T	0.00015	0.00129	0.00017	0.99838
89	177	T	0.00037	0.00267	0.00040	0.99656
89	178	T	0.00037	0.00267	0.00040	0.99656
89	179	T	0.00786	0.26014	0.00860	0.72340
89	180	C	0.00705	0.75082	0.00772	0.23440
89	181	C	0.00017	0.99793	0.00019	0.00171
89	182	C	0.00705	0.75082	0.00772	0.23440
89	183	T	0.05151	0.03337	0.01703	0.89809
89	184	G	0.00175	0.00022	0.99772	0.00030
89	185	G	0.24478	0.00685	0.73906	0.00931
89	186	G	0.01439	0.00356	0.97823	0.00382
89	187	T	0.05385	0.27202	0.21910	0.45503
89	188	C	0.00017	0.99793	0.00019	0.00171
89	189	C	0.04668	0.78131	0.05110	0.12091
89	190	A	0.79210	0.04552	0.10050	0.06187
89	191	G	0.09181	0.04552	0.80079	0.06187
89	192	A	0.79210	0.04552	0.10050	0.06187
89	193	A	0.47530	0.32451	0.09403	0.10617
89	194	T	0.33339	0.08322	0.08838	0.49501
89	195	T	0.01401	0.19573	0.01923	0.77103
89	196	T	0.00494	0.17374	0.00541	0.81591
89	197	T	0.00457	0.15507	0.00500	0.83536
89	198	T	0.01556	0.03337	0.05298	0.89809
89	199	H	0.28196	0.37025	0.07122	0.27656
89	200	T	0.05997	0.06661	0.14066	0.73276
89	201	G	0.03483	0.01716	0.86357	0.08444
89	202	G	0.01491	0.00150	0.98156	0.00203
89	203	C	0.00255	0.97761	0.00350	0.01633
89	204	C	0.00705	0.75082	0.00772	0.23440
89	205	C	0.00133	0.98167	0.00146	0.01555
89	206	T	0.00494	0.17374	0.00541	0.81591
89	207	T	0.00506	0.01864	0.00433	0.97197
89	208	T	0.04047	0.09680	0.16468	0.69805
89	209	T	0.00015	0.00123	0.00016	0.99847
89	210	T	0.00015	0.00123	0.00016	0.99847
89	211	C	0.00158	0.91458	0.00172	0.08212
89	212	C	0.01883	0.79885	0.01270	0.16961
89	213	C	0.15267	0.71731	0.03684	0.09318
89	214	C	0.01055	0.75447	0.02134	0.21364
89	215	C	0.00365	0.74494	0.00400	0.24740
89	216	T	0.03650	0.04809	0.24131	0.67411
89	217	T	0.00478	0.34342	0.00524	0.64656
89	218	A	0.48434	0.05588	0.10045	0.35933
89	219	C	0.00022	0.99670	0.00024	0.00284
89	220	T	0.00051	0.00510	0.00055	0.99384
89	221	A	0.93901	0.00613	0.04311	0.01175
89	222	T	0.00008	0.00067	0.00008	0.99917
89	223	C	0.00022	0.99670	0.00024	0.00284
89	224	A	0.99536	0.00043	0.00354	0.00066
89	225	T	0.00051	0.00510	0.00055	0.99384
89	226	C	0.00357	0.83635	0.00391	0.15617
89	227	T	0.00404	0.12056	0.00442	0.87098
89	228	T	0.00122	0.04892	0.00134	0.94853
89	229	T	0.01905	0.03710	0.05355	0.89030
89	230	T	0.03116	0.10302	0.03411	0.83171
89	231	T	0.07804	0.12854	0.08543	0.70798
89	232	C	0.07804	0.66181	0.08543	0.17471
89	233	C	0.07405	0.70028	0.02713	0.19854
89	234	T	0.00008	0.00067	0.00008	0.99917
89	235	T	0.00093	0.01656	0.00102	0.98149
89	236	C	0.00003	0.99962	0.00003	0.00032
89	237	C	0.00050	0.99512	0.00046	0.00393
89	238	G	0.01642	0.00220	0.97883	0.00255
89	239	G	0.00038	0.00004	0.99952	0.00005
89	240	G	0.00038	0.00004	0.99952	0.00005
89	241	C	0.00027	0.99585	0.00029	0.00359
89	242	T	0.00008	0.00067	0.00008	0.99917
89	243	C	0.00003	0.99962	0.00003	0.00032
89	244	T	0.00008	0.00067	0.00008	0.99917
89	245	C	0.00003	0.99962	0.00003	0.00032
89	246	A	0.90308	0.00416	0.08792	0.00483
89	247	C	0.02239	0.69338	0.07665	0.20759
89	248	V	0.37617	0.30034	0.28109	0.04241
89	249	A	0.84357	0.00848	0.12924	0.01871
89	250	T	0.00008	0.00067	0.00008	0.99917
89	251	G	0.00408	0.00036	0.99507	0.00049
89	252	C	0.00003	0.99962	0.00003	0.00032
89	253	C	0.00003	0.99962	0.00003	0.00032
89	254	A	0.94073	0.00469	0.04933	0.00525
89	255	A	0.97854	0.00172	0.01705	0.00270
89	256	T	0.01220	0.03280	0.00710	0.94790
89	257	G	0.00038	0.00004	0.99952	0.00005
89	258	G	0.00618	0.00128	0.98931	0.00322
89	259	A	0.78504	0.08700	0.04753	0.08043
89	260	R	0.35532	0.13366	0.39701	0.11401
89	261	C	0.00003	0.99962	0.00003	0.00032
89	262	T	0.01613	0.03851	0.01765	0.92771
89	263	G	0.00038	0.00004	0.99952	0.00005
89	264	A	0.98849	0.00052	0.01029	0.00070
89	265	C	0.00003	0.99962	0.00003	0.00032
89	266	C	0.00003	0.99962	0.00003	0.00032
89	267	G	0.00319	0.00030	0.99611	0.00040
89	268	A	0.77413	0.02689	0.14996	0.04902
89	269	T	0.00008	0.00067	0.00008	0.99917
89	270	G	0.00038	0.00004	0.99952	0.00005
89	271	C	0.00003	0.99962	0.00003	0.00032
89	272	G	0.00038	0.00004	0.99952	0.00005
89	273	C	0.00003	0.99962	0.00003	0.00032
89	274	A	0.90135	0.07397	0.01423	0.01045
89	275	C	0.00003	0.99962	0.00003	0.00032
89	276	G	0.00038	0.00004	0.99952	0.00005
89	277	T	0.02376	0.13357	0.07121	0.77147
89	278	C	0.00022	0.99670	0.00024	0.00284
89	279	G	0.00038	0.00004	0.99952	0.00005
89	280	G	0.00038	0.00004	0.99952	0.00005
89	281	G	0.00038	0.00004	0.99952	0.00005
89	282	G	0.00038	0.00004	0.99952	0.00005
89	283	T	0.00008	0.00067	0.00008	0.99917
89	284	T	0.00093	0.01656	0.00102	0.98149
89	285	A	0.99962	0.00003	0.00031	0.00004
89	286	A	0.99962	0.00003	0.00031	0.00004
89	287	C	0.00003	0.99962	0.00003	0.00032
89	288	C	0.00361	0.83163	0.00395	0.16081
89	289	C	0.00164	0.97786	0.00200	0.01850
89	290	A	0.83548	0.09654	0.04036	0.02762
89	291	H	0.27669	0.26290	0.07327	0.38714
89	292	D	0.27515	0.03813	0.38038	0.30634
89	293	G	0.00038	0.00004	0.99952	0.00005
89	294	A	0.98721	0.00050	0.01160	0.00068
89	295	T	0.00008	0.00067	0.00008	0.99917
89	296	T	0.00008	0.00067	0.00008	0.99917
89	297	A	0.99962	0.00003	0.00031	0.00004
89	298	G	0.00038	0.00004	0.99952	0.00005
89	299	C	0.00003	0.99962	0.00003	0.00032
89	300	H	0.30697	0.36828	0.03662	0.28813
89	301	D	0.37112	0.07101	0.28132	0.27655
89	302	T	0.02731	0.04547	0.12741	0.79980
89	303	G	0.01808	0.00210	0.97726	0.00255
89	304	G	0.16994	0.00341	0.82202	0.00463
89	305	G	0.00038	0.00004	0.99952	0.00005
89	306	C	0.00003	0.99962	0.00003	0.00032
89	307	T	0.00008	0.00067	0.00008	0.99917
89	308	G	0.00038	0.00004	0.99952	0.00005
89	309	T	0.00008	0.00067	0.00008	0.99917
89	310	A	0.99962	0.00003	0.00031	0.00004
89	311	G	0.00038	0.00004	0.99952	0.00005
89	312	B	0.03544	0.36750	0.30867	0.28839
89	313	T	0.02419	0.14706	0.01577	0.81297
89	314	G	0.00618	0.00276	0.98931	0.00174
89	315	C	0.00194	0.94241	0.00213	0.05352
89	316	T	0.00093	0.01656	0.00102	0.98149
89	317	A	0.98937	0.00126	0.00658	0.00279
89	318	A	0.99962	0.00003	0.00031	0.00004
89	319	A	0.99962	0.00003	0.00031	0.00004
89	320	A	0.99962	0.00003	0.00031	0.00004
89	321	G	0.00416	0.00056	0.99442	0.00086
89	322	T	0.00122	0.04892	0.00134	0.94853
89	323	B	0.03544	0.26874	0.30867	0.38715
89	324	G	0.19932	0.07343	0.69739	0.02985
89	325	T	0.00549	0.11501	0.00709	0.87242
89	326	G	0.00038	0.00004	0.99952	0.00005
89	327	A	0.99962	0.00003	0.00031	0.00004
89	328	C	0.00066	0.96531	0.00072	0.03332
89	329	H	0.30697	0.26928	0.03662	0.38713
89	330	C	0.00683	0.79952	0.00836	0.18528
89	331	C	0.01766	0.74134	0.01774	0.22325
89	332	T	0.05340	0.07619	0.14595	0.72446
89	333	G	0.04394	0.00339	0.94867	0.00401
89	334	A	0.97854	0.00172	0.01705	0.00270
89	335	A	0.99574	0.00029	0.00358	0.00039
89	336	T	0.01188	0.07452	0.01301	0.90059
89	337	G	0.05009	0.08204	0.76476	0.10310
89	338	C	0.00340	0.82649	0.00373	0.16639
89	339	R	0.37619	0.11573	0.45391	0.05417
89	340	B	0.03544	0.26874	0.30867	0.38715
89	341	A	0.90565	0.01279	0.03198	0.04958
89	342	C	0.00221	0.98987	0.00124	0.00668
89	343	T	0.00203	0.02262	0.00222	0.97313
89	344	A	0.83391	0.01819	0.08938	0.05851
89	345	T	0.00062	0.00661	0.00068	0.99209
89	346	C	0.05083	0.48122	0.12789	0.34006
89	347	A	0.90936	0.00260	0.08450	0.00353
89	348	A	0.99327	0.00048	0.00559	0.00066
89	349	T	0.01371	0.01957	0.00640	0.96033
89	350	G	0.03525	0.02125	0.92356	0.01994
89	351	G	0.03793	0.12582	0.79672	0.03954
89	352	D	0.27740	0.08862	0.25929	0.37469
89	353	A	0.45565	0.06444	0.28506	0.19486
89	354	G	0.05957	0.00322	0.93235	0.00485
89	355	T	0.00164	0.16359	0.00179	0.83298
89	356	A	0.91179	0.00300	0.08083	0.00438
89	357	G	0.06497	0.06751	0.83868	0.02885
89	358	T	0.04206	0.01616	0.00800	0.93378
89	359	G	0.33143	0.03469	0.46473	0.16914
89	360	T	0.00731	0.01616	0.04275	0.93378
89	361	T	0.00008	0.00067	0.00008	0.99917
89	362	A	0.99962	0.00003	0.00031	0.00004
89	363	A	0.99962	0.00003	0.00031	0.00004
89	364	C	0.00003	0.99962	0.00003	0.00032
89	365	T	0.00008	0.00067	0.00008	0.99917
89	366	G	0.01711	0.00333	0.97321	0.00635
89	367	A	0.97889	0.00113	0.01844	0.00154
89	368	A	0.99046	0.00104	0.00674	0.00176
89	369	A	0.72656	0.08543	0.14202	0.04598
89	370	C	0.03188	0.91873	0.01059	0.03880
89	371	A	0.79992	0.08833	0.04603	0.06573
89	372	Y	0.21824	0.35877	0.08777	0.33522
89	373	T	0.02690	0.04544	0.12345	0.80421
89	374	G	0.05063	0.03589	0.82044	0.09304
89	375	A	0.99594	0.00028	0.00340	0.00038
89	376	W	0.31707	0.14591	0.16256	0.37446
89	377	K	0.15088	0.14363	0.34777	0.35772
89	378	A	0.99594	0.00028	0.00340	0.00038
89	379	A	0.54034	0.03536	0.40262	0.02168
89	380	C	0.00669	0.81360	0.00822	0.17148
89	381	C	0.00569	0.65281	0.00623	0.33527
89	382	T	0.06315	0.13204	0.02314	0.78167
89	383	C	0.07335	0.80000	0.05470	0.07195
89	384	A	0.84385	0.01876	0.04035	0.09704
89	385	T	0.00158	0.08681	0.00173	0.90987
89	386	T	0.00113	0.02350	0.00123	0.97414
89	387	G	0.00038	0.00004	0.99952	0.00005
89	388	A	0.99962	0.00003	0.00031	0.00004
89	389	T	0.00008	0.00067	0.00008	0.99917
89	390	C	0.00003	0.99962	0.00003	0.00032
89	391	T	0.00008	0.00067	0.00008	0.99917
89	392	T	0.00008	0.00067	0.00008	0.99917
89	393	G	0.03460	0.12473	0.80663	0.03404
89	394	Y	0.20247	0.37229	0.06661	0.35862
89	395	A	0.82693	0.02270	0.07201	0.07836
89	396	R	0.35697	0.12083	0.47142	0.05077
89	397	G	0.14830	0.00147	0.84822	0.00200
89	398	A	0.91090	0.00216	0.08400	0.00294
89	399	A	0.82609	0.00310	0.16660	0.00422
89	400	G	0.00038	0.00004	0.99952	0.00005
89	401	G	0.00038	0.00004	0.99952	0.00005
89	402	G	0.00038	0.00004	0.99952	0.00005
89	403	T	0.00008	0.00067	0.00008	0.99917
89	404	A	0.99962	0.00003	0.00031	0.00004
89	405	G	0.00038	0.00004	0.99952	0.00005
89	406	G	0.00038	0.00004	0.99952	0.00005
89	407	C	0.00003	0.99962	0.00003	0.00032
89	408	T	0.00008	0.00067	0.00008	0.99917
89	409	A	0.99962	0.00003	0.00031	0.00004
89	410	C	0.00003	0.99962	0.00003	0.00032
89	411	G	0.00038	0.00004	0.99952	0.00005
89	412	G	0.00038	0.00004	0.99952	0.00005
89	413	G	0.00038	0.00004	0.99952	0.00005
89	414	T	0.00008	0.00067	0.00008	0.99917
89	415	G	0.00038	0.00004	0.99952	0.00005
89	416	A	0.99962	0.00003	0.00031	0.00004
89	417	A	0.99962	0.00003	0.00031	0.00004
89	418	A	0.99962	0.00003	0.00031	0.00004
89	419	C	0.00003	0.99962	0.00003	0.00032
89	420	C	0.00003	0.99962	0.00003	0.00032
89	421	C	0.00014	0.99797	0.00015	0.00173
89	422	T	0.00952	0.23377	0.00778	0.74893
89	423	T	0.00440	0.27354	0.00482	0.71724
89	424	C	0.00129	0.85554	0.00142	0.14174
89	425	A	0.99977	0.00002	0.00019	0.00002
89	426	G	0.02120	0.00852	0.93701	0.03328
89	427	G	0.06602	0.00234	0.92862	0.00302
89	428	T	0.00036	0.00353	0.00040	0.99572
89	429	T	0.00005	0.00041	0.00005	0.99950
89	430	A	0.99977	0.00002	0.00019	0.00002
89	431	A	0.99756	0.00015	0.00208	0.00021
89	432	T	0.00005	0.00041	0.00005	0.99950
89	433	A	0.99977	0.00002	0.00019	0.00002
89	434	C	0.00002	0.99978	0.00002	0.00019
89	435	T	0.00035	0.00339	0.00039	0.99588
89	436	C	0.00080	0.98968	0.00081	0.00871
89	437	A	0.99651	0.00050	0.00253	0.00046
89	438	T	0.00005	0.00041	0.00005	0.99950
89	439	A	0.99977	0.00002	0.00019	0.00002
89	440	T	0.00005	0.00041	0.00005	0.99950
89	441	T	0.00080	0.00495	0.00129	0.99296
89	442	G	0.00912	0.00093	0.98862	0.00134
89	443	A	0.99977	0.00002	0.00019	0.00002
89	444	G	0.00023	0.00002	0.99971	0.00003
89	445	A	0.99977	0.00002	0.00019	0.00002
89	446	G	0.00023	0.00002	0.99971	0.00003
89	447	A	0.99977	0.00002	0.00019	0.00002
89	448	T	0.00005	0.00041	0.00005	0.99950
89	449	A	0.99797	0.00015	0.00167	0.00021
89	450	C	0.00188	0.93570	0.00216	0.06026
89	451	C	0.06612	0.78970	0.02332	0.12085
89	452	T	0.00005	0.00041	0.00005	0.99950
89	453	C	0.00274	0.81156	0.00300	0.18270
89	454	T	0.00559	0.13845	0.00679	0.84917
89	455	G	0.06676	0.00232	0.92777	0.00315
89	456	G	0.13831	0.00589	0.84550	0.01030
89	457	T	0.00042	0.00328	0.00045	0.99584
89	458	A	0.99977	0.00002	0.00019	0.00002
89	459	G	0.00023	0.00002	0.99971	0.00003
89	460	G	0.00023	0.00002	0.99971	0.00003
89	461	T	0.00634	0.22525	0.00771	0.76070
89	462	T	0.00041	0.00328	0.00046	0.99584
89	463	A	0.99977	0.00002	0.00019	0.00002
89	464	A	0.99977	0.00002	0.00019	0.00002
89	465	B	0.04668	0.36890	0.30440	0.28003
89	466	G	0.00206	0.00020	0.99747	0.00027
89	467	T	0.00080	0.00495	0.00129	0.99296
89	468	T	0.00048	0.00660	0.00052	0.99240
89	469	G	0.00198	0.00020	0.99755	0.00027
89	470	G	0.00252	0.00054	0.99646	0.00047
89	471	C	0.00106	0.97027	0.00116	0.02750
89	472	G	0.00023	0.00002	0.99971	0.00003
89	473	G	0.00023	0.00002	0.99971	0.00003
89	474	A	0.99962	0.00003	0.00031	0.00004
89	475	T	0.00005	0.00041	0.00005	0.99950
89	476	A	0.99977	0.00002	0.00019	0.00002
89	477	A	0.98901	0.00105	0.00830	0.00165
89	478	T	0.05672	0.05393	0.12381	0.76554
89	479	G	0.00023	0.00002	0.99971	0.00003
89	480	K	0.04684	0.25511	0.30833	0.38973
89	481	T	0.00005	0.00041	0.00005	0.99950
89	482	G	0.00023	0.00002	0.99971	0.00003
89	483	A	0.99768	0.00020	0.00178	0.00033
89	484	G	0.00023	0.00002	0.99971	0.00003
89	485	T	0.01613	0.03851	0.01765	0.92771
89	486	T	0.02914	0.06310	0.03190	0.87587
89	487	C	0.02502	0.87374	0.02739	0.07385
89	488	T	0.00051	0.00371	0.00052	0.99527
89	489	T	0.00048	0.00377	0.00057	0.99518
89	490	T	0.00069	0.00375	0.00057	0.99499
89	491	A	0.79436	0.08498	0.05066	0.07000
89	492	A	0.99772	0.00020	0.00181	0.00028
89	493	C	0.00445	0.96750	0.00558	0.02247
89	494	G	0.00023	0.00002	0.99971	0.00003
89	495	A	0.99977	0.00002	0.00019	0.00002
89	496	C	0.00002	0.99978	0.00002	0.00019
89	497	A	0.99962	0.00003	0.00031	0.00004
89	498	A	0.99756	0.00015	0.00208	0.00021
89	499	A	0.66380	0.03337	0.05211	0.25071
89	500	A	0.99977	0.00002	0.00019	0.00002
89	501	A	0.99768	0.00020	0.00178	0.00033
89	502	V	0.37695	0.29553	0.26971	0.05781
89	503	C	0.00002	0.99978	0.00002	0.00019
89	504	A	0.62858	0.17857	0.06221	0.13063
89	505	T	0.00005	0.00041	0.00005	0.99950
89	506	T	0.00005	0.00041	0.00005	0.99950
89	507	C	0.00002	0.99978	0.00002	0.00019
89	508	A	0.99977	0.00002	0.00019	0.00002
89	509	A	0.99977	0.00002	0.00019	0.00002
89	510	C	0.00002	0.99978	0.00002	0.00019
89	511	G	0.03519	0.00137	0.96158	0.00186
89	512	C	0.00024	0.99720	0.00039	0.00217
89	513	C	0.00014	0.99803	0.00015	0.00168
89	514	T	0.00080	0.00495	0.00129	0.99296
89	515	G	0.00023	0.00002	0.99971	0.00003
89	516	T	0.00052	0.00377	0.00053	0.99518
89	517	G	0.00023	0.00002	0.99971	0.00003
89	518	G	0.00023	0.00002	0.99971	0.00003
89	519	A	0.97909	0.00319	0.01339	0.00434
89	520	G	0.27082	0.01282	0.70534	0.01102
89	521	C	0.00014	0.99797	0.00015	0.00173
89	522	V	0.26311	0.29334	0.38560	0.05795
89	523	A	0.83016	0.00431	0.15997	0.00557
89	524	A	0.81227	0.00511	0.17631	0.00631
89	525	Y	0.00404	0.49166	0.00442	0.49988
89	526	C	0.00002	0.99978	0.00002	0.00019
89	527	T	0.00005	0.00041	0.00005	0.99950
89	528	C	0.00002	0.99978	0.00002	0.00019
89	529	A	0.99977	0.00002	0.00019	0.00002
89	530	C	0.00818	0.85517	0.00628	0.13036
89	531	C	0.00203	0.94071	0.00222	0.05504
89	532	A	0.87732	0.00461	0.11244	0.00563
89	533	G	0.21288	0.00278	0.78056	0.00378
89	534	C	0.01587	0.68839	0.04403	0.25171
89	535	T	0.24888	0.07564	0.04637	0.62910
89	536	D	0.27976	0.12930	0.32502	0.26593
89	537	C	0.06523	0.73010	0.14294	0.06174
89	538	A	0.99977	0.00002	0.00019	0.00002
89	539	T	0.00005	0.00041	0.00005	0.99950
89	540	G	0.00023	0.00002	0.99971	0.00003
89	541	C	0.00002	0.99978	0.00002	0.00019
89	542	T	0.01437	0.15450	0.01957	0.81157
89	543	T	0.00005	0.00041	0.00005	0.99950
89	544	T	0.00069	0.00375	0.00057	0.99499
89	545	G	0.08643	0.14311	0.56337	0.20709
89	546	R	0.52644	0.01033	0.44357	0.01966
89	547	G	0.35560	0.03342	0.49019	0.12078
89	548	G	0.25169	0.00580	0.73489	0.00762
89	549	G	0.21153	0.06925	0.51960	0.19962
89	550	C	0.00908	0.90907	0.04683	0.03502
89	551	R	0.35411	0.20267	0.36353	0.07969
89	552	A	0.91519	0.01737	0.02571	0.04173
89	553	A	0.90564	0.01092	0.02589	0.05755
89	554	G	0.01961	0.00477	0.96872	0.00690
89	555	T	0.00005	0.00041	0.00005	0.99950
89	556	G	0.00023	0.00002	0.99971	0.00003
89	557	C	0.00605	0.79210	0.00720	0.19464
89	558	G	0.00023	0.00002	0.99971	0.00003
89	559	C	0.06330	0.79330	0.04309	0.10031
89	560	T	0.00005	0.00041	0.00005	0.99950
89	561	A	0.97596	0.00258	0.01805	0.00341
89	562	G	0.00206	0.00020	0.99747	0.00027
89	563	G	0.00023	0.00002	0.99971	0.00003
89	564	G	0.03120	0.01022	0.94470	0.01389
89	565	C	0.04668	0.78131	0.05110	0.12091
89	566	C	0.04668	0.78131	0.05110	0.12091
89	567	T	0.08331	0.13402	0.09120	0.69147
89	568	G	0.05969	0.00161	0.93651	0.00219
89	569	T	0.02861	0.13645	0.11088	0.72406
89	570	C	0.00047	0.98718	0.00051	0.01185
89	571	T	0.00299	0.02314	0.00560	0.96827
89	572	T	0.00584	0.14686	0.00486	0.84244
89	573	Y	0.04608	0.40862	0.10762	0.43768
89	574	A	0.89679	0.01216	0.04167	0.04938
89	575	T	0.13678	0.03569	0.04738	0.78015
89	576	T	0.04019	0.33704	0.01992	0.60285
89	577	G	0.04914	0.02707	0.80248	0.12131
89	578	G	0.00914	0.01635	0.96969	0.00482
89	579	A	0.99648	0.00025	0.00294	0.00033
89	580	G	0.03155	0.00114	0.96575	0.00156
89	581	A	0.99695	0.00039	0.00214	0.00052
89	582	T	0.00066	0.00318	0.00073	0.99543
89	583	G	0.02407	0.00622	0.95968	0.01003
89	584	C	0.00065	0.99450	0.00071	0.00414
89	585	T	0.00111	0.00524	0.00122	0.99243
89	586	A	0.41511	0.17286	0.14880	0.26322
89	587	T	0.00805	0.09340	0.00882	0.88973
89	588	A	0.57547	0.05440	0.29618	0.07395
89	589	G	0.00677	0.00059	0.99184	0.00080
89	590	T	0.00233	0.01826	0.00299	0.97642
89	591	G	0.01534	0.00107	0.98213	0.00146
89	592	G	0.00039	0.00004	0.99951	0.00006
89	593	A	0.80351	0.00405	0.18695	0.00550
89	594	A	0.79210	0.04552	0.10050	0.06187
89	595	G	0.09181	0.04552	0.80079	0.06187
89	596	C	0.04668	0.78131	0.05110	0.12091
89	597	T	0.04668	0.08896	0.05110	0.81326
89	598	A	0.79210	0.04552	0.10050	0.06187
89	599	A	0.51333	0.03094	0.28102	0.17471
89	600	G	0.00403	0.00058	0.99435	0.00104
89	601	G	0.16065	0.01268	0.79625	0.03043
89	602	T	0.08825	0.13576	0.14938	0.62661
89	603	R	0.46621	0.00815	0.51288	0.01276
89	604	C	0.00003	0.99961	0.00003	0.00033
89	605	C	0.00067	0.96547	0.00074	0.03312
89	606	C	0.00022	0.99694	0.00024	0.00261
89	607	T	0.00070	0.00537	0.00081	0.99312
89	608	C	0.00003	0.99961	0.00003	0.00033
89	609	C	0.00003	0.99961	0.00003	0.00033
89	610	C	0.00042	0.99573	0.00039	0.00346
89	611	T	0.00521	0.12345	0.00570	0.86564
89	612	G	0.07966	0.01567	0.87493	0.02974
89	613	G	0.02769	0.01162	0.92193	0.03875
89	614	A	0.99703	0.00023	0.00243	0.00031
89	615	A	0.99592	0.00044	0.00314	0.00051
89	616	A	0.92306	0.00208	0.07202	0.00283
89	617	G	0.01871	0.04198	0.92824	0.01107
89	618	G	0.12844	0.00324	0.86392	0.00440
89	619	G	0.07501	0.03548	0.84129	0.04822
89	620	G	0.07501	0.03548	0.84129	0.04822
89	621	T	0.00032	0.00249	0.00035	0.99684
89	622	T	0.00409	0.23402	0.00448	0.75741
89	623	G	0.01373	0.00231	0.97985	0.00412
89	624	T	0.00504	0.01237	0.02205	0.96054
89	625	A	0.99597	0.00042	0.00310	0.00050
89	626	G	0.00039	0.00004	0.99952	0.00006
89	627	G	0.00039	0.00004	0.99952	0.00006
89	628	G	0.00023	0.00002	0.99971	0.00003
89	629	G	0.00023	0.00002	0.99971	0.00003
89	630	T	0.00005	0.00041	0.00005	0.99950
89	631	A	0.99977	0.00002	0.00019	0.00002
89	632	G	0.03310	0.01126	0.94032	0.01531
89	633	C	0.01010	0.84174	0.00646	0.14170
89	634	T	0.00005	0.00041	0.00005	0.99950
89	635	C	0.00002	0.99978	0.00002	0.00019
89	636	A	0.99977	0.00002	0.00019	0.00002
89	637	G	0.00023	0.00002	0.99971	0.00003
89	638	G	0.00023	0.00002	0.99971	0.00003
89	639	T	0.00785	0.01310	0.09165	0.88739
89	640	G	0.00023	0.00002	0.99971	0.00003
89	641	C	0.00012	0.99837	0.00013	0.00139
89	642	A	0.99977	0.00002	0.00019	0.00002
89	643	T	0.00563	0.16263	0.00988	0.82185
89	644	T	0.00005	0.00041	0.00005	0.99950
89	645	T	0.00005	0.00041	0.00005	0.99950
89	646	A	0.99977	0.00002	0.00019	0.00002
89	647	G	0.00023	0.00002	0.99971	0.00003
89	648	G	0.00023	0.00002	0.99971	0.00003
89	649	T	0.00481	0.01703	0.00526	0.97290
89	650	T	0.00481	0.01703	0.00526	0.97290
89	651	T	0.00029	0.00269	0.00032	0.99670
89	652	T	0.00005	0.00041	0.00005	0.99950
89	653	T	0.00005	0.00041	0.00005	0.99950
89	654	C	0.00002	0.99978	0.00002	0.00019
89	655	C	0.00002	0.99978	0.00002	0.00019
89	656	A	0.99768	0.00020	0.00183	0.00028
89	657	C	0.00002	0.99978	0.00002	0.00019
89	658	A	0.99977	0.00002	0.00019	0.00002
89	659	T	0.04272	0.09142	0.01669	0.84917
89	660	T	0.00005	0.00041	0.00005	0.99950
89	661	T	0.00253	0.08690	0.00277	0.90780
89	662	A	0.53325	0.04612	0.07600	0.34463
89	663	A	0.97801	0.00510	0.01281	0.00408
89	664	A	0.86971	0.01517	0.06377	0.05135
89	665	A	0.99977	0.00002	0.00019	0.00002
89	666	G	0.31192	0.03355	0.52280	0.13173
89	667	A	0.79688	0.02566	0.05159	0.12588
89	668	T	0.14486	0.05852	0.06667	0.72995
89	669	T	0.23790	0.13912	0.15499	0.46799
89	670	T	0.02631	0.15649	0.01314	0.80407
89	671	A	0.86511	0.01617	0.03671	0.08200
89	672	T	0.03638	0.07276	0.03983	0.85103
89	673	C	0.03638	0.82490	0.03983	0.09889
89	674	A	0.99977	0.00002	0.00019	0.00002
89	675	T	0.00005	0.00041	0.00005	0.99950
89	676	G	0.00042	0.00005	0.99947	0.00006
95	1	G	0.12958	0.07321	0.69770	0.09951
95	2	G	0.11995	0.09952	0.49595	0.28458
95	3	T	0.00442	0.01597	0.00484	0.97476
95	4	T	0.00442	0.01597	0.00484	0.97476
95	5	T	0.00067	0.00407	0.00074	0.99451
95	6	Y	0.01305	0.44252	0.01429	0.53014
95	7	Y	0.01284	0.53277	0.01406	0.44033
95	8	C	0.00031	0.99683	0.00033	0.00253
95	9	C	0.00981	0.95040	0.00781	0.03198
95	10	G	0.03141	0.00329	0.96083	0.00447
95	11	G	0.04311	0.06165	0.86690	0.02833
95	12	A	0.87540	0.05622	0.04275	0.02564
95	13	C	0.02095	0.85848	0.06805	0.05252
95	14	T	0.00783	0.17091	0.00857	0.81268
95	15	C	0.00031	0.99683	0.00033	0.00253
95	16	C	0.00299	0.96145	0.00327	0.03230
95	17	C	0.00372	0.94592	0.00408	0.04628
95	18	C	0.00536	0.85965	0.00587	0.12912
95	19	G	0.14053	0.08306	0.66353	0.11289
95	20	A	0.65022	0.08306	0.15383	0.11289
95	21	C	0.08517	0.63688	0.09324	0.18471
95	22	G	0.14053	0.08306	0.66353	0.11289
95	23	T	0.04509	0.28275	0.04936	0.62281
95	24	C	0.01218	0.93046	0.01333	0.04403
95	25	T	0.00749	0.15824	0.00820	0.82608
95	26	T	0.00067	0.00407	0.00074	0.99451
95	27	T	0.00067	0.00407	0.00074	0.99451
95	28	G	0.02776	0.01047	0.95130	0.01048
95	29	G	0.03141	0.00329	0.96083	0.00447
95	30	A	0.96376	0.00289	0.02942	0.00393
95	31	Y	0.18647	0.35887	0.06473	0.38993
95	32	G	0.04583	0.00405	0.94461	0.00551
95	33	C	0.06139	0.53816	0.04204	0.35841
95	34	C	0.00031	0.99683	0.00033	0.00253
95	35	C	0.00031	0.99683	0.00033	0.00253
95	36	A	0.81705	0.02411	0.11210	0.04674
95	37	T	0.01056	0.03481	0.01551	0.93912
95	38	G	0.28820	0.02848	0.63442	0.04890
95	39	G	0.02776	0.01047	0.95130	0.01048
95	40	T	0.00067	0.00407	0.00074	0.99451
95	41	G	0.03141	0.00329	0.96083	0.00447
95	42	M	0.29452	0.40944	0.17593	0.12011
95	43	G	0.03141	0.00329	0.96083	0.00447
95	44	G	0.00262	0.00040	0.99645	0.00054
95	45	G	0.00110	0.00014	0.99858	0.00019
95	46	G	0.00110	0.00014	0.99858	0.00019
95	47	G	0.18562	0.01235	0.78075	0.02128
95	48	T	0.06456	0.25942	0.03282	0.64320
95	49	G	0.29649	0.03499	0.52344	0.14507
95	50	T	0.00025	0.00181	0.00027	0.99768
95	51	A	0.92530	0.00203	0.06991	0.00276
95	52	A	0.99883	0.00011	0.00092	0.00014
95	53	A	0.99202	0.00109	0.00541	0.00148
95	54	T	0.07508	0.12532	0.08218	0.71741
95	55	T	0.00067	0.00407	0.00074	0.99451
95	56	A	0.99699	0.00031	0.00227	0.00043
95	57	C	0.00010	0.99881	0.00011	0.00098
95	58	C	0.00083	0.98937	0.00090	0.00890
95	59	T	0.05574	0.13751	0.17468	0.63207
95	60	C	0.00083	0.98937	0.00090	0.00890
95	61	A	0.98993	0.00084	0.00810	0.00114
95	62	C	0.00135	0.98654	0.00166	0.01044
95	63	C	0.00854	0.82832	0.01048	0.15266
95	64	C	0.15767	0.54325	0.20193	0.09715
95	65	C	0.00098	0.98534	0.00108	0.01261
95	66	C	0.00010	0.99881	0.00011	0.00098
95	67	G	0.02108	0.00880	0.93546	0.03466
95	68	T	0.00025	0.00181	0.00027	0.99768
95	69	T	0.00025	0.00181	0.00027	0.99768
95	70	A	0.77485	0.04978	0.10771	0.06766
95	71	G	0.09840	0.04978	0.78416	0.06766
95	72	C	0.05105	0.76354	0.05588	0.12953
95	73	T	0.05105	0.09530	0.05588	0.79777
95	74	G	0.09840	0.04978	0.78416	0.06766
95	75	T	0.00025	0.00181	0.00027	0.99768
95	76	G	0.02108	0.00880	0.93546	0.03466
95	77	C	0.00010	0.99881	0.00011	0.00098
95	78	C	0.00010	0.99881	0.00011	0.00098
95	79	G	0.06292	0.03999	0.71483	0.18226
95	80	A	0.88725	0.01683	0.03996	0.05596
95	81	G	0.00110	0.00014	0.99858	0.00019
95	82	G	0.01343	0.00120	0.98374	0.00164
95	83	G	0.07728	0.19100	0.55195	0.17977
95	84	T	0.00160	0.01328	0.00175	0.98338
95	85	A	0.81308	0.02227	0.03686	0.12779
95	86	T	0.07042	0.04464	0.02469	0.86025
95	87	C	0.18075	0.70018	0.04268	0.07639
95	88	G	0.00110	0.00014	0.99858	0.00019
95	89	G	0.00110	0.00014	0.99858	0.00019
95	90	A	0.77485	0.04978	0.10771	0.06766
95	91	A	0.77485	0.04978	0.10771	0.06766
95	92	C	0.05105	0.76354	0.05588	0.12953
95	93	C	0.00005	0.99932	0.00006	0.00057
95	94	T	0.00014	0.00111	0.00016	0.99859
95	95	A	0.96715	0.00413	0.02430	0.00441
95	96	A	0.50877	0.21118	0.06648	0.21357
95	97	A	0.95950	0.01633	0.01680	0.00736
95	98	T	0.00025	0.00181	0.00027	0.99768
95	99	G	0.29708	0.05622	0.46846	0.17824
95	100	T	0.00060	0.00379	0.00065	0.99496
95	101	T	0.02769	0.06132	0.04699	0.86401
95	102	T	0.01778	0.28709	0.01946	0.67567
95	103	C	0.05478	0.67277	0.16969	0.10275
95	104	T	0.01778	0.28709	0.01946	0.67567
95	105	T	0.00821	0.02679	0.00898	0.95601
95	106	T	0.00025	0.00183	0.00027	0.99764
95	107	T	0.00014	0.00111	0.00016	0.99859
95	108	T	0.00758	0.13140	0.00769	0.85334
95	109	T	0.00014	0.00111	0.00016	0.99859
95	110	G	0.00633	0.00068	0.99207	0.00092
95	111	Y	0.06009	0.35074	0.20170	0.38747
95	112	Y	0.15610	0.40441	0.05715	0.38234
95	113	T	0.00133	0.01317	0.00146	0.98404
95	114	G	0.03525	0.00377	0.95551	0.00546
95	115	T	0.00014	0.00111	0.00016	0.99859
95	116	A	0.99490	0.00068	0.00350	0.00092
95	117	A	0.97274	0.00350	0.01901	0.00476
95	118	A	0.96057	0.00447	0.02889	0.00607
95	119	T	0.00114	0.00503	0.00125	0.99257
95	120	A	0.86511	0.01632	0.09482	0.02375
95	121	T	0.06880	0.07958	0.03937	0.81225
95	122	T	0.05428	0.14728	0.11190	0.68654
95	123	A	0.97274	0.00350	0.01901	0.00476
95	124	A	0.96060	0.00745	0.02387	0.00809
95	125	T	0.00114	0.00503	0.00125	0.99257
95	126	T	0.01265	0.04159	0.01591	0.92984
95	127	C	0.00581	0.95050	0.00636	0.03732
95	128	C	0.00099	0.99214	0.00108	0.00580
95	129	T	0.00828	0.04150	0.00906	0.94115
95	130	G	0.00558	0.00122	0.99155	0.00165
95	131	C	0.00581	0.95050	0.00636	0.03732
95	132	A	0.94388	0.00998	0.03428	0.01187
95	133	G	0.05939	0.07875	0.81740	0.04445
95	134	G	0.02108	0.00880	0.93546	0.03466
95	135	T	0.01211	0.02704	0.04235	0.91851
95	136	T	0.00160	0.01328	0.00175	0.98338
95	137	C	0.00010	0.99881	0.00011	0.00098
95	138	A	0.98993	0.00084	0.00810	0.00114
95	139	G	0.00110	0.00014	0.99858	0.00019
95	140	G	0.05884	0.09105	0.80984	0.04026
95	141	T	0.04469	0.06868	0.11230	0.77433
95	142	T	0.00540	0.13625	0.00591	0.85244
95	143	T	0.00025	0.00181	0.00027	0.99768
95	144	C	0.02825	0.94052	0.00832	0.02291
95	145	T	0.00025	0.00181	0.00027	0.99768
95	146	T	0.01959	0.04137	0.06028	0.87876
95	147	G	0.33387	0.04413	0.47238	0.14962
95	148	A	0.89923	0.00368	0.09208	0.00501
95	149	A	0.90387	0.01389	0.03474	0.04749
95	150	T	0.01266	0.02804	0.04355	0.91576
95	151	C	0.01027	0.83655	0.01385	0.13933
95	152	T	0.15673	0.07020	0.04677	0.72630
95	153	G	0.07066	0.16692	0.59834	0.16408
95	154	G	0.06286	0.03350	0.78271	0.12092
95	155	T	0.01472	0.06400	0.01138	0.90990
95	156	C	0.00688	0.79201	0.00753	0.19357
95	157	C	0.00012	0.99857	0.00013	0.00118
95	158	Y	0.24131	0.28612	0.07200	0.40057
95	159	C	0.00129	0.98131	0.00142	0.01598
95	160	T	0.04295	0.07071	0.15886	0.72749
95	161	T	0.11230	0.20062	0.04323	0.64385
95	162	T	0.00028	0.00204	0.00031	0.99737
95	163	A	0.99859	0.00013	0.00111	0.00018
95	164	G	0.20344	0.00703	0.77997	0.00956
95	165	G	0.05414	0.02671	0.84184	0.07730
95	166	G	0.20344	0.00703	0.77997	0.00956
95	167	G	0.18214	0.01608	0.78552	0.01626
95	168	C	0.00012	0.99857	0.00013	0.00118
95	169	A	0.99859	0.00013	0.00111	0.00018
95	170	C	0.00129	0.98131	0.00142	0.01598
95	171	T	0.00028	0.00204	0.00031	0.99737
95	172	C	0.00278	0.98126	0.00224	0.01372
95	173	A	0.76572	0.03454	0.06824	0.13150
95	174	T	0.00848	0.23809	0.00928	0.74415
95	175	T	0.00241	0.02401	0.00264	0.97094
95	176	T	0.00028	0.00204	0.00031	0.99737
95	177	T	0.01311	0.02994	0.01435	0.94259
95	178	T	0.01311	0.02994	0.01435	0.94259
95	179	T	0.05440	0.24524	0.05956	0.64080
95	180	C	0.05276	0.62975	0.05775	0.25974
95	181	C	0.01127	0.94160	0.01234	0.03479
95	182	C	0.05276	0.62975	0.05775	0.25974
95	183	T	0.05164	0.08864	0.04799	0.81174
95	184	G	0.02854	0.01191	0.94336	0.01619
95	185	G	0.24031	0.05198	0.63707	0.07065
95	186	G	0.08174	0.04047	0.82777	0.05003
95	187	Y	0.09152	0.38457	0.13725	0.38667
95	188	C	0.01127	0.94160	0.01234	0.03479
95	189	C	0.07508	0.67240	0.08218	0.17034
95	190	A	0.68543	0.07321	0.14185	0.09951
95	191	G	0.12958	0.07321	0.69770	0.09951
95	192	A	0.68543	0.07321	0.14185	0.09951
95	193	M	0.37443	0.27848	0.16479	0.18230
95	194	T	0.28834	0.14558	0.15171	0.41437
95	195	T	0.06897	0.18030	0.08392	0.66681
95	196	T	0.03815	0.12698	0.04176	0.79311
95	197	C	0.03954	0.56822	0.04329	0.34895
95	198	T	0.04384	0.08864	0.05579	0.81174
95	199	T	0.23450	0.23415	0.12603	0.40532
95	200	T	0.11074	0.13836	0.12965	0.62125
95	201	G	0.08817	0.04314	0.79753	0.07116
95	202	G	0.08402	0.03024	0.84464	0.04111
95	203	C	0.03563	0.82019	0.04257	0.10160
95	204	C	0.05276	0.62975	0.05775	0.25974
95	205	C	0.02927	0.83864	0.03204	0.10004
95	206	T	0.03815	0.12698	0.04176	0.79311
95	207	T	0.04529	0.08466	0.04443	0.82561
95	208	T	0.07852	0.17066	0.11382	0.63700
95	209	T	0.00114	0.00503	0.00125	0.99257
95	210	T	0.00114	0.00503	0.00125	0.99257
95	211	C	0.00436	0.95951	0.00478	0.03135
95	212	C	0.10662	0.74062	0.03993	0.11283
95	213	C	0.12947	0.72141	0.04313	0.10599
95	214	G	0.05462	0.16528	0.71580	0.06430
95	215	C	0.00450	0.88228	0.00493	0.10829
95	216	T	0.02562	0.05721	0.07742	0.83975
95	217	T	0.00671	0.15244	0.00734	0.83351
95	218	D	0.30641	0.07395	0.26235	0.35730
95	219	C	0.00043	0.99453	0.00047	0.00457
95	220	T	0.00093	0.00761	0.00102	0.99043
95	221	A	0.49332	0.04421	0.31135	0.15112
95	222	T	0.00014	0.00111	0.00016	0.99859
95	223	C	0.00043	0.99453	0.00047	0.00457
95	224	A	0.95341	0.00547	0.01387	0.02725
95	225	T	0.00093	0.00761	0.00102	0.99043
95	226	Y	0.00640	0.43834	0.00700	0.54826
95	227	T	0.00719	0.34688	0.00787	0.63806
95	228	T	0.00114	0.01001	0.00125	0.98759
95	229	T	0.00841	0.03320	0.00980	0.94859
95	230	T	0.00623	0.14062	0.00682	0.84632
95	231	T	0.05105	0.09530	0.05588	0.79777
95	232	C	0.05105	0.76354	0.05588	0.12953
95	233	T	0.01527	0.28111	0.01446	0.68917
95	234	T	0.00014	0.00111	0.00016	0.99859
95	235	C	0.00289	0.80034	0.00317	0.19360
95	236	C	0.00005	0.99932	0.00006	0.00057
95	237	C	0.02485	0.95397	0.00575	0.01543
95	238	G	0.04102	0.04575	0.89261	0.02062
95	239	G	0.00066	0.00008	0.99915	0.00011
95	240	G	0.00066	0.00008	0.99915	0.00011
95	241	C	0.00117	0.94899	0.00128	0.04856
95	242	T	0.00014	0.00111	0.00016	0.99859
95	243	C	0.00005	0.99932	0.00006	0.00057
95	244	T	0.00014	0.00111	0.00016	0.99859
95	245	C	0.00005	0.99932	0.00006	0.00057
95	246	A	0.87677	0.05123	0.04975	0.02226
95	247	C	0.02157	0.82995	0.06067	0.08781
95	248	C	0.00844	0.95498	0.00807	0.02852
95	249	T	0.19562	0.05569	0.05308	0.69561
95	250	T	0.00014	0.00111	0.00016	0.99859
95	251	G	0.05441	0.00145	0.94218	0.00197
95	252	C	0.00005	0.99932	0.00006	0.00057
95	253	C	0.00005	0.99932	0.00006	0.00057
95	254	A	0.49540	0.12603	0.32565	0.05292
95	255	A	0.55605	0.02702	0.28221	0.13472
95	256	A	0.72378	0.03978	0.05612	0.18032
95	257	G	0.00066	0.00008	0.99915	0.00011
95	258	G	0.00887	0.00192	0.98486	0.00434
95	259	C	0.03594	0.79512	0.01890	0.15004
95	260	W	0.29701	0.21783	0.14122	0.34395
95	261	C	0.00005	0.99932	0.00006	0.00057
95	262	T	0.00241	0.01067	0.00263	0.98429
95	263	G	0.00066	0.00008	0.99915	0.00011
95	264	G	0.19081	0.00239	0.80356	0.00324
95	265	C	0.00005	0.99932	0.00006	0.00057
95	266	C	0.00005	0.99932	0.00006	0.00057
95	267	G	0.00496	0.00057	0.99369	0.00078
95	268	T	0.12374	0.09660	0.13085	0.64881
95	269	T	0.00014	0.00111	0.00016	0.99859
95	270	G	0.00066	0.00008	0.99915	0.00011
95	271	C	0.00005	0.99932	0.00006	0.00057
95	272	G	0.00066	0.00008	0.99915	0.00011
95	273	C	0.00005	0.99932	0.00006	0.00057
95	274	C	0.00474	0.98210	0.00241	0.01074
95	275	C	0.00005	0.99932	0.00006	0.00057
95	276	G	0.00066	0.00008	0.99915	0.00011
95	277	G	0.07191	0.09597	0.72454	0.10759
95	278	C	0.00043	0.99453	0.00047	0.00457
95	279	G	0.00066	0.00008	0.99915	0.00011
95	280	G	0.00066	0.00008	0.99915	0.00011
95	281	G	0.00066	0.00008	0.99915	0.00011
95	282	G	0.00066	0.00008	0.99915	0.00011
95	283	T	0.00014	0.00111	0.00016	0.99859
95	284	C	0.00289	0.80034	0.00317	0.19360
95	285	A	0.99931	0.00006	0.00055	0.00008
95	286	A	0.99931	0.00006	0.00055	0.00008
95	287	C	0.00005	0.99932	0.00006	0.00057
95	288	T	0.00636	0.41089	0.00697	0.57579
95	289	C	0.00492	0.87990	0.00573	0.10945
95	290	C	0.30521	0.59303	0.04208	0.05967
95	291	A	0.73482	0.02478	0.20562	0.03477
95	292	T	0.01246	0.03439	0.01490	0.93825
95	293	G	0.00066	0.00008	0.99915	0.00011
95	294	A	0.98304	0.00087	0.01490	0.00119
95	295	T	0.00014	0.00111	0.00016	0.99859
95	296	T	0.00014	0.00111	0.00016	0.99859
95	297	A	0.99931	0.00006	0.00055	0.00008
95	298	G	0.00066	0.00008	0.99915	0.00011
95	299	C	0.00005	0.99932	0.00006	0.00057
95	300	A	0.95892	0.00794	0.02405	0.00909
95	301	T	0.03551	0.22228	0.03397	0.70823
95	302	G	0.05328	0.04244	0.61876	0.28553
95	303	G	0.11287	0.00576	0.87402	0.00735
95	304	A	0.63448	0.00537	0.35285	0.00730
