18
Human_rhinovirus_89____RNA-directed_RNA_polymerase___5730__7110__                                       0.0000000 0.8304379 0.8511971 0.9198224 0.9766291 0.9792636 0.8634983 0.9150413 0.8851033 0.8219985 0.7803318 0.7914047 0.8227616 0.9248306 0.8107584 0.8213774 8.3314448 8.9999987 
Human_rhinovirus_C____3D___5667__7047__                                                                 0.8304379 0.0000000 0.6988100 0.9464305 0.9580785 0.9594413 0.9482791 0.8107138 0.8720943 0.9027913 0.8239686 0.8205088 0.8129931 0.8605115 0.8039456 0.8079657 8.7516856 8.9999986 
Human_rhinovirus_14____3D___5785__7165__                                                                0.8511971 0.6988100 0.0000000 0.7580649 0.7760635 0.7851843 0.8602515 0.7015417 0.6505848 0.6220859 0.6420220 0.6539862 0.7285838 0.7868334 0.7145722 0.7099917 7.9405134 8.3182730 
Enterovirus_SEV-gx____3D___5856__7287__                                                                 0.9198224 0.9464305 0.7580649 0.0000000 0.7929247 0.8182311 0.7853110 0.6353714 0.6831772 0.6700619 0.6540005 0.6094019 0.7249401 0.8245973 0.7154259 0.6992507 8.5182690 8.9999988 
Human_enterovirus_A____3D___5943__7329__                                                                0.9766291 0.9580785 0.7760635 0.7929247 0.0000000 0.0245231 0.8763661 0.6684623 0.5448403 0.5783784 0.5501866 0.5415402 0.6634718 0.7462583 0.6922078 0.6799280 7.9235974 8.4803057 
Human_enterovirus_strain_V13-0285__partial_genome__3D-pol___5922__7308__                                0.9792636 0.9594413 0.7851843 0.8182311 0.0245231 0.0000000 0.8793557 0.6754830 0.5511584 0.5853527 0.5668964 0.5492070 0.6501015 0.7637889 0.6972038 0.6848458 7.8530966 8.3694585 
Simian_enterovirus_A____3D___5867__7244__                                                               0.8634983 0.9482791 0.8602515 0.7853110 0.8763661 0.8793557 0.0000000 0.6450428 0.5654449 0.5361060 0.4765729 0.5049331 0.6474311 0.6842375 0.6625543 0.6561504 7.1699961 7.8288688 
Human_enterovirus_D____3D-POL___5937__7308__                                                            0.9150413 0.8107138 0.7015417 0.6353714 0.6684623 0.6754830 0.6450428 0.0000000 0.3536078 0.3740217 0.3751216 0.3930151 0.5993913 0.6343874 0.5751808 0.5778852 8.0035289 7.9353068 
Poliovirus____RNA-directed_RNA_polymerase___5986__7369__                                                0.8851033 0.8720943 0.6505848 0.6831772 0.5448403 0.5511584 0.5654449 0.3536078 0.0000000 0.3829976 0.3245665 0.3346095 0.4870441 0.5512230 0.5331980 0.5213545 8.2973905 8.0457453 
Human_enterovirus_B____3D___5901__7287__                                                                0.8219985 0.9027913 0.6220859 0.6700619 0.5783784 0.5853527 0.5361060 0.3740217 0.3829976 0.0000000 0.2183086 0.2531247 0.4982369 0.5229054 0.5001415 0.4846375 7.7360741 8.2413606 
Enterovirus_J_strain_N203____3D___5885__7271__                                                          0.7803318 0.8239686 0.6420220 0.6540005 0.5501866 0.5668964 0.4765729 0.3751216 0.3245665 0.2183086 0.0000000 0.1269658 0.4417077 0.5218835 0.4725948 0.4503823 7.5239090 8.5510053 
Enterovirus_J_strain_1631____3D___5856__7242__                                                          0.7914047 0.8205088 0.6539862 0.6094019 0.5415402 0.5492070 0.5049331 0.3930151 0.3346095 0.2531247 0.1269658 0.0000000 0.4598324 0.5057705 0.4606917 0.4325988 7.2281695 7.9460954 
Enterovirus_goat/JL14____3D___5903__7337__                                                              0.8227616 0.8129931 0.7285838 0.7249401 0.6634718 0.6501015 0.6474311 0.5993913 0.4870441 0.4982369 0.4417077 0.4598324 0.0000000 0.3986761 0.4018363 0.3798864 7.4783586 8.3604370 
Bovine_enterovirus____3D___5960__7343__                                                                 0.9248306 0.8605115 0.7868334 0.8245973 0.7462583 0.7637889 0.6842375 0.6343874 0.5512230 0.5229054 0.5218835 0.5057705 0.3986761 0.0000000 0.2302177 0.2095328 7.4117876 7.5655381 
Possum_enterovirus_W1____RNA-directed_RNA_polymerase___5933__7316__                                     0.8107584 0.8039456 0.7145722 0.7154259 0.6922078 0.6972038 0.6625543 0.5751808 0.5331980 0.5001415 0.4725948 0.4606917 0.4018363 0.2302177 0.0000000 0.0525927 6.6705827 8.1798475 
Enterovirus_F_strain_BEV-261_polyprotein_gene__complete_cds__RNA-directed_RNA-polymerase___5940__7323__ 0.8213774 0.8079657 0.7099917 0.6992507 0.6799280 0.6848458 0.6561504 0.5778852 0.5213545 0.4846375 0.4503823 0.4325988 0.3798864 0.2095328 0.0525927 0.0000000 6.7999893 7.9163243 
Cryphonectria_parasitica_mitovirus_1-NB631__                                                            8.3314448 8.7516856 7.9405134 8.5182690 7.9235974 7.8530966 7.1699961 8.0035289 8.2973905 7.7360741 7.5239090 7.2281695 7.4783586 7.4117876 6.6705827 6.7999893 0.0000000 4.4526268 
Ophiostoma_mitovirus_4__                                                                                8.9999987 8.9999986 8.3182730 8.9999988 8.4803057 8.3694585 7.8288688 7.9353068 8.0457453 8.2413606 8.5510053 7.9460954 8.3604370 7.5655381 8.1798475 7.9163243 4.4526268 0.0000000 
