Node	Site	State 	p_A	p_C	p_G	p_T
88	1	G	0.10029	0.04790	0.76684	0.08497
88	2	T	0.10315	0.11144	0.26139	0.52402
88	3	T	0.01070	0.03936	0.00903	0.94091
88	4	T	0.01070	0.03936	0.00903	0.94091
88	5	T	0.00520	0.02201	0.00422	0.96857
88	6	T	0.02114	0.34695	0.01857	0.61334
88	7	C	0.01621	0.66572	0.01495	0.30312
88	8	C	0.00142	0.97952	0.00140	0.01765
88	9	C	0.02361	0.87227	0.01366	0.09047
88	10	G	0.05622	0.00568	0.92400	0.01411
88	11	G	0.03625	0.01718	0.91924	0.02733
88	12	A	0.91265	0.01799	0.03659	0.03277
88	13	C	0.01479	0.87022	0.02340	0.09159
88	14	C	0.01235	0.71405	0.01135	0.26226
88	15	C	0.00142	0.97952	0.00140	0.01765
88	16	C	0.00576	0.90375	0.00549	0.08500
88	17	C	0.01175	0.59902	0.01059	0.37864
88	18	C	0.00687	0.89536	0.00654	0.09123
88	19	G	0.15464	0.09037	0.60971	0.14527
88	20	A	0.57325	0.09436	0.17184	0.16055
88	21	C	0.09152	0.55759	0.09740	0.25348
88	22	G	0.15464	0.09037	0.60971	0.14527
88	23	Y	0.06993	0.40423	0.06915	0.45668
88	24	C	0.03216	0.79415	0.03338	0.14030
88	25	T	0.01614	0.12339	0.01376	0.84671
88	26	T	0.00520	0.02201	0.00422	0.96857
88	27	T	0.00520	0.02201	0.00422	0.96857
88	28	G	0.03679	0.02141	0.91080	0.03099
88	29	G	0.05622	0.00568	0.92400	0.01411
88	30	A	0.92062	0.00562	0.05788	0.01588
88	31	C	0.05520	0.66887	0.03203	0.24390
88	32	G	0.34878	0.01032	0.61236	0.02854
88	33	H	0.31816	0.32001	0.07405	0.28778
88	34	C	0.00142	0.97952	0.00140	0.01765
88	35	C	0.00142	0.97952	0.00140	0.01765
88	36	W	0.39707	0.06606	0.17230	0.36457
88	37	T	0.03004	0.06661	0.04726	0.85609
88	38	G	0.15038	0.03081	0.73675	0.08207
88	39	G	0.03679	0.02141	0.91080	0.03099
88	40	T	0.00520	0.02201	0.00422	0.96857
88	41	G	0.05622	0.00568	0.92400	0.01411
88	42	G	0.17073	0.23746	0.40675	0.18506
88	43	G	0.05622	0.00568	0.92400	0.01411
88	44	G	0.00767	0.00140	0.98741	0.00352
88	45	G	0.00460	0.00081	0.99243	0.00216
88	46	G	0.00460	0.00081	0.99243	0.00216
88	47	G	0.09437	0.04838	0.59753	0.25971
88	48	T	0.11532	0.13131	0.03607	0.71730
88	49	G	0.05007	0.00802	0.91977	0.02214
88	50	T	0.00274	0.01173	0.00217	0.98336
88	51	A	0.97297	0.00240	0.01717	0.00745
88	52	A	0.99262	0.00072	0.00419	0.00247
88	53	A	0.98931	0.00108	0.00607	0.00353
88	54	T	0.07233	0.13523	0.06950	0.72294
88	55	T	0.00520	0.02201	0.00422	0.96857
88	56	A	0.98748	0.00130	0.00716	0.00406
88	57	C	0.00073	0.98842	0.00074	0.01012
88	58	C	0.00208	0.96720	0.00205	0.02868
88	59	T	0.04295	0.36803	0.08587	0.50315
88	60	C	0.00208	0.96720	0.00205	0.02868
88	61	A	0.97686	0.00213	0.01432	0.00669
88	62	C	0.00328	0.95711	0.00373	0.03588
88	63	C	0.00876	0.88522	0.01015	0.09587
88	64	C	0.14527	0.59741	0.07329	0.18403
88	65	C	0.00747	0.67710	0.00677	0.30865
88	66	C	0.00073	0.98842	0.00074	0.01012
88	67	G	0.01447	0.00303	0.97453	0.00797
88	68	T	0.00274	0.01173	0.00217	0.98336
88	69	T	0.00274	0.01173	0.00217	0.98336
88	70	A	0.59254	0.08874	0.16543	0.15329
88	71	G	0.14888	0.08489	0.62825	0.13798
88	72	C	0.08607	0.57613	0.09149	0.24631
88	73	T	0.11284	0.18694	0.11286	0.58735
88	74	G	0.14888	0.08489	0.62825	0.13798
88	75	T	0.00274	0.01173	0.00217	0.98336
88	76	G	0.01447	0.00303	0.97453	0.00797
88	77	C	0.00073	0.98842	0.00074	0.01012
88	78	C	0.00073	0.98842	0.00074	0.01012
88	79	G	0.07271	0.05503	0.56867	0.30360
88	80	A	0.74819	0.02679	0.03966	0.18536
88	81	G	0.00460	0.00081	0.99243	0.00216
88	82	G	0.29145	0.00699	0.68102	0.02054
88	83	G	0.07144	0.06490	0.68049	0.18316
88	84	T	0.00666	0.03737	0.00540	0.95057
88	85	T	0.05374	0.04237	0.01619	0.88770
88	86	T	0.27142	0.05493	0.04024	0.63340
88	87	C	0.29955	0.46916	0.05722	0.17407
88	88	G	0.00460	0.00081	0.99243	0.00216
88	89	G	0.00460	0.00081	0.99243	0.00216
88	90	A	0.59254	0.08874	0.16543	0.15329
88	91	A	0.59254	0.08874	0.16543	0.15329
88	92	C	0.08607	0.57613	0.09149	0.24631
88	93	C	0.00004	0.99850	0.00004	0.00142
88	94	T	0.00029	0.00232	0.00020	0.99719
88	95	A	0.89519	0.04634	0.02461	0.03386
88	96	A	0.84761	0.05857	0.02864	0.06519
88	97	A	0.96356	0.01319	0.00951	0.01375
88	98	T	0.00274	0.01173	0.00217	0.98336
88	99	R	0.42383	0.05867	0.38156	0.13594
88	100	T	0.02256	0.05165	0.02059	0.90521
88	101	T	0.10216	0.12951	0.22415	0.54418
88	102	T	0.05808	0.29316	0.05577	0.59299
88	103	C	0.07476	0.57862	0.12834	0.21828
88	104	T	0.05808	0.29316	0.05577	0.59299
88	105	T	0.06495	0.13078	0.06199	0.74228
88	106	T	0.00201	0.00899	0.00157	0.98743
88	107	T	0.00029	0.00232	0.00020	0.99719
88	108	T	0.00445	0.02969	0.00266	0.96319
88	109	T	0.00029	0.00232	0.00020	0.99719
88	110	G	0.03683	0.00058	0.96037	0.00222
88	111	G	0.05024	0.10794	0.54330	0.29852
88	112	M	0.37534	0.34512	0.03747	0.24207
88	113	T	0.00184	0.12577	0.00141	0.87098
88	114	G	0.12180	0.00217	0.86782	0.00820
88	115	T	0.00029	0.00232	0.00020	0.99719
88	116	A	0.99892	0.00006	0.00072	0.00030
88	117	A	0.99471	0.00028	0.00383	0.00118
88	118	A	0.91222	0.00106	0.08231	0.00441
88	119	T	0.00052	0.00391	0.00036	0.99521
88	120	A	0.83260	0.00339	0.15046	0.01356
88	121	T	0.21759	0.04316	0.02479	0.71446
88	122	T	0.04637	0.24065	0.27270	0.44028
88	123	A	0.99471	0.00028	0.00383	0.00118
88	124	A	0.92783	0.03539	0.01346	0.02331
88	125	T	0.00052	0.00391	0.00036	0.99521
88	126	T	0.01660	0.05082	0.01848	0.91409
88	127	C	0.00353	0.94617	0.00345	0.04685
88	128	C	0.00115	0.98282	0.00115	0.01488
88	129	T	0.01017	0.05974	0.00837	0.92173
88	130	G	0.00648	0.00117	0.98931	0.00303
88	131	C	0.00353	0.94617	0.00345	0.04685
88	132	A	0.95334	0.00693	0.02294	0.01679
88	133	G	0.03841	0.01580	0.91348	0.03232
88	134	G	0.01447	0.00303	0.97453	0.00797
88	135	T	0.01099	0.03778	0.01133	0.93990
88	136	T	0.00666	0.03737	0.00540	0.95057
88	137	C	0.00073	0.98842	0.00074	0.01012
88	138	A	0.97686	0.00213	0.01432	0.00669
88	139	G	0.00460	0.00081	0.99243	0.00216
88	140	G	0.04043	0.02481	0.90082	0.03394
88	141	T	0.04639	0.07520	0.04180	0.83660
88	142	T	0.01275	0.35624	0.01116	0.61985
88	143	T	0.00274	0.01173	0.00217	0.98336
88	144	C	0.00420	0.95342	0.00355	0.03884
88	145	T	0.00274	0.01173	0.00217	0.98336
88	146	T	0.01884	0.05548	0.02202	0.90366
88	147	G	0.08973	0.01469	0.85541	0.04018
88	148	A	0.95320	0.00412	0.03050	0.01218
88	149	A	0.95519	0.00550	0.02184	0.01747
88	150	T	0.00327	0.01696	0.00323	0.97654
88	151	C	0.01771	0.68954	0.05863	0.23411
88	152	A	0.66791	0.02469	0.02844	0.27896
88	153	G	0.03155	0.01671	0.89117	0.06057
88	154	G	0.03031	0.01227	0.88675	0.07067
88	155	T	0.16135	0.22880	0.02227	0.58758
88	156	C	0.00257	0.85086	0.00220	0.14437
88	157	C	0.00008	0.99732	0.00007	0.00253
88	158	A	0.68573	0.04455	0.03693	0.23279
88	159	C	0.00133	0.88320	0.00114	0.11433
88	160	G	0.04044	0.02913	0.65938	0.27105
88	161	T	0.01301	0.14605	0.00717	0.83377
88	162	T	0.00053	0.00398	0.00037	0.99511
88	163	A	0.99883	0.00007	0.00077	0.00032
88	164	G	0.12898	0.00223	0.86089	0.00790
88	165	G	0.01690	0.00480	0.95457	0.02372
88	166	G	0.12898	0.00223	0.86089	0.00790
88	167	G	0.04992	0.06945	0.83398	0.04665
88	168	C	0.00008	0.99732	0.00007	0.00253
88	169	A	0.99883	0.00007	0.00077	0.00032
88	170	C	0.00133	0.88320	0.00114	0.11433
88	171	T	0.00053	0.00398	0.00037	0.99511
88	172	C	0.04076	0.89993	0.00630	0.05300
88	173	W	0.44778	0.03018	0.02753	0.49452
88	174	C	0.00356	0.68199	0.00297	0.31148
88	175	T	0.00284	0.16076	0.00221	0.83419
88	176	T	0.00053	0.00398	0.00037	0.99511
88	177	T	0.00112	0.00737	0.00081	0.99071
88	178	T	0.00112	0.00737	0.00081	0.99071
88	179	T	0.00649	0.28973	0.00518	0.69860
88	180	C	0.00422	0.77861	0.00364	0.21354
88	181	C	0.00018	0.99474	0.00017	0.00490
88	182	C	0.00422	0.77861	0.00364	0.21354
88	183	T	0.06731	0.03132	0.01303	0.88834
88	184	G	0.00173	0.00017	0.99755	0.00054
88	185	G	0.21362	0.00361	0.77064	0.01214
88	186	G	0.00862	0.00196	0.98508	0.00433
88	187	T	0.04449	0.26160	0.19933	0.49458
88	188	C	0.00018	0.99474	0.00017	0.00490
88	189	C	0.04874	0.72146	0.05162	0.17818
88	190	A	0.74005	0.05025	0.11144	0.09826
88	191	G	0.10029	0.04790	0.76684	0.08497
88	192	A	0.74005	0.05025	0.11144	0.09826
88	193	A	0.46541	0.29445	0.07278	0.16736
88	194	T	0.35810	0.06927	0.06804	0.50459
88	195	T	0.01304	0.20334	0.01560	0.76803
88	196	T	0.00492	0.22421	0.00393	0.76693
88	197	T	0.00473	0.21037	0.00375	0.78115
88	198	T	0.01867	0.03501	0.06055	0.88577
88	199	H	0.28056	0.32115	0.04264	0.35565
88	200	T	0.06829	0.05606	0.13874	0.73692
88	201	G	0.02648	0.01039	0.88309	0.08004
88	202	G	0.00996	0.00070	0.98713	0.00220
88	203	C	0.00164	0.97024	0.00226	0.02586
88	204	C	0.00422	0.77861	0.00364	0.21354
88	205	C	0.00073	0.97833	0.00068	0.02026
88	206	T	0.00492	0.22421	0.00393	0.76693
88	207	T	0.00849	0.02369	0.00433	0.96349
88	208	T	0.03907	0.09182	0.16670	0.70242
88	209	T	0.00052	0.00391	0.00036	0.99521
88	210	T	0.00052	0.00391	0.00036	0.99521
88	211	C	0.00129	0.88618	0.00110	0.11143
88	212	C	0.01429	0.78764	0.00655	0.19152
88	213	C	0.12683	0.69522	0.02080	0.15716
88	214	C	0.00716	0.72683	0.01375	0.25227
88	215	C	0.00258	0.75654	0.00212	0.23876
88	216	T	0.03422	0.03797	0.28718	0.64063
88	217	T	0.00362	0.39884	0.00290	0.59464
88	218	A	0.54319	0.03545	0.06286	0.35850
88	219	C	0.00015	0.99453	0.00014	0.00518
88	220	T	0.00093	0.00923	0.00066	0.98918
88	221	A	0.96337	0.00264	0.02146	0.01254
88	222	T	0.00029	0.00232	0.00020	0.99719
88	223	C	0.00015	0.99453	0.00014	0.00518
88	224	A	0.99688	0.00021	0.00192	0.00098
88	225	T	0.00093	0.00923	0.00066	0.98918
88	226	C	0.00207	0.83830	0.00176	0.15788
88	227	T	0.00423	0.15790	0.00325	0.83462
88	228	T	0.00148	0.06835	0.00112	0.92905
88	229	T	0.02206	0.03280	0.05516	0.88997
88	230	T	0.03840	0.13485	0.03564	0.79111
88	231	T	0.11284	0.18694	0.11286	0.58735
88	232	C	0.08607	0.57613	0.09149	0.24631
88	233	C	0.05689	0.68382	0.01389	0.24540
88	234	T	0.00029	0.00232	0.00020	0.99719
88	235	T	0.00154	0.02814	0.00112	0.96920
88	236	C	0.00004	0.99850	0.00004	0.00142
88	237	C	0.00037	0.99098	0.00029	0.00835
88	238	G	0.00894	0.00092	0.98756	0.00258
88	239	G	0.00055	0.00005	0.99925	0.00016
88	240	G	0.00055	0.00005	0.99925	0.00016
88	241	C	0.00018	0.99360	0.00016	0.00606
88	242	T	0.00029	0.00232	0.00020	0.99719
88	243	C	0.00004	0.99850	0.00004	0.00142
88	244	T	0.00029	0.00232	0.00020	0.99719
88	245	C	0.00004	0.99850	0.00004	0.00142
88	246	A	0.92136	0.00229	0.06838	0.00797
88	247	C	0.01832	0.64477	0.07200	0.26491
88	248	V	0.37154	0.27102	0.25904	0.09840
88	249	A	0.88466	0.00408	0.09014	0.02112
88	250	T	0.00029	0.00232	0.00020	0.99719
88	251	G	0.00261	0.00019	0.99657	0.00062
88	252	C	0.00004	0.99850	0.00004	0.00142
88	253	C	0.00004	0.99850	0.00004	0.00142
88	254	A	0.95465	0.00248	0.03473	0.00814
88	255	A	0.98769	0.00072	0.00833	0.00325
88	256	T	0.01537	0.03370	0.00506	0.94587
88	257	G	0.00055	0.00005	0.99925	0.00016
88	258	G	0.00381	0.00061	0.99263	0.00294
88	259	A	0.79520	0.06287	0.02811	0.11382
88	260	R	0.35598	0.10960	0.35905	0.17537
88	261	C	0.00004	0.99850	0.00004	0.00142
88	262	T	0.03376	0.08126	0.03102	0.85395
88	263	G	0.00055	0.00005	0.99925	0.00016
88	264	A	0.99045	0.00030	0.00794	0.00130
88	265	C	0.00004	0.99850	0.00004	0.00142
88	266	C	0.00004	0.99850	0.00004	0.00142
88	267	G	0.00227	0.00017	0.99700	0.00056
88	268	A	0.80797	0.01733	0.10714	0.06756
88	269	T	0.00029	0.00232	0.00020	0.99719
88	270	G	0.00055	0.00005	0.99925	0.00016
88	271	C	0.00004	0.99850	0.00004	0.00142
88	272	G	0.00055	0.00005	0.99925	0.00016
88	273	C	0.00004	0.99850	0.00004	0.00142
88	274	A	0.88078	0.07605	0.01285	0.03032
88	275	C	0.00004	0.99850	0.00004	0.00142
88	276	G	0.00055	0.00005	0.99925	0.00016
88	277	T	0.02473	0.12884	0.08495	0.76148
88	278	C	0.00015	0.99453	0.00014	0.00518
88	279	G	0.00055	0.00005	0.99925	0.00016
88	280	G	0.00055	0.00005	0.99925	0.00016
88	281	G	0.00055	0.00005	0.99925	0.00016
88	282	G	0.00055	0.00005	0.99925	0.00016
88	283	T	0.00029	0.00232	0.00020	0.99719
88	284	T	0.00154	0.02814	0.00112	0.96920
88	285	A	0.99935	0.00004	0.00043	0.00018
88	286	A	0.99935	0.00004	0.00043	0.00018
88	287	C	0.00004	0.99850	0.00004	0.00142
88	288	C	0.00211	0.83076	0.00180	0.16533
88	289	C	0.00089	0.97396	0.00096	0.02419
88	290	A	0.82415	0.08830	0.02761	0.05994
88	291	T	0.27262	0.20631	0.04250	0.47857
88	292	D	0.27677	0.02657	0.33728	0.35939
88	293	G	0.00055	0.00005	0.99925	0.00016
88	294	A	0.98996	0.00028	0.00858	0.00118
88	295	T	0.00029	0.00232	0.00020	0.99719
88	296	T	0.00029	0.00232	0.00020	0.99719
88	297	A	0.99935	0.00004	0.00043	0.00018
88	298	G	0.00055	0.00005	0.99925	0.00016
88	299	C	0.00004	0.99850	0.00004	0.00142
88	300	H	0.29181	0.30614	0.02200	0.38004
88	301	W	0.38470	0.04982	0.23909	0.32640
88	302	T	0.03059	0.04146	0.16752	0.76043
88	303	G	0.00959	0.00091	0.98687	0.00263
88	304	G	0.15927	0.00188	0.83184	0.00701
88	305	G	0.00055	0.00005	0.99925	0.00016
88	306	C	0.00004	0.99850	0.00004	0.00142
88	307	T	0.00029	0.00232	0.00020	0.99719
88	308	G	0.00055	0.00005	0.99925	0.00016
88	309	T	0.00029	0.00232	0.00020	0.99719
88	310	A	0.99935	0.00004	0.00043	0.00018
88	311	G	0.00055	0.00005	0.99925	0.00016
88	312	B	0.02915	0.33301	0.28076	0.35708
88	313	T	0.03022	0.14965	0.01110	0.80903
88	314	G	0.00386	0.00151	0.99244	0.00218
88	315	C	0.00096	0.94498	0.00085	0.05320
88	316	T	0.00154	0.02814	0.00112	0.96920
88	317	A	0.99271	0.00059	0.00335	0.00334
88	318	A	0.99935	0.00004	0.00043	0.00018
88	319	A	0.99935	0.00004	0.00043	0.00018
88	320	A	0.99935	0.00004	0.00043	0.00018
88	321	G	0.00244	0.00025	0.99645	0.00086
88	322	T	0.00148	0.06835	0.00112	0.92905
88	323	T	0.02931	0.22553	0.27485	0.47030
88	324	G	0.17619	0.06402	0.70177	0.05803
88	325	T	0.00536	0.12933	0.00537	0.85994
88	326	G	0.00055	0.00005	0.99925	0.00016
88	327	A	0.99935	0.00004	0.00043	0.00018
88	328	C	0.00057	0.95184	0.00049	0.04710
88	329	T	0.28406	0.20307	0.02126	0.49161
88	330	C	0.00423	0.81331	0.00428	0.17818
88	331	C	0.01252	0.73618	0.00998	0.24132
88	332	T	0.05758	0.06982	0.16328	0.70932
88	333	G	0.03011	0.00168	0.96332	0.00490
88	334	A	0.98769	0.00072	0.00833	0.00325
88	335	A	0.99660	0.00017	0.00246	0.00077
88	336	T	0.01562	0.11232	0.01328	0.85877
88	337	G	0.03355	0.05668	0.80393	0.10584
88	338	C	0.00194	0.83021	0.00164	0.16621
88	339	R	0.35932	0.09102	0.45556	0.09411
88	340	T	0.02931	0.22553	0.27485	0.47030
88	341	A	0.93568	0.00566	0.01421	0.04444
88	342	C	0.00173	0.98318	0.00074	0.01435
88	343	T	0.00302	0.03486	0.00223	0.95989
88	344	A	0.87057	0.00956	0.05977	0.06010
88	345	T	0.00111	0.01145	0.00079	0.98664
88	346	Y	0.04047	0.45309	0.09980	0.40664
88	347	A	0.92659	0.00133	0.06678	0.00530
88	348	A	0.99463	0.00028	0.00390	0.00119
88	349	T	0.02354	0.02308	0.00605	0.94734
88	350	G	0.01973	0.01238	0.94643	0.02146
88	351	G	0.02694	0.10095	0.81697	0.05515
88	352	W	0.30942	0.06115	0.21637	0.41306
88	353	A	0.47944	0.04500	0.23547	0.24009
88	354	G	0.03953	0.00141	0.95388	0.00519
88	355	T	0.00206	0.23059	0.00161	0.76574
88	356	A	0.93296	0.00147	0.05928	0.00629
88	357	G	0.04442	0.04656	0.86771	0.04131
88	358	T	0.06501	0.01620	0.00670	0.91210
88	359	R	0.32649	0.02334	0.44571	0.20445
88	360	T	0.01004	0.01862	0.05742	0.91393
88	361	T	0.00029	0.00232	0.00020	0.99719
88	362	A	0.99935	0.00004	0.00043	0.00018
88	363	A	0.99935	0.00004	0.00043	0.00018
88	364	C	0.00004	0.99850	0.00004	0.00142
88	365	T	0.00029	0.00232	0.00020	0.99719
88	366	G	0.00785	0.00120	0.98641	0.00453
88	367	A	0.98432	0.00057	0.01274	0.00237
88	368	A	0.99398	0.00047	0.00337	0.00218
88	369	A	0.75692	0.06060	0.10685	0.07563
88	370	C	0.02453	0.90608	0.00598	0.06341
88	371	A	0.83507	0.05651	0.02424	0.08419
88	372	Y	0.21395	0.30907	0.05725	0.41974
88	373	T	0.03029	0.04177	0.16161	0.76633
88	374	G	0.03565	0.02266	0.84772	0.09397
88	375	A	0.99681	0.00017	0.00228	0.00074
88	376	W	0.33805	0.14272	0.14550	0.37374
88	377	K	0.14869	0.13869	0.37877	0.33385
88	378	A	0.99681	0.00017	0.00228	0.00074
88	379	A	0.54566	0.02460	0.39188	0.03786
88	380	C	0.00401	0.81384	0.00416	0.17799
88	381	C	0.00361	0.68820	0.00300	0.30519
88	382	T	0.06661	0.12199	0.01439	0.79701
88	383	C	0.05874	0.77265	0.04148	0.12713
88	384	A	0.87961	0.00919	0.01903	0.09218
88	385	T	0.00184	0.12577	0.00141	0.87098
88	386	T	0.00171	0.04100	0.00127	0.95602
88	387	G	0.00055	0.00005	0.99925	0.00016
88	388	A	0.99935	0.00004	0.00043	0.00018
88	389	T	0.00029	0.00232	0.00020	0.99719
88	390	C	0.00004	0.99850	0.00004	0.00142
88	391	T	0.00029	0.00232	0.00020	0.99719
88	392	T	0.00029	0.00232	0.00020	0.99719
88	393	G	0.02490	0.09941	0.82539	0.05030
88	394	T	0.18895	0.31979	0.04248	0.44878
88	395	A	0.87981	0.01108	0.03640	0.07272
88	396	G	0.32201	0.09808	0.48845	0.09146
88	397	G	0.15491	0.00101	0.84001	0.00407
88	398	A	0.92294	0.00121	0.07080	0.00505
88	399	A	0.82885	0.00189	0.16166	0.00760
88	400	G	0.00055	0.00005	0.99925	0.00016
88	401	G	0.00055	0.00005	0.99925	0.00016
88	402	G	0.00055	0.00005	0.99925	0.00016
88	403	T	0.00029	0.00232	0.00020	0.99719
88	404	A	0.99935	0.00004	0.00043	0.00018
88	405	G	0.00055	0.00005	0.99925	0.00016
88	406	G	0.00055	0.00005	0.99925	0.00016
88	407	C	0.00004	0.99850	0.00004	0.00142
88	408	T	0.00029	0.00232	0.00020	0.99719
88	409	A	0.99935	0.00004	0.00043	0.00018
88	410	C	0.00004	0.99850	0.00004	0.00142
88	411	G	0.00055	0.00005	0.99925	0.00016
88	412	G	0.00055	0.00005	0.99925	0.00016
88	413	G	0.00055	0.00005	0.99925	0.00016
88	414	T	0.00029	0.00232	0.00020	0.99719
88	415	G	0.00055	0.00005	0.99925	0.00016
88	416	A	0.99935	0.00004	0.00043	0.00018
88	417	A	0.99935	0.00004	0.00043	0.00018
88	418	A	0.99935	0.00004	0.00043	0.00018
88	419	C	0.00004	0.99850	0.00004	0.00142
88	420	C	0.00004	0.99850	0.00004	0.00142
88	421	C	0.00011	0.99586	0.00010	0.00392
88	422	T	0.00749	0.26176	0.00479	0.72595
88	423	T	0.00320	0.24715	0.00250	0.74714
88	424	C	0.00100	0.82275	0.00084	0.17541
88	425	A	0.99953	0.00003	0.00031	0.00013
88	426	G	0.01514	0.00501	0.94704	0.03281
88	427	G	0.05637	0.00148	0.93717	0.00498
88	428	T	0.00074	0.00723	0.00052	0.99152
88	429	T	0.00020	0.00153	0.00013	0.99814
88	430	A	0.99953	0.00003	0.00031	0.00013
88	431	A	0.99796	0.00011	0.00144	0.00049
88	432	T	0.00020	0.00153	0.00013	0.99814
88	433	A	0.99953	0.00003	0.00031	0.00013
88	434	C	0.00003	0.99895	0.00002	0.00100
88	435	T	0.00071	0.00673	0.00050	0.99206
88	436	C	0.00056	0.98426	0.00044	0.01474
88	437	A	0.99570	0.00063	0.00218	0.00150
88	438	T	0.00020	0.00153	0.00013	0.99814
88	439	A	0.99953	0.00003	0.00031	0.00013
88	440	T	0.00020	0.00153	0.00013	0.99814
88	441	T	0.00183	0.00854	0.00287	0.98676
88	442	G	0.00577	0.00044	0.99223	0.00155
88	443	A	0.99953	0.00003	0.00031	0.00013
88	444	G	0.00040	0.00003	0.99945	0.00012
88	445	A	0.99953	0.00003	0.00031	0.00013
88	446	G	0.00040	0.00003	0.99945	0.00012
88	447	A	0.99953	0.00003	0.00031	0.00013
88	448	T	0.00020	0.00153	0.00013	0.99814
88	449	A	0.99795	0.00011	0.00143	0.00051
88	450	C	0.00144	0.92045	0.00140	0.07671
88	451	C	0.06467	0.71706	0.01534	0.20293
88	452	T	0.00020	0.00153	0.00013	0.99814
88	453	C	0.00200	0.74733	0.00167	0.24900
88	454	T	0.00620	0.13542	0.00556	0.85282
88	455	G	0.03058	0.00076	0.96603	0.00264
88	456	G	0.10698	0.00268	0.87999	0.01036
88	457	T	0.00084	0.00556	0.00055	0.99305
88	458	A	0.99953	0.00003	0.00031	0.00013
88	459	G	0.00040	0.00003	0.99945	0.00012
88	460	G	0.00040	0.00003	0.99945	0.00012
88	461	T	0.00624	0.21774	0.00589	0.77013
88	462	T	0.00084	0.00594	0.00063	0.99259
88	463	A	0.99953	0.00003	0.00031	0.00013
88	464	A	0.99953	0.00003	0.00031	0.00013
88	465	B	0.03652	0.36029	0.25775	0.34545
88	466	G	0.00174	0.00013	0.99768	0.00044
88	467	T	0.00183	0.00854	0.00287	0.98676
88	468	T	0.00096	0.01542	0.00069	0.98293
88	469	G	0.00165	0.00013	0.99779	0.00043
88	470	G	0.00184	0.00034	0.99710	0.00072
88	471	C	0.00066	0.96397	0.00058	0.03479
88	472	G	0.00040	0.00003	0.99945	0.00012
88	473	G	0.00040	0.00003	0.99945	0.00012
88	474	A	0.99935	0.00004	0.00043	0.00018
88	475	T	0.00020	0.00153	0.00013	0.99814
88	476	A	0.99953	0.00003	0.00031	0.00013
88	477	A	0.99379	0.00045	0.00368	0.00208
88	478	T	0.05152	0.04717	0.11865	0.78266
88	479	G	0.00040	0.00003	0.99945	0.00012
88	480	T	0.03679	0.22211	0.26369	0.47741
88	481	T	0.00020	0.00153	0.00013	0.99814
88	482	G	0.00040	0.00003	0.99945	0.00012
88	483	A	0.99813	0.00012	0.00119	0.00057
88	484	G	0.00040	0.00003	0.99945	0.00012
88	485	T	0.03376	0.08126	0.03102	0.85395
88	486	T	0.05523	0.12189	0.05214	0.77074
88	487	C	0.03216	0.79415	0.03338	0.14030
88	488	T	0.00108	0.00612	0.00065	0.99215
88	489	T	0.00103	0.00670	0.00087	0.99140
88	490	T	0.00123	0.00628	0.00068	0.99181
88	491	A	0.79851	0.06583	0.02802	0.10764
88	492	A	0.99810	0.00012	0.00120	0.00057
88	493	C	0.00343	0.95203	0.00392	0.04062
88	494	G	0.00040	0.00003	0.99945	0.00012
88	495	A	0.99953	0.00003	0.00031	0.00013
88	496	C	0.00003	0.99895	0.00002	0.00100
88	497	A	0.99935	0.00004	0.00043	0.00018
88	498	A	0.99796	0.00011	0.00144	0.00049
88	499	A	0.79792	0.01589	0.02620	0.15998
88	500	A	0.99953	0.00003	0.00031	0.00013
88	501	A	0.99813	0.00012	0.00119	0.00057
88	502	A	0.39132	0.24362	0.24536	0.11970
88	503	C	0.00003	0.99895	0.00002	0.00100
88	504	A	0.70858	0.11359	0.03280	0.14502
88	505	T	0.00020	0.00153	0.00013	0.99814
88	506	T	0.00020	0.00153	0.00013	0.99814
88	507	C	0.00003	0.99895	0.00002	0.00100
88	508	A	0.99953	0.00003	0.00031	0.00013
88	509	A	0.99953	0.00003	0.00031	0.00013
88	510	C	0.00003	0.99895	0.00002	0.00100
88	511	G	0.02524	0.00063	0.97195	0.00219
88	512	C	0.00021	0.99402	0.00034	0.00542
88	513	C	0.00011	0.99606	0.00010	0.00373
88	514	T	0.00183	0.00854	0.00287	0.98676
88	515	G	0.00040	0.00003	0.99945	0.00012
88	516	T	0.00117	0.00628	0.00068	0.99188
88	517	G	0.00040	0.00003	0.99945	0.00012
88	518	G	0.00040	0.00003	0.99945	0.00012
88	519	A	0.96782	0.00396	0.01742	0.01081
88	520	G	0.18921	0.00984	0.78029	0.02065
88	521	C	0.00011	0.99586	0.00010	0.00392
88	522	G	0.24588	0.23959	0.39822	0.11631
88	523	A	0.87733	0.00232	0.11140	0.00895
88	524	A	0.86470	0.00308	0.12136	0.01086
88	525	C	0.00318	0.65341	0.00262	0.34079
88	526	C	0.00003	0.99895	0.00002	0.00100
88	527	T	0.00020	0.00153	0.00013	0.99814
88	528	C	0.00003	0.99895	0.00002	0.00100
88	529	A	0.99953	0.00003	0.00031	0.00013
88	530	C	0.00425	0.84448	0.00281	0.14846
88	531	C	0.00076	0.96124	0.00069	0.03731
88	532	A	0.91132	0.00253	0.07721	0.00893
88	533	G	0.28021	0.00160	0.71203	0.00616
88	534	C	0.01376	0.62470	0.04243	0.31911
88	535	T	0.22564	0.05318	0.02375	0.69744
88	536	D	0.30323	0.07877	0.30528	0.31272
88	537	C	0.03671	0.74937	0.11779	0.09613
88	538	A	0.99953	0.00003	0.00031	0.00013
88	539	T	0.00020	0.00153	0.00013	0.99814
88	540	G	0.00040	0.00003	0.99945	0.00012
88	541	C	0.00003	0.99895	0.00002	0.00100
88	542	T	0.01325	0.15783	0.01127	0.81765
88	543	T	0.00020	0.00153	0.00013	0.99814
88	544	T	0.00123	0.00628	0.00068	0.99181
88	545	G	0.07504	0.13826	0.50627	0.28044
88	546	A	0.56184	0.00521	0.41102	0.02193
88	547	R	0.37055	0.02214	0.46315	0.14416
88	548	G	0.20293	0.00309	0.78298	0.01099
88	549	G	0.17559	0.05661	0.51519	0.25261
88	550	C	0.00758	0.88812	0.04385	0.06045
88	551	R	0.35423	0.19476	0.29380	0.15720
88	552	A	0.89688	0.01778	0.01558	0.06977
88	553	A	0.90862	0.00626	0.01381	0.07131
88	554	G	0.01019	0.00236	0.98067	0.00678
88	555	T	0.00020	0.00153	0.00013	0.99814
88	556	G	0.00040	0.00003	0.99945	0.00012
88	557	C	0.00432	0.78613	0.00431	0.20524
88	558	G	0.00040	0.00003	0.99945	0.00012
88	559	C	0.05715	0.75991	0.03223	0.15071
88	560	T	0.00020	0.00153	0.00013	0.99814
88	561	A	0.98305	0.00156	0.00947	0.00591
88	562	G	0.00174	0.00013	0.99768	0.00044
88	563	G	0.00040	0.00003	0.99945	0.00012
88	564	G	0.03571	0.01047	0.93215	0.02167
88	565	C	0.04874	0.72146	0.05162	0.17818
88	566	C	0.04874	0.72146	0.05162	0.17818
88	567	T	0.11818	0.19238	0.11882	0.57061
88	568	G	0.05149	0.00100	0.94384	0.00367
88	569	T	0.03578	0.10500	0.15513	0.70409
88	570	C	0.00056	0.96898	0.00050	0.02996
88	571	T	0.00437	0.03083	0.00682	0.95798
88	572	T	0.00506	0.17509	0.00308	0.81677
88	573	T	0.04706	0.31471	0.11049	0.52774
88	574	A	0.94582	0.00428	0.01626	0.03364
88	575	T	0.17740	0.02873	0.03658	0.75728
88	576	T	0.02959	0.33484	0.01075	0.62482
88	577	G	0.03557	0.01675	0.83996	0.10771
88	578	G	0.00849	0.01423	0.96712	0.01016
88	579	A	0.99628	0.00018	0.00276	0.00079
88	580	G	0.04293	0.00099	0.95260	0.00348
88	581	A	0.99420	0.00054	0.00332	0.00194
88	582	T	0.00212	0.00928	0.00166	0.98694
88	583	G	0.01731	0.00412	0.96631	0.01226
88	584	C	0.00085	0.98641	0.00085	0.01189
88	585	T	0.00314	0.01364	0.00247	0.98075
88	586	A	0.44703	0.11373	0.12603	0.31321
88	587	T	0.01089	0.15216	0.00916	0.82778
88	588	A	0.57466	0.04558	0.28610	0.09366
88	589	G	0.00513	0.00032	0.99349	0.00106
88	590	T	0.00403	0.02574	0.00407	0.96615
88	591	G	0.01077	0.00053	0.98692	0.00178
88	592	G	0.00059	0.00005	0.99919	0.00017
88	593	A	0.79346	0.00240	0.19473	0.00941
88	594	A	0.74005	0.05025	0.11144	0.09826
88	595	G	0.10029	0.04790	0.76684	0.08497
88	596	C	0.04874	0.72146	0.05162	0.17818
88	597	T	0.07233	0.13523	0.06950	0.72294
88	598	A	0.74005	0.05025	0.11144	0.09826
88	599	A	0.49859	0.02206	0.24852	0.23083
88	600	G	0.00249	0.00026	0.99634	0.00091
88	601	G	0.10203	0.00456	0.87285	0.02056
88	602	T	0.09805	0.09349	0.13549	0.67297
88	603	R	0.43225	0.00491	0.54307	0.01978
88	604	C	0.00004	0.99839	0.00004	0.00152
88	605	C	0.00060	0.95030	0.00053	0.04857
88	606	C	0.00016	0.99453	0.00015	0.00516
88	607	T	0.00143	0.00945	0.00112	0.98801
88	608	C	0.00004	0.99839	0.00004	0.00152
88	609	C	0.00004	0.99839	0.00004	0.00152
88	610	C	0.00047	0.99075	0.00032	0.00846
88	611	T	0.00570	0.16736	0.00458	0.82236
88	612	G	0.06282	0.00874	0.89833	0.03011
88	613	G	0.01992	0.00677	0.93658	0.03672
88	614	A	0.99727	0.00016	0.00186	0.00071
88	615	A	0.99580	0.00041	0.00243	0.00136
88	616	A	0.93072	0.00127	0.06277	0.00525
88	617	G	0.01544	0.03765	0.92603	0.02088
88	618	G	0.12583	0.00209	0.86466	0.00742
88	619	G	0.07870	0.03516	0.82145	0.06469
88	620	G	0.07870	0.03516	0.82145	0.06469
88	621	T	0.00106	0.00712	0.00076	0.99106
88	622	T	0.00404	0.27179	0.00319	0.72098
88	623	G	0.00711	0.00100	0.98825	0.00364
88	624	T	0.00734	0.01515	0.02921	0.94831
88	625	A	0.99589	0.00039	0.00240	0.00133
88	626	G	0.00058	0.00005	0.99920	0.00017
88	627	G	0.00058	0.00005	0.99920	0.00017
88	628	G	0.00040	0.00003	0.99945	0.00012
88	629	G	0.00040	0.00003	0.99945	0.00012
88	630	T	0.00020	0.00153	0.00013	0.99814
88	631	A	0.99953	0.00003	0.00031	0.00013
88	632	G	0.03883	0.01189	0.92512	0.02416
88	633	C	0.00885	0.80751	0.00380	0.17984
88	634	T	0.00020	0.00153	0.00013	0.99814
88	635	C	0.00003	0.99895	0.00002	0.00100
88	636	A	0.99953	0.00003	0.00031	0.00013
88	637	G	0.00040	0.00003	0.99945	0.00012
88	638	G	0.00040	0.00003	0.99945	0.00012
88	639	T	0.01293	0.01756	0.13389	0.83562
88	640	G	0.00040	0.00003	0.99945	0.00012
88	641	C	0.00009	0.99667	0.00009	0.00316
88	642	A	0.99953	0.00003	0.00031	0.00013
88	643	T	0.00560	0.19496	0.00912	0.79032
88	644	T	0.00020	0.00153	0.00013	0.99814
88	645	T	0.00020	0.00153	0.00013	0.99814
88	646	A	0.99953	0.00003	0.00031	0.00013
88	647	G	0.00040	0.00003	0.99945	0.00012
88	648	G	0.00040	0.00003	0.99945	0.00012
88	649	T	0.01209	0.04174	0.01023	0.93594
88	650	T	0.01209	0.04174	0.01023	0.93594
88	651	T	0.00063	0.00537	0.00044	0.99357
88	652	T	0.00020	0.00153	0.00013	0.99814
88	653	T	0.00020	0.00153	0.00013	0.99814
88	654	C	0.00003	0.99895	0.00002	0.00100
88	655	C	0.00003	0.99895	0.00002	0.00100
88	656	A	0.99805	0.00012	0.00123	0.00060
88	657	C	0.00003	0.99895	0.00002	0.00100
88	658	A	0.99953	0.00003	0.00031	0.00013
88	659	T	0.06160	0.07164	0.01283	0.85393
88	660	T	0.00020	0.00153	0.00013	0.99814
88	661	T	0.00252	0.12037	0.00193	0.87518
88	662	A	0.66429	0.02639	0.04544	0.26387
88	663	A	0.98393	0.00310	0.00627	0.00669
88	664	A	0.91669	0.00709	0.02693	0.04929
88	665	A	0.99953	0.00003	0.00031	0.00013
88	666	G	0.32080	0.01921	0.53662	0.12337
88	667	A	0.87205	0.01086	0.02202	0.09507
88	668	T	0.20784	0.04790	0.06201	0.68224
88	669	T	0.26995	0.08893	0.12561	0.51552
88	670	T	0.02690	0.15199	0.00795	0.81316
88	671	A	0.89039	0.00810	0.01754	0.08398
88	672	T	0.05594	0.10914	0.05291	0.78201
88	673	C	0.03574	0.78256	0.03790	0.14380
88	674	A	0.99953	0.00003	0.00031	0.00013
88	675	T	0.00020	0.00153	0.00013	0.99814
88	676	G	0.00060	0.00005	0.99917	0.00018
96	1	G	0.14462	0.08103	0.64157	0.13277
96	2	G	0.11453	0.08900	0.52249	0.27398
96	3	T	0.01173	0.04222	0.00995	0.93610
96	4	T	0.01173	0.04222	0.00995	0.93610
96	5	T	0.00223	0.01299	0.00170	0.98308
96	6	Y	0.00993	0.48487	0.00840	0.49681
96	7	C	0.00935	0.55935	0.00799	0.42332
96	8	C	0.00041	0.99104	0.00039	0.00817
96	9	C	0.00846	0.93077	0.00530	0.05547
96	10	G	0.02561	0.00193	0.96707	0.00539
96	11	G	0.03301	0.04686	0.88043	0.03971
96	12	A	0.87484	0.04737	0.03138	0.04640
96	13	C	0.01838	0.81724	0.06674	0.09764
96	14	T	0.00809	0.22473	0.00658	0.76060
96	15	C	0.00041	0.99104	0.00039	0.00817
96	16	C	0.00202	0.95221	0.00186	0.04391
96	17	C	0.00249	0.93691	0.00227	0.05832
96	18	C	0.00424	0.83007	0.00370	0.16198
96	19	G	0.15647	0.09217	0.60373	0.14763
96	20	A	0.56705	0.09620	0.17386	0.16289
96	21	C	0.09331	0.55165	0.09934	0.25570
96	22	G	0.15647	0.09217	0.60373	0.14763
96	23	T	0.04541	0.31612	0.04267	0.59580
96	24	C	0.01484	0.88101	0.01509	0.08905
96	25	T	0.00812	0.22487	0.00672	0.76028
96	26	T	0.00223	0.01299	0.00170	0.98308
96	27	T	0.00223	0.01299	0.00170	0.98308
96	28	G	0.01978	0.00728	0.95990	0.01305
96	29	G	0.02561	0.00193	0.96707	0.00539
96	30	A	0.96517	0.00199	0.02639	0.00645
96	31	T	0.17487	0.32340	0.04057	0.46116
96	32	G	0.03660	0.00234	0.95447	0.00659
96	33	Y	0.05127	0.51513	0.02509	0.40851
96	34	C	0.00041	0.99104	0.00039	0.00817
96	35	C	0.00041	0.99104	0.00039	0.00817
96	36	A	0.84851	0.01432	0.08458	0.05259
96	37	T	0.01630	0.04738	0.02181	0.91451
96	38	G	0.25451	0.01773	0.67141	0.05636
96	39	G	0.01978	0.00728	0.95990	0.01305
96	40	T	0.00223	0.01299	0.00170	0.98308
96	41	G	0.02561	0.00193	0.96707	0.00539
96	42	M	0.27527	0.38119	0.14650	0.19704
96	43	G	0.02561	0.00193	0.96707	0.00539
96	44	G	0.00303	0.00037	0.99558	0.00103
96	45	G	0.00137	0.00014	0.99806	0.00043
96	46	G	0.00137	0.00014	0.99806	0.00043
96	47	G	0.14772	0.00619	0.82401	0.02208
96	48	T	0.06656	0.25864	0.02063	0.65417
96	49	G	0.28669	0.02389	0.51660	0.17281
96	50	T	0.00085	0.00578	0.00061	0.99276
96	51	A	0.92402	0.00140	0.06917	0.00541
96	52	A	0.99823	0.00012	0.00115	0.00050
96	53	A	0.98676	0.00140	0.00743	0.00441
96	54	T	0.10900	0.18283	0.10860	0.59957
96	55	T	0.00223	0.01299	0.00170	0.98308
96	56	A	0.99566	0.00035	0.00276	0.00123
96	57	C	0.00013	0.99612	0.00013	0.00362
96	58	C	0.00053	0.98527	0.00049	0.01371
96	59	T	0.05138	0.12032	0.17741	0.65090
96	60	C	0.00053	0.98527	0.00049	0.01371
96	61	A	0.99165	0.00051	0.00588	0.00196
96	62	C	0.00099	0.97905	0.00112	0.01885
96	63	C	0.00561	0.82776	0.00593	0.16070
96	64	C	0.14143	0.51469	0.17378	0.17010
96	65	C	0.00063	0.98097	0.00058	0.01782
96	66	C	0.00013	0.99612	0.00013	0.00362
96	67	G	0.01667	0.00562	0.94314	0.03457
96	68	T	0.00085	0.00578	0.00061	0.99276
96	69	T	0.00085	0.00578	0.00061	0.99276
96	70	A	0.71766	0.05559	0.12016	0.10659
96	71	G	0.10813	0.05299	0.74614	0.09274
96	72	C	0.05392	0.69891	0.05711	0.19007
96	73	T	0.07847	0.14425	0.07586	0.70142
96	74	G	0.10813	0.05299	0.74614	0.09274
96	75	T	0.00085	0.00578	0.00061	0.99276
96	76	G	0.01667	0.00562	0.94314	0.03457
96	77	C	0.00013	0.99612	0.00013	0.00362
96	78	C	0.00013	0.99612	0.00013	0.00362
96	79	G	0.04452	0.02250	0.79585	0.13713
96	80	A	0.89686	0.01068	0.02342	0.06905
96	81	G	0.00137	0.00014	0.99806	0.00043
96	82	G	0.00897	0.00061	0.98854	0.00188
96	83	G	0.05607	0.15105	0.59106	0.20182
96	84	T	0.00263	0.02293	0.00196	0.97248
96	85	A	0.80754	0.01520	0.02297	0.15429
96	86	T	0.12527	0.04524	0.02197	0.80752
96	87	C	0.14871	0.68751	0.02588	0.13790
96	88	G	0.00137	0.00014	0.99806	0.00043
96	89	G	0.00137	0.00014	0.99806	0.00043
96	90	A	0.71766	0.05559	0.12016	0.10659
96	91	A	0.71766	0.05559	0.12016	0.10659
96	92	C	0.05392	0.69891	0.05711	0.19007
96	93	C	0.00008	0.99744	0.00008	0.00241
96	94	T	0.00052	0.00368	0.00037	0.99542
96	95	A	0.97688	0.00224	0.01444	0.00644
96	96	A	0.48984	0.19039	0.03938	0.28039
96	97	A	0.94974	0.01801	0.01360	0.01865
96	98	T	0.00085	0.00578	0.00061	0.99276
96	99	G	0.30151	0.03704	0.47470	0.18675
96	100	T	0.00178	0.01070	0.00133	0.98619
96	101	T	0.03681	0.07165	0.06139	0.83015
96	102	T	0.01668	0.35605	0.01465	0.61262
96	103	C	0.04389	0.64594	0.15292	0.15725
96	104	T	0.01668	0.35605	0.01465	0.61262
96	105	T	0.01754	0.05483	0.01504	0.91259
96	106	T	0.00084	0.00574	0.00061	0.99280
96	107	T	0.00052	0.00368	0.00037	0.99542
96	108	T	0.00724	0.14291	0.00492	0.84493
96	109	T	0.00052	0.00368	0.00037	0.99542
96	110	G	0.00416	0.00037	0.99434	0.00113
96	111	Y	0.04904	0.33669	0.19412	0.42015
96	112	Y	0.15262	0.35955	0.03381	0.45402
96	113	T	0.00224	0.02292	0.00167	0.97318
96	114	G	0.01861	0.00151	0.97515	0.00473
96	115	T	0.00052	0.00368	0.00037	0.99542
96	116	A	0.99087	0.00092	0.00513	0.00308
96	117	A	0.97346	0.00263	0.01586	0.00806
96	118	A	0.96520	0.00311	0.02234	0.00934
96	119	T	0.00329	0.01349	0.00262	0.98060
96	120	A	0.90542	0.00895	0.05925	0.02637
96	121	T	0.09890	0.07666	0.03227	0.79217
96	122	T	0.05448	0.14258	0.12225	0.68069
96	123	A	0.97346	0.00263	0.01586	0.00806
96	124	A	0.96405	0.00529	0.01794	0.01273
96	125	T	0.00329	0.01349	0.00262	0.98060
96	126	T	0.01779	0.05424	0.01926	0.90871
96	127	C	0.00401	0.94241	0.00393	0.04966
96	128	C	0.00134	0.98076	0.00134	0.01656
96	129	T	0.01130	0.06187	0.00936	0.91746
96	130	G	0.00731	0.00137	0.98784	0.00348
96	131	C	0.00401	0.94241	0.00393	0.04966
96	132	A	0.94948	0.00742	0.02502	0.01808
96	133	G	0.03727	0.05024	0.86163	0.05086
96	134	G	0.01667	0.00562	0.94314	0.03457
96	135	T	0.01543	0.03050	0.05103	0.90304
96	136	T	0.00263	0.02293	0.00196	0.97248
96	137	C	0.00013	0.99612	0.00013	0.00362
96	138	A	0.99165	0.00051	0.00588	0.00196
96	139	G	0.00137	0.00014	0.99806	0.00043
96	140	G	0.03882	0.06314	0.84569	0.05235
96	141	T	0.05208	0.06071	0.12158	0.76563
96	142	T	0.00615	0.21165	0.00490	0.77730
96	143	T	0.00085	0.00578	0.00061	0.99276
96	144	C	0.02596	0.91627	0.00619	0.05158
96	145	T	0.00085	0.00578	0.00061	0.99276
96	146	T	0.02379	0.04441	0.07095	0.86085
96	147	G	0.33478	0.02899	0.47026	0.16597
96	148	A	0.90844	0.00230	0.08096	0.00830
96	149	A	0.92121	0.00788	0.01969	0.05121
96	150	T	0.01565	0.03034	0.05165	0.90236
96	151	C	0.00648	0.82441	0.00762	0.16149
96	152	T	0.21301	0.05645	0.03283	0.69771
96	153	G	0.05148	0.13105	0.61988	0.19759
96	154	G	0.04223	0.01834	0.84393	0.09550
96	155	T	0.01867	0.07148	0.00925	0.90059
96	156	C	0.00431	0.80387	0.00373	0.18809
96	157	C	0.00015	0.99563	0.00014	0.00408
96	158	T	0.25501	0.23911	0.04359	0.46229
96	159	C	0.00083	0.97601	0.00076	0.02240
96	160	T	0.04730	0.06513	0.20407	0.68350
96	161	T	0.12002	0.18964	0.02781	0.66253
96	162	T	0.00091	0.00607	0.00065	0.99237
96	163	A	0.99793	0.00014	0.00134	0.00059
96	164	G	0.16499	0.00374	0.81907	0.01220
96	165	G	0.04206	0.01864	0.86201	0.07729
96	166	G	0.16499	0.00374	0.81907	0.01220
96	167	G	0.14562	0.00927	0.82392	0.02120
96	168	C	0.00015	0.99563	0.00014	0.00408
96	169	A	0.99793	0.00014	0.00134	0.00059
96	170	C	0.00083	0.97601	0.00076	0.02240
96	171	T	0.00091	0.00607	0.00065	0.99237
96	172	C	0.00204	0.97235	0.00134	0.02428
96	173	A	0.82081	0.01846	0.03424	0.12650
96	174	T	0.00784	0.29807	0.00634	0.68775
96	175	T	0.00372	0.03896	0.00281	0.95451
96	176	T	0.00091	0.00607	0.00065	0.99237
96	177	T	0.02592	0.05754	0.02377	0.89277
96	178	T	0.02592	0.05754	0.02377	0.89277
96	179	T	0.05273	0.27517	0.05012	0.62197
96	180	C	0.03965	0.66740	0.04039	0.25256
96	181	C	0.01453	0.89895	0.01543	0.07109
96	182	C	0.03965	0.66740	0.04039	0.25256
96	183	T	0.06273	0.10146	0.04685	0.78896
96	184	G	0.03927	0.01541	0.91506	0.03026
96	185	G	0.21230	0.03849	0.67422	0.07498
96	186	G	0.07239	0.03400	0.83378	0.05983
96	187	Y	0.07486	0.40844	0.11358	0.40311
96	188	C	0.01453	0.89895	0.01543	0.07109
96	189	C	0.08221	0.58956	0.08733	0.24090
96	190	A	0.60647	0.08476	0.16070	0.14807
96	191	G	0.14462	0.08103	0.64157	0.13277
96	192	A	0.60647	0.08476	0.16070	0.14807
96	193	M	0.36588	0.26270	0.14368	0.22774
96	194	W	0.30859	0.14415	0.13571	0.41154
96	195	T	0.06993	0.18743	0.07873	0.66391
96	196	T	0.04409	0.16017	0.04134	0.75440
96	197	C	0.03551	0.60494	0.03538	0.32417
96	198	T	0.05201	0.10439	0.05912	0.78448
96	199	T	0.24294	0.21570	0.09734	0.44402
96	200	T	0.12255	0.13500	0.12244	0.62001
96	201	G	0.07392	0.03311	0.82238	0.07058
96	202	G	0.07666	0.02565	0.84804	0.04965
96	203	C	0.03064	0.79718	0.03595	0.13624
96	204	C	0.03965	0.66740	0.04039	0.25256
96	205	C	0.02431	0.82433	0.02547	0.12589
96	206	T	0.04409	0.16017	0.04134	0.75440
96	207	T	0.05748	0.09687	0.04421	0.80144
96	208	T	0.07621	0.18101	0.10551	0.63728
96	209	T	0.00329	0.01349	0.00262	0.98060
96	210	T	0.00329	0.01349	0.00262	0.98060
96	211	C	0.00330	0.94966	0.00323	0.04382
96	212	C	0.08928	0.71804	0.02296	0.16973
96	213	C	0.10031	0.71140	0.02360	0.16469
96	214	G	0.04048	0.14026	0.73168	0.08757
96	215	C	0.00248	0.88977	0.00217	0.10558
96	216	T	0.03075	0.05860	0.10115	0.80950
96	217	T	0.00681	0.20028	0.00541	0.78750
96	218	W	0.35159	0.05243	0.22652	0.36946
96	219	C	0.00030	0.99134	0.00028	0.00808
96	220	T	0.00162	0.01330	0.00118	0.98391
96	221	A	0.53573	0.02726	0.26907	0.16794
96	222	T	0.00052	0.00368	0.00037	0.99542
96	223	C	0.00030	0.99134	0.00028	0.00808
96	224	A	0.94893	0.00378	0.00947	0.03782
96	225	T	0.00162	0.01330	0.00118	0.98391
96	226	Y	0.00503	0.46866	0.00413	0.52218
96	227	T	0.00535	0.40794	0.00439	0.58232
96	228	T	0.00195	0.01696	0.00144	0.97965
96	229	T	0.01196	0.03812	0.00962	0.94030
96	230	T	0.00646	0.18493	0.00522	0.80340
96	231	T	0.07847	0.14425	0.07586	0.70142
96	232	C	0.05392	0.69891	0.05711	0.19007
96	233	T	0.01354	0.32091	0.00936	0.65618
96	234	T	0.00052	0.00368	0.00037	0.99542
96	235	C	0.00221	0.75549	0.00187	0.24043
96	236	C	0.00008	0.99744	0.00008	0.00241
96	237	C	0.02598	0.92798	0.00493	0.04110
96	238	G	0.02865	0.03146	0.91114	0.02875
96	239	G	0.00096	0.00009	0.99864	0.00030
96	240	G	0.00096	0.00009	0.99864	0.00030
96	241	C	0.00100	0.93327	0.00088	0.06486
96	242	T	0.00052	0.00368	0.00037	0.99542
96	243	C	0.00008	0.99744	0.00008	0.00241
96	244	T	0.00052	0.00368	0.00037	0.99542
96	245	C	0.00008	0.99744	0.00008	0.00241
96	246	A	0.88904	0.03975	0.03164	0.03956
96	247	C	0.01574	0.80146	0.05480	0.12800
96	248	C	0.00530	0.94569	0.00435	0.04466
96	249	T	0.26280	0.04422	0.03738	0.65560
96	250	T	0.00052	0.00368	0.00037	0.99542
96	251	G	0.05154	0.00104	0.94376	0.00367
96	252	C	0.00008	0.99744	0.00008	0.00241
96	253	C	0.00008	0.99744	0.00008	0.00241
96	254	A	0.50360	0.10507	0.29559	0.09574
96	255	A	0.58506	0.01818	0.23272	0.16404
96	256	A	0.75387	0.02440	0.02982	0.19192
96	257	G	0.00096	0.00009	0.99864	0.00030
96	258	G	0.00567	0.00098	0.98923	0.00411
96	259	C	0.02509	0.76397	0.00924	0.20170
96	260	T	0.29106	0.18979	0.09944	0.41971
96	261	C	0.00008	0.99744	0.00008	0.00241
96	262	T	0.00653	0.02833	0.00529	0.95984
96	263	G	0.00096	0.00009	0.99864	0.00030
96	264	G	0.20713	0.00171	0.78475	0.00640
96	265	C	0.00008	0.99744	0.00008	0.00241
96	266	C	0.00008	0.99744	0.00008	0.00241
96	267	G	0.00364	0.00033	0.99500	0.00103
96	268	T	0.14492	0.08519	0.12002	0.64987
96	269	T	0.00052	0.00368	0.00037	0.99542
96	270	G	0.00096	0.00009	0.99864	0.00030
96	271	C	0.00008	0.99744	0.00008	0.00241
96	272	G	0.00096	0.00009	0.99864	0.00030
96	273	C	0.00008	0.99744	0.00008	0.00241
96	274	C	0.00381	0.97261	0.00149	0.02208
96	275	C	0.00008	0.99744	0.00008	0.00241
96	276	G	0.00096	0.00009	0.99864	0.00030
96	277	G	0.04873	0.06575	0.77354	0.11197
96	278	C	0.00030	0.99134	0.00028	0.00808
96	279	G	0.00096	0.00009	0.99864	0.00030
96	280	G	0.00096	0.00009	0.99864	0.00030
96	281	G	0.00096	0.00009	0.99864	0.00030
96	282	G	0.00096	0.00009	0.99864	0.00030
96	283	T	0.00052	0.00368	0.00037	0.99542
96	284	C	0.00221	0.75549	0.00187	0.24043
96	285	A	0.99880	0.00008	0.00078	0.00034
96	286	A	0.99880	0.00008	0.00078	0.00034
96	287	C	0.00008	0.99744	0.00008	0.00241
96	288	T	0.00509	0.42558	0.00415	0.56518
96	289	C	0.00330	0.87308	0.00319	0.12043
96	290	C	0.25292	0.60323	0.02560	0.11825
96	291	A	0.79796	0.01309	0.14710	0.04185
96	292	T	0.01678	0.03952	0.01471	0.92899
96	293	G	0.00096	0.00009	0.99864	0.00030
96	294	A	0.98607	0.00051	0.01147	0.00195
96	295	T	0.00052	0.00368	0.00037	0.99542
96	296	T	0.00052	0.00368	0.00037	0.99542
96	297	A	0.99880	0.00008	0.00078	0.00034
96	298	G	0.00096	0.00009	0.99864	0.00030
96	299	C	0.00008	0.99744	0.00008	0.00241
96	300	A	0.97503	0.00364	0.01106	0.01026
96	301	T	0.03271	0.21629	0.02264	0.72835
96	302	G	0.03997	0.02496	0.73135	0.20372
96	303	G	0.08780	0.00323	0.89910	0.00987
96	304	A	0.67078	0.00304	0.31534	0.01084
