Node	Site	State 	p_A	p_C	p_G	p_T
73	1	C	0.04953	0.76904	0.05034	0.13110
73	2	C	0.04953	0.76904	0.05034	0.13110
73	3	C	0.04953	0.76904	0.05034	0.13110
73	4	C	0.04953	0.76904	0.05034	0.13110
73	5	C	0.04953	0.76904	0.05034	0.13110
73	6	G	0.09192	0.04918	0.80023	0.05867
73	7	C	0.04953	0.76904	0.05034	0.13110
73	8	G	0.09192	0.04918	0.80023	0.05867
73	9	G	0.09192	0.04918	0.80023	0.05867
73	10	T	0.06195	0.11297	0.05175	0.77333
73	11	A	0.76372	0.05430	0.10316	0.07883
73	12	A	0.76372	0.05430	0.10316	0.07883
73	13	C	0.04953	0.76904	0.05034	0.13110
73	14	T	0.06195	0.11297	0.05175	0.77333
73	15	G	0.09192	0.04918	0.80023	0.05867
73	16	G	0.09192	0.04918	0.80023	0.05867
73	17	C	0.00009	0.99912	0.00008	0.00070
73	18	C	0.00009	0.99867	0.00007	0.00116
73	19	T	0.00008	0.00037	0.00004	0.99951
73	20	T	0.00039	0.00102	0.00033	0.99826
73	21	G	0.00065	0.00026	0.99888	0.00021
73	22	C	0.00003	0.99961	0.00003	0.00033
73	23	C	0.00027	0.99847	0.00016	0.00110
73	24	G	0.00011	0.00001	0.99986	0.00002
73	25	C	0.00007	0.99879	0.00005	0.00109
73	26	T	0.00024	0.00174	0.00012	0.99790
73	27	T	0.00012	0.00056	0.00005	0.99927
73	28	G	0.00054	0.00014	0.99904	0.00028
73	29	T	0.00006	0.00028	0.00003	0.99964
73	30	T	0.00008	0.00037	0.00004	0.99951
73	31	C	0.00016	0.99869	0.00030	0.00085
73	32	A	0.99986	0.00001	0.00009	0.00003
73	33	C	0.00028	0.99874	0.00013	0.00085
73	34	A	0.99998	0.00000	0.00002	0.00000
73	35	C	0.00000	0.99996	0.00000	0.00004
73	36	C	0.00002	0.99975	0.00002	0.00020
73	37	C	0.00001	0.99979	0.00001	0.00020
73	38	C	0.12539	0.49765	0.13162	0.24535
73	39	C	0.12539	0.49765	0.13162	0.24535
73	40	C	0.12539	0.49765	0.13162	0.24535
73	41	A	0.99983	0.00001	0.00015	0.00002
73	42	T	0.00000	0.00002	0.00000	0.99998
73	43	A	0.91113	0.03728	0.03721	0.01438
73	44	C	0.00142	0.99659	0.00049	0.00150
73	45	A	0.99633	0.00025	0.00040	0.00303
73	46	T	0.00001	0.00006	0.00000	0.99993
73	47	T	0.00009	0.00268	0.00004	0.99719
73	48	T	0.00003	0.00012	0.00003	0.99981
73	49	A	0.99995	0.00000	0.00004	0.00001
73	50	A	0.99990	0.00001	0.00006	0.00002
73	51	T	0.00004	0.00023	0.00002	0.99971
73	52	T	0.00001	0.00008	0.00001	0.99990
73	53	C	0.00000	0.99999	0.00000	0.00001
73	54	G	0.00011	0.00002	0.99984	0.00003
73	55	G	0.00019	0.00001	0.99979	0.00001
73	56	C	0.00004	0.99939	0.00003	0.00055
73	57	C	0.00000	0.99999	0.00000	0.00001
73	58	C	0.00108	0.60651	0.00067	0.39174
73	59	C	0.00185	0.84341	0.00071	0.15403
73	60	C	0.00065	0.82678	0.00042	0.17215
73	61	T	0.00003	0.00016	0.00001	0.99980
73	62	G	0.00008	0.00000	0.99991	0.00001
73	63	T	0.00001	0.00006	0.00000	0.99993
73	64	G	0.00003	0.00000	0.99997	0.00000
73	65	A	0.99639	0.00038	0.00089	0.00234
73	66	C	0.00003	0.99839	0.00002	0.00156
73	67	A	0.99929	0.00001	0.00067	0.00003
73	68	A	0.99998	0.00000	0.00002	0.00000
73	69	G	0.00006	0.00000	0.99993	0.00001
73	70	C	0.00000	0.99996	0.00000	0.00003
73	71	C	0.00006	0.99843	0.00005	0.00145
73	72	C	0.00011	0.99854	0.00010	0.00125
73	73	C	0.00009	0.99825	0.00007	0.00159
73	74	T	0.00005	0.00129	0.00002	0.99863
73	75	C	0.00001	0.99984	0.00001	0.00014
73	76	G	0.00075	0.00039	0.99849	0.00037
73	77	G	0.00143	0.00014	0.99825	0.00019
73	78	T	0.00026	0.00158	0.00015	0.99801
73	79	G	0.00022	0.00033	0.99934	0.00010
73	80	A	0.99953	0.00014	0.00019	0.00014
73	81	A	0.99937	0.00006	0.00041	0.00016
73	82	A	0.99826	0.00032	0.00088	0.00055
73	83	G	0.00119	0.00016	0.99841	0.00023
73	84	A	0.63834	0.00840	0.34697	0.00629
73	85	A	0.99980	0.00002	0.00014	0.00005
73	86	C	0.00004	0.99948	0.00003	0.00046
73	87	C	0.00001	0.99990	0.00001	0.00009
73	88	T	0.00008	0.00068	0.00004	0.99920
73	89	C	0.00000	0.99994	0.00000	0.00005
73	90	T	0.00025	0.00138	0.00012	0.99825
73	91	C	0.00005	0.99925	0.00004	0.00066
73	92	T	0.00007	0.00043	0.00003	0.99946
73	93	C	0.00005	0.99893	0.00004	0.00098
73	94	T	0.00021	0.00086	0.00011	0.99882
73	95	T	0.00025	0.00138	0.00012	0.99825
73	96	T	0.00013	0.00100	0.00006	0.99881
73	97	Y	0.00149	0.48028	0.00094	0.51729
73	98	C	0.00005	0.99946	0.00005	0.00044
73	99	G	0.00042	0.00008	0.99940	0.00010
73	100	A	0.99929	0.00009	0.00042	0.00020
73	101	C	0.00009	0.99912	0.00008	0.00070
73	102	G	0.00011	0.00001	0.99986	0.00002
73	103	T	0.00004	0.00021	0.00002	0.99973
73	104	G	0.00011	0.00001	0.99986	0.00002
73	105	G	0.00011	0.00001	0.99986	0.00002
73	106	G	0.14837	0.09294	0.64795	0.11075
73	107	T	0.10525	0.17431	0.09537	0.62507
73	108	G	0.14837	0.09294	0.64795	0.11075
73	109	G	0.14837	0.09294	0.64795	0.11075
73	110	A	0.60545	0.09807	0.16321	0.13328
73	111	G	0.14837	0.09294	0.64795	0.11075
73	112	T	0.14284	0.17728	0.21322	0.46666
73	113	A	0.46726	0.13124	0.15927	0.24222
73	114	C	0.12678	0.45246	0.21102	0.20974
73	115	T	0.09626	0.28011	0.08769	0.53594
73	116	T	0.15603	0.22504	0.15484	0.46409
73	117	A	0.99984	0.00001	0.00013	0.00002
73	118	C	0.00000	0.99998	0.00000	0.00002
73	119	G	0.00009	0.00000	0.99991	0.00000
73	120	A	1.00000	0.00000	0.00000	0.00000
73	121	A	0.99984	0.00002	0.00011	0.00004
73	122	A	0.99985	0.00001	0.00012	0.00002
73	123	G	0.00138	0.00058	0.99783	0.00021
73	124	T	0.00000	0.00002	0.00000	0.99998
73	125	G	0.00103	0.00002	0.99891	0.00003
73	126	C	0.00001	0.99975	0.00000	0.00024
73	127	T	0.00009	0.00631	0.00004	0.99356
73	128	A	0.99999	0.00000	0.00001	0.00000
73	129	T	0.00001	0.00025	0.00000	0.99974
73	130	C	0.00013	0.94863	0.00008	0.05116
73	131	A	0.99985	0.00000	0.00014	0.00001
73	132	T	0.00003	0.00031	0.00001	0.99965
73	133	G	0.00000	0.00000	1.00000	0.00000
73	134	C	0.00000	0.99999	0.00000	0.00001
73	135	C	0.00000	0.99990	0.00000	0.00009
73	136	T	0.00000	0.00003	0.00000	0.99997
73	137	Y	0.14742	0.35930	0.15098	0.34230
73	138	T	0.16476	0.23129	0.16596	0.43799
73	139	T	0.16476	0.23129	0.16596	0.43799
73	140	C	0.15281	0.41584	0.16294	0.26841
73	141	T	0.16476	0.23129	0.16596	0.43799
73	142	T	0.10525	0.17431	0.09537	0.62507
73	143	A	0.60545	0.09807	0.16321	0.13328
73	144	C	0.08973	0.61569	0.09263	0.20196
73	145	A	0.60545	0.09807	0.16321	0.13328
73	146	C	0.08973	0.61569	0.09263	0.20196
73	147	G	0.14837	0.09294	0.64795	0.11075
73	148	G	0.10542	0.05664	0.77006	0.06787
73	149	T	0.05996	0.12057	0.04993	0.76954
73	150	T	0.07985	0.15464	0.06968	0.69583
73	151	T	0.05636	0.10879	0.04658	0.78827
73	152	T	0.09726	0.17750	0.10277	0.62247
73	153	T	0.04215	0.08078	0.03378	0.84329
73	154	G	0.13138	0.12427	0.64041	0.10393
73	155	A	0.79240	0.04640	0.09284	0.06837
73	156	A	0.54751	0.10710	0.20017	0.14522
73	157	C	0.03197	0.84356	0.03233	0.09214
73	158	C	0.04338	0.79177	0.04386	0.12098
73	159	C	0.03197	0.84356	0.03233	0.09214
73	160	C	0.13195	0.47745	0.13901	0.25159
73	161	A	0.46021	0.14467	0.20960	0.18551
73	162	H	0.21517	0.27008	0.17774	0.33702
73	163	C	0.12314	0.46570	0.12543	0.28572
73	164	H	0.20916	0.28158	0.17828	0.33098
73	165	G	0.00000	0.00000	1.00000	0.00000
73	166	G	0.00001	0.00000	0.99999	0.00000
73	167	T	0.00001	0.00008	0.00000	0.99990
73	168	C	0.00000	0.99999	0.00000	0.00001
73	169	T	0.00013	0.00043	0.00010	0.99935
73	170	A	1.00000	0.00000	0.00000	0.00000
73	171	A	0.99999	0.00000	0.00001	0.00000
73	172	G	0.00000	0.00000	1.00000	0.00000
73	173	C	0.00000	0.99997	0.00000	0.00002
73	174	C	0.00000	1.00000	0.00000	0.00000
73	175	G	0.00000	0.00000	1.00000	0.00000
73	176	C	0.00000	1.00000	0.00000	0.00000
73	177	T	0.00000	0.00000	0.00000	1.00000
73	178	T	0.00001	0.00005	0.00000	0.99994
73	179	G	0.00001	0.00000	0.99999	0.00000
73	180	G	0.00002	0.00000	0.99998	0.00000
73	181	A	1.00000	0.00000	0.00000	0.00000
73	182	A	0.99999	0.00000	0.00001	0.00000
73	183	T	0.00000	0.00000	0.00000	1.00000
73	184	A	0.99999	0.00000	0.00000	0.00000
73	185	T	0.00412	0.00063	0.00017	0.99508
73	186	G	0.00001	0.00000	0.99999	0.00000
73	187	A	0.99998	0.00000	0.00002	0.00000
73	188	C	0.00000	0.99996	0.00000	0.00004
73	189	A	0.99977	0.00002	0.00016	0.00005
73	190	G	0.00002	0.00000	0.99998	0.00000
73	191	G	0.08874	0.04568	0.81103	0.05455
73	192	T	0.04412	0.08474	0.03539	0.83575
73	193	G	0.10369	0.10500	0.71119	0.08012
73	194	T	0.14698	0.17209	0.26682	0.41411
73	195	G	0.14090	0.08503	0.64468	0.12939
73	196	T	0.21390	0.23515	0.16133	0.38962
73	197	G	0.10655	0.05270	0.77726	0.06348
73	198	H	0.27332	0.35174	0.14763	0.22731
73	199	G	0.00007	0.00001	0.99991	0.00001
73	200	G	0.00008	0.00001	0.99988	0.00003
73	201	T	0.00001	0.00009	0.00000	0.99989
73	202	T	0.00000	0.00002	0.00000	0.99998
73	203	A	0.99995	0.00000	0.00004	0.00001
73	204	T	0.00000	0.00000	0.00000	1.00000
73	205	T	0.00006	0.00212	0.00003	0.99779
73	206	T	0.00000	0.00003	0.00000	0.99997
73	207	T	0.00001	0.00005	0.00000	0.99995
73	208	C	0.00000	0.99995	0.00000	0.00005
73	209	A	0.64867	0.09341	0.13990	0.11802
73	210	Y	0.11551	0.35123	0.13130	0.40196
73	211	T	0.05463	0.10457	0.04516	0.79565
73	212	T	0.03732	0.29030	0.00520	0.66718
73	213	T	0.14382	0.05249	0.00384	0.79985
73	214	T	0.21256	0.00390	0.00203	0.78152
73	215	A	0.99653	0.00144	0.00112	0.00091
73	216	T	0.17703	0.20613	0.24422	0.37262
73	217	G	0.14195	0.08675	0.66761	0.10369
73	218	A	0.62355	0.09310	0.15761	0.12573
73	219	A	0.46846	0.14183	0.20726	0.18245
73	220	C	0.12935	0.48539	0.13608	0.24918
73	221	C	0.00541	0.97249	0.00287	0.01923
73	222	T	0.00017	0.00071	0.00008	0.99904
73	223	C	0.00059	0.66733	0.00034	0.33174
73	224	T	0.00040	0.14577	0.00016	0.85366
73	225	T	0.00002	0.00019	0.00001	0.99978
73	226	T	0.00011	0.00433	0.00005	0.99551
73	227	A	0.99593	0.00036	0.00053	0.00318
73	228	T	0.00000	0.00000	0.00000	1.00000
73	229	T	0.00000	0.00000	0.00000	1.00000
73	230	T	0.00000	0.00001	0.00000	0.99999
73	231	C	0.00000	1.00000	0.00000	0.00000
73	232	T	0.00003	0.00025	0.00001	0.99972
73	233	A	1.00000	0.00000	0.00000	0.00000
73	234	C	0.00004	0.99946	0.00006	0.00044
73	235	T	0.00002	0.00038	0.00001	0.99960
73	236	T	0.00003	0.00028	0.00001	0.99969
73	237	T	0.00023	0.00389	0.00008	0.99580
73	238	C	0.00066	0.99769	0.00015	0.00150
73	239	A	0.99744	0.00082	0.00112	0.00062
73	240	C	0.01340	0.61214	0.00231	0.37215
73	241	G	0.00016	0.00001	0.99981	0.00002
73	242	C	0.12825	0.47099	0.12905	0.27171
73	243	Y	0.12538	0.42147	0.12490	0.32825
73	244	G	0.21649	0.16200	0.41394	0.20756
73	245	-	0.18341	0.29942	0.21162	0.30554
73	246	G	0.00101	0.00027	0.99791	0.00081
73	247	G	0.00021	0.00003	0.99973	0.00003
73	248	T	0.00001	0.00006	0.00000	0.99994
73	249	T	0.00000	0.00000	0.00000	1.00000
73	250	C	0.00000	0.99998	0.00000	0.00002
73	251	T	0.00001	0.00011	0.00000	0.99988
73	252	A	0.99988	0.00001	0.00009	0.00002
73	253	T	0.00001	0.00004	0.00000	0.99995
73	254	C	0.00063	0.99450	0.00290	0.00197
73	255	C	0.00001	0.99980	0.00001	0.00018
73	256	G	0.40430	0.00682	0.54997	0.03891
73	257	T	0.00045	0.00119	0.00078	0.99758
73	258	G	0.00120	0.00050	0.99668	0.00163
73	259	A	0.99590	0.00016	0.00349	0.00045
73	260	A	0.99953	0.00002	0.00040	0.00005
73	261	A	0.99990	0.00000	0.00008	0.00001
73	262	A	0.99983	0.00000	0.00016	0.00001
73	263	G	0.00016	0.00002	0.99981	0.00002
73	264	G	0.00001	0.00000	0.99999	0.00000
73	265	G	0.00004	0.00000	0.99995	0.00000
73	266	T	0.00004	0.00011	0.00003	0.99982
73	267	A	0.99969	0.00001	0.00027	0.00003
73	268	T	0.00020	0.11469	0.00009	0.88501
73	269	G	0.00002	0.00000	0.99997	0.00000
73	270	T	0.00010	0.00043	0.00003	0.99944
73	271	G	0.00018	0.00002	0.99978	0.00002
73	272	T	0.00001	0.00013	0.00000	0.99985
73	273	T	0.00008	0.00616	0.00003	0.99373
73	274	G	0.00016	0.00003	0.99977	0.00004
73	275	A	0.38194	0.17292	0.22996	0.21519
73	276	T	0.16912	0.23415	0.17162	0.42511
73	277	G	0.20490	0.16477	0.43574	0.19458
73	278	A	0.47272	0.14037	0.20603	0.18088
73	279	C	0.12802	0.48948	0.13458	0.24792
73	280	C	0.00000	0.99990	0.00000	0.00010
73	281	C	0.00000	0.99999	0.00000	0.00001
73	282	C	0.00000	1.00000	0.00000	0.00000
73	283	C	0.00001	0.99979	0.00002	0.00018
73	284	T	0.00002	0.00014	0.00001	0.99984
73	285	T	0.00000	0.00001	0.00000	0.99999
73	286	C	0.00001	0.99983	0.00001	0.00015
73	287	C	0.00001	0.99987	0.00000	0.00012
73	288	T	0.00001	0.00005	0.00000	0.99995
73	289	T	0.00002	0.00013	0.00001	0.99984
73	290	C	0.00000	0.99989	0.00000	0.00010
73	291	T	0.00001	0.00007	0.00000	0.99992
73	292	T	0.00000	0.00000	0.00000	1.00000
73	293	C	0.00088	0.88086	0.00141	0.11684
73	294	G	0.00002	0.00000	0.99998	0.00000
73	295	G	0.00020	0.00001	0.99979	0.00001
73	296	G	0.13307	0.07842	0.69461	0.09390
73	297	C	0.07932	0.65248	0.08110	0.18710
73	298	G	0.13307	0.07842	0.69461	0.09390
73	299	G	0.13307	0.07842	0.69461	0.09390
73	300	T	0.10021	0.24927	0.09189	0.55864
73	301	A	0.99979	0.00004	0.00011	0.00006
73	302	G	0.00007	0.00001	0.99991	0.00001
73	303	A	0.99978	0.00001	0.00020	0.00002
73	304	A	0.99964	0.00002	0.00030	0.00004
73	305	T	0.00005	0.00535	0.00002	0.99457
73	306	T	0.02311	0.26834	0.00283	0.70572
73	307	C	0.00006	0.97284	0.00004	0.02707
73	308	G	0.28800	0.00128	0.70821	0.00251
73	309	C	0.00000	0.99999	0.00000	0.00001
73	310	G	0.23725	0.00151	0.75958	0.00165
73	311	C	0.00017	0.99531	0.00011	0.00440
73	312	G	0.00029	0.00006	0.99958	0.00007
73	313	G	0.00001	0.00000	0.99999	0.00000
73	314	C	0.12539	0.49765	0.13162	0.24535
73	315	T	0.13969	0.21142	0.13469	0.51419
73	316	T	0.13969	0.21142	0.13469	0.51419
73	317	T	0.13969	0.21142	0.13469	0.51419
73	318	C	0.12539	0.49765	0.13162	0.24535
73	319	T	0.13969	0.21142	0.13469	0.51419
73	320	G	0.18138	0.12859	0.53732	0.15271
73	321	C	0.12539	0.49765	0.13162	0.24535
73	322	T	0.13969	0.21142	0.13469	0.51419
73	323	C	0.12539	0.49765	0.13162	0.24535
73	324	C	0.00000	0.99999	0.00000	0.00001
73	325	G	0.00002	0.00000	0.99997	0.00000
73	326	G	0.00014	0.00001	0.99983	0.00002
73	327	T	0.10050	0.13979	0.12421	0.63549
73	328	T	0.00007	0.00070	0.00003	0.99920
73	329	C	0.00000	0.99975	0.00000	0.00024
73	330	T	0.00000	0.00000	0.00000	1.00000
73	331	T	0.00000	0.00000	0.00000	1.00000
73	332	T	0.00000	0.00001	0.00000	0.99998
73	333	C	0.00001	0.99986	0.00001	0.00012
73	334	C	0.00001	0.99959	0.00001	0.00039
73	335	G	0.00000	0.00000	1.00000	0.00000
73	336	T	0.00000	0.00001	0.00001	0.99998
73	337	C	0.00003	0.99987	0.00001	0.00009
73	338	T	0.00001	0.00009	0.00000	0.99989
73	339	T	0.08600	0.15394	0.07611	0.68396
73	340	C	0.12051	0.51291	0.12617	0.24040
73	341	G	0.17717	0.12327	0.55307	0.14649
73	342	C	0.00000	0.99999	0.00000	0.00001
73	343	T	0.00000	0.00001	0.00000	0.99998
73	344	C	0.00002	0.99953	0.00001	0.00044
73	345	G	0.10245	0.00026	0.89684	0.00045
73	346	C	0.12254	0.50548	0.12726	0.24472
73	347	G	0.17744	0.10664	0.59001	0.12591
73	348	K	0.16715	0.21417	0.36196	0.25671
73	349	T	0.10756	0.17304	0.09112	0.62828
73	350	A	0.99991	0.00000	0.00008	0.00000
73	351	C	0.00000	0.99994	0.00000	0.00005
73	352	A	0.99997	0.00000	0.00003	0.00001
73	353	A	0.75864	0.00022	0.24069	0.00044
73	354	G	0.00002	0.00000	0.99998	0.00000
73	355	C	0.00105	0.56833	0.00052	0.43010
73	356	G	0.00003	0.00000	0.99996	0.00000
73	357	T	0.00048	0.00329	0.00009	0.99615
73	358	G	0.00018	0.00005	0.99974	0.00003
73	359	A	0.66296	0.00955	0.29860	0.02890
73	360	A	0.99971	0.00000	0.00028	0.00001
73	361	T	0.00014	0.00043	0.00003	0.99939
73	362	G	0.00002	0.00000	0.99997	0.00000
73	363	C	0.00000	0.99991	0.00000	0.00009
73	364	A	0.99644	0.00021	0.00298	0.00037
73	365	A	0.99992	0.00001	0.00006	0.00002
73	366	C	0.00001	0.99972	0.00001	0.00026
73	367	A	0.99968	0.00004	0.00017	0.00011
73	368	T	0.00009	0.00032	0.00007	0.99952
73	369	G	0.00002	0.00000	0.99997	0.00000
73	370	C	0.00000	0.99989	0.00000	0.00010
73	371	C	0.00191	0.99536	0.00086	0.00187
73	372	G	0.00025	0.00002	0.99971	0.00003
73	373	G	0.00566	0.00004	0.99423	0.00007
73	374	A	0.99776	0.00004	0.00209	0.00011
73	375	A	0.99590	0.00033	0.00060	0.00318
73	376	A	0.99753	0.00098	0.00074	0.00074
73	377	C	0.00024	0.99687	0.00005	0.00283
73	378	G	0.00207	0.00080	0.99679	0.00034
73	379	G	0.00001	0.00000	0.99999	0.00000
73	380	T	0.00005	0.00172	0.00002	0.99821
73	381	G	0.00003	0.00000	0.99997	0.00000
73	382	A	0.99999	0.00000	0.00001	0.00000
73	383	A	0.99999	0.00000	0.00001	0.00000
73	384	G	0.00000	0.00000	0.99999	0.00000
73	385	A	0.99993	0.00000	0.00006	0.00001
73	386	A	0.99980	0.00002	0.00013	0.00006
73	387	A	0.99993	0.00001	0.00005	0.00001
73	388	A	0.99504	0.00003	0.00485	0.00007
73	389	C	0.00001	0.99980	0.00001	0.00018
73	390	A	0.99987	0.00001	0.00010	0.00002
73	391	G	0.00001	0.00000	0.99999	0.00000
73	392	T	0.00007	0.00030	0.00002	0.99961
73	393	T	0.00010	0.00052	0.00005	0.99934
73	394	T	0.00015	0.00601	0.00007	0.99377
73	395	T	0.00006	0.00061	0.00002	0.99930
73	396	C	0.00013	0.99759	0.00010	0.00219
73	397	T	0.00007	0.00161	0.00003	0.99828
73	398	G	0.00047	0.00015	0.99889	0.00049
73	399	C	0.00843	0.60394	0.00714	0.38049
73	400	G	0.00004	0.00000	0.99996	0.00000
73	401	T	0.12884	0.27251	0.12575	0.47290
73	402	G	0.16877	0.10564	0.60294	0.12265
73	403	A	0.41773	0.14861	0.23799	0.19568
73	404	G	0.00067	0.00004	0.99925	0.00005
73	405	A	0.99961	0.00003	0.00029	0.00007
73	406	A	0.99995	0.00000	0.00003	0.00001
73	407	R	0.49923	0.00150	0.49656	0.00271
73	408	T	0.00015	0.00090	0.00006	0.99889
73	409	T	0.00068	0.30720	0.00037	0.69175
73	410	T	0.00013	0.00088	0.00006	0.99893
73	411	A	0.99795	0.00035	0.00078	0.00092
73	412	G	0.00074	0.00007	0.99910	0.00009
73	413	A	0.99850	0.00017	0.00074	0.00058
73	414	G	0.00006	0.00001	0.99993	0.00001
73	415	T	0.00004	0.00024	0.00002	0.99971
73	416	G	0.00021	0.00002	0.99974	0.00003
73	417	G	0.01737	0.26468	0.71030	0.00765
73	418	G	0.38251	0.01155	0.59793	0.00801
73	419	C	0.00011	0.99795	0.00007	0.00187
73	420	A	0.99801	0.00028	0.00085	0.00085
73	421	T	0.00003	0.00019	0.00001	0.99976
73	422	C	0.00030	0.99609	0.00277	0.00084
73	423	G	0.00513	0.00008	0.99468	0.00011
73	424	A	0.99996	0.00000	0.00003	0.00001
73	425	A	0.99998	0.00000	0.00002	0.00000
73	426	A	0.99979	0.00002	0.00015	0.00005
73	427	C	0.00002	0.99966	0.00002	0.00031
73	428	A	0.99986	0.00001	0.00010	0.00003
73	429	G	0.00018	0.00001	0.99980	0.00001
73	430	C	0.00001	0.99964	0.00001	0.00034
73	431	T	0.00002	0.00012	0.00001	0.99985
73	432	G	0.00000	0.00000	1.00000	0.00000
73	433	T	0.00000	0.00000	0.00000	1.00000
73	434	A	1.00000	0.00000	0.00000	0.00000
73	435	G	0.00000	0.00000	1.00000	0.00000
73	436	C	0.00000	0.99999	0.00000	0.00001
73	437	G	0.00000	0.00000	1.00000	0.00000
73	438	A	0.99999	0.00000	0.00000	0.00000
73	439	C	0.00001	0.99985	0.00000	0.00014
73	440	C	0.00001	0.99981	0.00001	0.00017
73	441	T	0.00110	0.00159	0.00013	0.99718
73	442	C	0.00001	0.99983	0.00001	0.00016
73	443	T	0.16043	0.22828	0.16041	0.45087
73	444	A	0.41072	0.16226	0.22289	0.20413
73	445	G	0.19861	0.15373	0.46579	0.18187
73	446	C	0.14799	0.42974	0.15735	0.26492
73	447	K	0.17747	0.20338	0.25300	0.36615
73	448	T	0.16761	0.23941	0.20697	0.38601
73	449	C	0.16724	0.39847	0.16351	0.27078
73	450	A	0.58483	0.08769	0.20712	0.12036
73	451	A	0.99993	0.00001	0.00004	0.00002
73	452	C	0.00001	0.99984	0.00000	0.00014
73	453	A	0.99993	0.00001	0.00002	0.00004
73	454	G	0.00186	0.00002	0.99809	0.00003
73	455	T	0.00380	0.00147	0.00100	0.99372
73	456	A	0.99803	0.00006	0.00170	0.00021
73	457	G	0.00000	0.00000	1.00000	0.00000
73	458	C	0.00000	0.99991	0.00001	0.00008
73	459	A	0.99988	0.00001	0.00009	0.00002
73	460	A	0.60113	0.09352	0.15272	0.15264
73	461	G	0.00000	0.00000	1.00000	0.00000
73	462	C	0.00000	0.99998	0.00000	0.00001
73	463	G	0.00000	0.00000	1.00000	0.00000
73	464	G	0.00000	0.00000	1.00000	0.00000
73	465	T	0.14289	0.21497	0.13837	0.50377
73	466	T	0.14289	0.21497	0.13837	0.50377
73	467	G	0.12703	0.06676	0.72583	0.08038
73	468	A	0.97067	0.00589	0.01392	0.00952
73	469	A	0.99949	0.00006	0.00028	0.00017
73	470	C	0.00038	0.88165	0.00022	0.11775
73	471	T	0.00003	0.00134	0.00001	0.99861
73	472	C	0.00000	1.00000	0.00000	0.00000
73	473	C	0.00000	1.00000	0.00000	0.00000
73	474	C	0.00000	1.00000	0.00000	0.00000
73	475	C	0.00000	1.00000	0.00000	0.00000
73	476	T	0.00004	0.00013	0.00001	0.99982
73	477	C	0.00000	0.99999	0.00000	0.00001
73	478	T	0.00042	0.00613	0.00034	0.99311
73	479	T	0.00000	0.00000	0.00000	1.00000
73	480	G	0.00000	0.00000	1.00000	0.00000
73	481	G	0.00000	0.00000	1.00000	0.00000
73	482	C	0.00001	0.99853	0.00000	0.00146
73	483	G	0.00288	0.00001	0.99710	0.00002
73	484	A	1.00000	0.00000	0.00000	0.00000
73	485	C	0.00000	1.00000	0.00000	0.00000
73	486	A	1.00000	0.00000	0.00000	0.00000
73	487	A	0.99496	0.00029	0.00434	0.00041
73	488	G	0.00000	0.00000	1.00000	0.00000
73	489	A	0.99995	0.00000	0.00004	0.00001
73	490	G	0.00000	0.00000	1.00000	0.00000
73	491	C	0.00000	1.00000	0.00000	0.00000
73	492	C	0.00000	1.00000	0.00000	0.00000
73	493	T	0.00001	0.00006	0.00000	0.99993
73	494	C	0.00000	0.99999	0.00000	0.00001
73	495	T	0.00003	0.00018	0.00001	0.99978
73	496	G	0.00001	0.00000	0.99999	0.00000
73	497	C	0.00001	0.99988	0.00001	0.00010
73	498	G	0.00000	0.00000	1.00000	0.00000
73	499	G	0.00000	0.00000	1.00000	0.00000
73	500	C	0.00000	1.00000	0.00000	0.00000
73	501	C	0.00000	1.00000	0.00000	0.00000
73	502	A	1.00000	0.00000	0.00000	0.00000
73	503	C	0.15281	0.41584	0.16294	0.26841
73	504	A	1.00000	0.00000	0.00000	0.00000
73	505	A	1.00000	0.00000	0.00000	0.00000
73	506	A	1.00000	0.00000	0.00000	0.00000
73	507	G	0.00000	0.00000	1.00000	0.00000
73	508	C	0.00000	1.00000	0.00000	0.00000
73	509	C	0.00000	1.00000	0.00000	0.00000
73	510	C	0.00050	0.99936	0.00002	0.00012
73	511	C	0.00000	0.99996	0.00000	0.00004
73	512	G	0.00000	0.00000	1.00000	0.00000
73	513	T	0.00002	0.00012	0.00001	0.99985
73	514	G	0.00010	0.00003	0.99984	0.00003
73	515	G	0.00004	0.00000	0.99995	0.00000
73	516	A	0.99995	0.00000	0.00002	0.00002
73	517	T	0.00000	0.00003	0.00000	0.99996
73	518	A	0.99998	0.00000	0.00001	0.00000
73	519	A	0.70114	0.07236	0.12835	0.09815
73	520	-	0.24121	0.29854	0.20029	0.25995
73	521	A	0.99997	0.00000	0.00002	0.00001
73	522	Y	0.10533	0.36293	0.10000	0.43173
73	523	G	0.00005	0.00000	0.99994	0.00000
73	524	A	0.99943	0.00007	0.00038	0.00012
73	525	T	0.00007	0.00006	0.00001	0.99987
73	526	C	0.00000	0.99998	0.00000	0.00002
73	527	C	0.00000	1.00000	0.00000	0.00000
73	528	A	0.99986	0.00004	0.00006	0.00004
73	529	C	0.00003	0.99938	0.00002	0.00058
73	530	T	0.00009	0.00740	0.00004	0.99248
73	531	G	0.00211	0.00023	0.99659	0.00106
73	532	C	0.00024	0.99548	0.00011	0.00418
73	533	T	0.00008	0.00022	0.00006	0.99964
73	534	G	0.00001	0.00000	0.99998	0.00000
73	535	T	0.13230	0.20908	0.11724	0.54137
73	536	G	0.11456	0.06291	0.73749	0.08504
73	537	T	0.00000	0.00001	0.00000	0.99999
73	538	G	0.00002	0.00000	0.99998	0.00000
73	539	A	0.99842	0.00013	0.00052	0.00093
73	540	G	0.00004	0.00000	0.99995	0.00000
73	541	C	0.00002	0.99962	0.00001	0.00035
73	542	G	0.00003	0.00000	0.99996	0.00000
73	543	G	0.00001	0.00000	0.99999	0.00000
73	544	T	0.00010	0.00043	0.00003	0.99944
73	545	G	0.00007	0.00000	0.99991	0.00001
73	546	C	0.18722	0.40119	0.15836	0.25323
73	547	C	0.08491	0.63320	0.08725	0.19463
73	548	C	0.08491	0.63320	0.08725	0.19463
73	549	C	0.08491	0.63320	0.08725	0.19463
73	550	C	0.08491	0.63320	0.08725	0.19463
73	551	C	0.15287	0.39401	0.20672	0.24640
73	552	T	0.20384	0.20513	0.15615	0.43489
73	553	C	0.15287	0.39401	0.20672	0.24640
73	554	C	0.08491	0.63320	0.08725	0.19463
73	555	C	0.00000	0.99996	0.00000	0.00004
73	556	A	0.99994	0.00000	0.00005	0.00001
73	557	A	1.00000	0.00000	0.00000	0.00000
73	558	C	0.00000	1.00000	0.00000	0.00000
73	559	C	0.00000	1.00000	0.00000	0.00000
73	560	C	0.00000	1.00000	0.00000	0.00000
73	561	C	0.00000	0.99999	0.00000	0.00001
73	562	A	0.99998	0.00000	0.00001	0.00000
73	563	G	0.00003	0.00000	0.99996	0.00000
73	564	-	0.24934	0.25250	0.26912	0.22903
73	565	C	0.00000	0.99997	0.00000	0.00003
73	566	A	0.99987	0.00001	0.00005	0.00006
73	567	C	0.00001	0.99983	0.00001	0.00016
73	568	C	0.00002	0.99965	0.00002	0.00030
73	569	C	0.00001	0.99987	0.00000	0.00012
73	570	T	0.00167	0.01427	0.00091	0.98315
73	571	G	0.00608	0.00096	0.99182	0.00114
73	572	G	0.04195	0.07054	0.74134	0.14617
73	573	T	0.00039	0.00168	0.00020	0.99773
73	574	T	0.00663	0.01530	0.00308	0.97500
73	575	C	0.00474	0.81347	0.00332	0.17847
73	576	G	0.18359	0.13148	0.52884	0.15609
73	577	G	0.18359	0.13148	0.52884	0.15609
73	578	G	0.01581	0.02409	0.95275	0.00735
73	579	A	0.89280	0.01289	0.01505	0.07926
73	580	T	0.00823	0.00406	0.00131	0.98640
73	581	S	0.10444	0.34664	0.40937	0.13956
73	582	T	0.05393	0.10162	0.04428	0.80017
73	583	T	0.12255	0.22923	0.09992	0.54830
73	584	T	0.11892	0.18633	0.09669	0.59806
73	585	G	0.00310	0.00053	0.99568	0.00068
73	586	G	0.00841	0.00169	0.98791	0.00199
73	587	C	0.00433	0.72958	0.00283	0.26327
73	588	C	0.01555	0.83804	0.06215	0.08425
73	589	A	0.99631	0.00038	0.00251	0.00080
73	590	T	0.00841	0.09856	0.00546	0.88756
73	591	T	0.16347	0.02512	0.06893	0.74248
73	592	C	0.00349	0.96588	0.00298	0.02765
73	593	T	0.00547	0.00180	0.00061	0.99212
73	594	A	0.47272	0.14037	0.20603	0.18088
73	595	A	0.47272	0.14037	0.20603	0.18088
73	596	A	0.47272	0.14037	0.20603	0.18088
73	597	T	0.14215	0.21363	0.13767	0.50654
73	598	C	0.00138	0.98606	0.00123	0.01134
73	599	T	0.00046	0.00193	0.00023	0.99737
73	600	A	0.99258	0.00106	0.00310	0.00326
73	601	T	0.10837	0.01497	0.13016	0.74650
73	602	G	0.02275	0.01246	0.92271	0.04208
73	603	G	0.00485	0.00144	0.98963	0.00408
73	604	A	0.99961	0.00005	0.00025	0.00010
73	605	A	0.99796	0.00024	0.00130	0.00051
73	606	C	0.00358	0.97981	0.00223	0.01437
73	607	A	0.57044	0.11677	0.16745	0.14534
73	608	C	0.00039	0.98801	0.00030	0.01130
73	609	A	0.79924	0.09845	0.05089	0.05142
73	610	G	0.03241	0.08620	0.84373	0.03765
73	611	-	0.20432	0.21950	0.29932	0.27687
73	612	T	0.14277	0.28071	0.12385	0.45266
73	613	A	0.89323	0.01632	0.02091	0.06954
73	614	A	0.93049	0.00196	0.06409	0.00346
73	615	A	0.98554	0.00213	0.00798	0.00435
73	616	A	0.98183	0.00287	0.00809	0.00722
73	617	T	0.00001	0.00004	0.00000	0.99995
73	618	G	0.00012	0.00001	0.99986	0.00001
73	619	G	0.00004	0.00000	0.99995	0.00000
73	620	T	0.00014	0.00683	0.00006	0.99297
73	621	T	0.00024	0.00071	0.00040	0.99865
73	622	T	0.00110	0.00089	0.00013	0.99787
73	623	T	0.00002	0.00014	0.00001	0.99984
73	624	C	0.00001	0.99961	0.00001	0.00037
73	625	Y	0.00022	0.53579	0.00011	0.46388
73	626	T	0.00020	0.05152	0.00009	0.94818
73	627	A	0.99961	0.00006	0.00020	0.00013
73	628	A	0.99999	0.00000	0.00000	0.00000
73	629	G	0.00009	0.00000	0.99990	0.00000
73	630	G	0.16430	0.21489	0.39461	0.22620
73	631	Y	0.09674	0.43679	0.09362	0.37285
73	632	-	0.27304	0.26042	0.17656	0.28998
73	633	G	0.14056	0.08570	0.67121	0.10253
73	634	A	0.41072	0.16226	0.22289	0.20413
73	635	T	0.16043	0.22828	0.16041	0.45087
73	636	A	0.41072	0.16226	0.22289	0.20413
73	637	G	0.16999	0.11477	0.57869	0.13656
73	638	W	0.24385	0.21574	0.19605	0.34436
73	639	A	0.53231	0.12070	0.18822	0.15877
73	640	C	0.00008	0.99916	0.00009	0.00068
73	641	C	0.00025	0.99743	0.00069	0.00163
73	642	C	0.00002	0.99944	0.00002	0.00053
73	643	T	0.00006	0.00201	0.00003	0.99791
73	644	C	0.00002	0.99894	0.00001	0.00104
73	645	C	0.00000	0.99987	0.00000	0.00012
73	646	G	0.00154	0.00022	0.99745	0.00079
73	647	G	0.00011	0.00001	0.99987	0.00001
73	648	T	0.00002	0.00019	0.00001	0.99978
73	649	A	1.00000	0.00000	0.00000	0.00000
73	650	G	0.00020	0.00005	0.99970	0.00006
73	651	A	0.99769	0.00004	0.00217	0.00010
73	652	G	0.00042	0.00005	0.99945	0.00008
73	653	A	0.99959	0.00006	0.00025	0.00010
73	654	A	0.99996	0.00000	0.00003	0.00000
73	655	G	0.00000	0.00000	1.00000	0.00000
73	656	G	0.16677	0.10248	0.61022	0.12053
73	657	C	0.03979	0.80837	0.04016	0.11168
73	658	C	0.14312	0.44398	0.15175	0.26115
73	659	T	0.15603	0.22504	0.15484	0.46409
73	660	G	0.19521	0.14825	0.48099	0.17555
73	661	G	0.19521	0.14825	0.48099	0.17555
73	662	T	0.15603	0.22504	0.15484	0.46409
73	663	A	0.42547	0.15692	0.21907	0.19853
73	664	C	0.14312	0.44398	0.15175	0.26115
73	665	T	0.15603	0.22504	0.15484	0.46409
73	666	H	0.23831	0.32480	0.18304	0.25385
73	667	G	0.14662	0.09205	0.65133	0.11001
73	668	K	0.19500	0.18577	0.34619	0.27303
73	669	T	0.11098	0.18458	0.10400	0.60044
73	670	B	0.17495	0.31663	0.26654	0.24188
73	671	C	0.21436	0.36972	0.19890	0.21702
73	672	Y	0.12978	0.38901	0.13032	0.35089
73	673	T	0.06900	0.12875	0.05998	0.74227
73	674	Y	0.15727	0.34157	0.21352	0.28764
73	675	G	0.17313	0.15596	0.41768	0.25323
73	676	T	0.25828	0.17728	0.15252	0.41192
73	677	G	0.16375	0.23258	0.41647	0.18721
73	678	D	0.27303	0.18104	0.23753	0.30840
73	679	-	0.17430	0.26784	0.28953	0.26834
73	680	-	0.25470	0.27392	0.24234	0.22904
73	681	-	0.23884	0.18126	0.27561	0.30430
73	682	G	0.16253	0.11020	0.58529	0.14198
73	683	C	0.00000	0.99991	0.00000	0.00008
73	684	C	0.00001	0.99985	0.00002	0.00011
73	685	A	1.00000	0.00000	0.00000	0.00000
73	686	A	0.99993	0.00000	0.00007	0.00000
73	687	G	0.00000	0.00000	1.00000	0.00000
73	688	A	0.99998	0.00000	0.00002	0.00000
73	689	A	1.00000	0.00000	0.00000	0.00000
73	690	T	0.00000	0.00000	0.00000	1.00000
73	691	G	0.19904	0.15446	0.46379	0.18271
73	692	G	0.00000	0.00000	1.00000	0.00000
73	693	T	0.00000	0.00001	0.00000	0.99999
73	694	C	0.00000	1.00000	0.00000	0.00000
73	695	C	0.00000	1.00000	0.00000	0.00000
73	696	T	0.00096	0.00049	0.00009	0.99847
73	697	G	0.00001	0.00000	0.99999	0.00000
73	698	A	0.99986	0.00000	0.00014	0.00000
73	699	A	1.00000	0.00000	0.00000	0.00000
73	700	G	0.00000	0.00000	1.00000	0.00000
73	701	G	0.00000	0.00000	1.00000	0.00000
73	702	T	0.00000	0.00000	0.00000	1.00000
73	703	A	1.00000	0.00000	0.00000	0.00000
73	704	C	0.00000	1.00000	0.00000	0.00000
73	705	C	0.00000	1.00000	0.00000	0.00000
73	706	C	0.00000	1.00000	0.00000	0.00000
73	707	C	0.00002	0.99973	0.00002	0.00023
73	708	G	0.00098	0.00055	0.99692	0.00155
73	709	A	0.61933	0.08698	0.13552	0.15818
73	710	G	0.14102	0.08009	0.68313	0.09577
73	711	G	0.13885	0.07707	0.69188	0.09220
73	712	T	0.06158	0.11588	0.05056	0.77199
73	713	A	0.71594	0.05449	0.12862	0.10095
73	714	A	0.83787	0.03554	0.07289	0.05370
73	715	C	0.04320	0.79190	0.04368	0.12121
73	716	G	0.16912	0.09702	0.61918	0.11469
73	717	T	0.16101	0.22870	0.16115	0.44914
73	718	G	0.19904	0.15446	0.46379	0.18271
73	719	G	0.19904	0.15446	0.46379	0.18271
73	720	G	0.19285	0.14463	0.49116	0.17136
73	721	G	0.18138	0.12859	0.53732	0.15271
73	722	G	0.14658	0.09058	0.65476	0.10808
73	723	C	0.00009	0.99630	0.00006	0.00355
73	724	G	0.00076	0.00110	0.99779	0.00036
73	725	C	0.00075	0.72926	0.00046	0.26953
73	726	G	0.00008	0.00001	0.99990	0.00001
73	727	C	0.00001	0.99983	0.00001	0.00015
73	728	T	0.06195	0.11297	0.05175	0.77333
73	729	C	0.04953	0.76904	0.05034	0.13110
73	730	G	0.09192	0.04918	0.80023	0.05867
73	731	G	0.09192	0.04918	0.80023	0.05867
73	732	A	0.92524	0.01503	0.03618	0.02355
73	733	A	0.62290	0.07564	0.09088	0.21058
73	734	G	0.00002	0.00000	0.99998	0.00000
73	735	G	0.00000	0.00000	1.00000	0.00000
73	736	G	0.00000	0.00000	1.00000	0.00000
73	737	A	1.00000	0.00000	0.00000	0.00000
73	738	T	0.00000	0.00000	0.00000	1.00000
73	739	C	0.00000	1.00000	0.00000	0.00000
73	740	T	0.00000	0.00000	0.00000	1.00000
73	741	G	0.00000	0.00000	1.00000	0.00000
73	742	A	1.00000	0.00000	0.00000	0.00000
73	743	T	0.00001	0.00045	0.00000	0.99955
73	744	C	0.00000	0.99999	0.00000	0.00001
73	745	A	0.99963	0.00003	0.00009	0.00025
73	746	G	0.00000	0.00000	1.00000	0.00000
73	747	G	0.00000	0.00000	1.00000	0.00000
73	748	A	1.00000	0.00000	0.00000	0.00000
73	749	G	0.00000	0.00000	1.00000	0.00000
73	750	A	0.99999	0.00001	0.00000	0.00000
73	751	C	0.00000	0.99997	0.00000	0.00003
73	752	C	0.00011	0.99969	0.00002	0.00018
73	753	A	0.99547	0.00224	0.00100	0.00128
73	754	A	0.99927	0.00003	0.00061	0.00009
73	755	T	0.00006	0.00043	0.00004	0.99947
73	756	T	0.00017	0.00705	0.00008	0.99270
73	757	G	0.00437	0.00030	0.99496	0.00037
73	758	A	0.60182	0.02853	0.35976	0.00989
73	759	C	0.00170	0.99540	0.00043	0.00247
73	760	T	0.11646	0.00324	0.00415	0.87616
73	761	G	0.00007	0.00000	0.99992	0.00001
73	762	T	0.00000	0.00001	0.00000	0.99999
73	763	G	0.00001	0.00000	0.99999	0.00000
73	764	C	0.00000	1.00000	0.00000	0.00000
73	765	T	0.00000	0.00000	0.00000	1.00000
73	766	T	0.00000	0.00003	0.00000	0.99997
73	767	T	0.00000	0.00000	0.00000	1.00000
73	768	A	1.00000	0.00000	0.00000	0.00000
73	769	C	0.00000	1.00000	0.00000	0.00000
73	770	A	0.97302	0.00006	0.02679	0.00013
73	771	C	0.00002	0.99948	0.00002	0.00048
73	772	B	0.18901	0.31401	0.20856	0.28842
73	773	C	0.00054	0.84651	0.00031	0.15263
73	774	G	0.00066	0.00014	0.99871	0.00048
73	775	T	0.00868	0.34208	0.03489	0.61435
73	776	T	0.15329	0.22293	0.15140	0.47238
73	777	C	0.14011	0.45289	0.14830	0.25870
73	778	C	0.00015	0.99387	0.00011	0.00587
73	779	R	0.32008	0.15340	0.33741	0.18911
73	780	T	0.16980	0.23458	0.17251	0.42311
73	781	A	0.37970	0.17376	0.23048	0.21605
73	782	G	0.20814	0.17101	0.41912	0.20173
73	783	S	0.15417	0.31078	0.33342	0.20162
73	784	G	0.16733	0.11400	0.57618	0.14249
73	785	T	0.10201	0.16104	0.08459	0.65236
73	786	A	0.99969	0.00000	0.00030	0.00000
73	787	C	0.00000	0.99993	0.00000	0.00007
73	788	T	0.00009	0.00066	0.00005	0.99920
73	789	T	0.00004	0.00064	0.00001	0.99930
73	790	T	0.00142	0.00192	0.00321	0.99345
73	791	G	0.00006	0.00001	0.99986	0.00007
73	792	G	0.00000	0.00000	1.00000	0.00000
73	793	T	0.00001	0.00004	0.00002	0.99992
73	794	T	0.00000	0.00000	0.00000	1.00000
73	795	T	0.00000	0.00000	0.00000	1.00000
73	796	A	1.00000	0.00000	0.00000	0.00000
73	797	A	1.00000	0.00000	0.00000	0.00000
73	798	A	1.00000	0.00000	0.00000	0.00000
73	799	A	1.00000	0.00000	0.00000	0.00000
73	800	A	1.00000	0.00000	0.00000	0.00000
73	801	C	0.00011	0.99635	0.00003	0.00350
73	802	T	0.00000	0.00001	0.00000	0.99999
73	803	G	0.00000	0.00000	1.00000	0.00000
73	804	T	0.00000	0.00000	0.00000	1.00000
73	805	C	0.00000	1.00000	0.00000	0.00000
73	806	A	0.99928	0.00001	0.00059	0.00013
73	807	C	0.00000	0.99999	0.00000	0.00000
73	808	A	0.99998	0.00000	0.00002	0.00000
73	809	G	0.00000	0.00000	1.00000	0.00000
73	810	C	0.00000	0.99998	0.00000	0.00002
73	811	T	0.00002	0.00043	0.00001	0.99954
73	812	A	0.37630	0.17505	0.23128	0.21737
73	813	Y	0.15965	0.39645	0.17093	0.27297
73	814	Y	0.15965	0.39645	0.17093	0.27297
73	815	A	0.37630	0.17505	0.23128	0.21737
73	816	Y	0.15965	0.39645	0.17093	0.27297
73	817	A	0.37630	0.17505	0.23128	0.21737
73	818	Y	0.15965	0.39645	0.17093	0.27297
73	819	A	0.37630	0.17505	0.23128	0.21737
73	820	A	0.37630	0.17505	0.23128	0.21737
73	821	T	0.17084	0.23522	0.17387	0.42007
73	822	-	0.26312	0.21860	0.22665	0.29163
73	823	-	0.23340	0.27788	0.21831	0.27042
73	824	C	0.14387	0.44079	0.15259	0.26275
73	825	-	0.26312	0.21860	0.22665	0.29163
73	826	Y	0.18176	0.30417	0.19328	0.32078
73	827	Y	0.18176	0.30417	0.19328	0.32078
73	828	Y	0.18176	0.30417	0.19328	0.32078
73	829	-	0.25671	0.25367	0.22707	0.26255
73	830	T	0.17084	0.23522	0.17387	0.42007
73	831	Y	0.15965	0.39645	0.17093	0.27297
73	832	A	0.37630	0.17505	0.23128	0.21737
73	833	T	0.17084	0.23522	0.17387	0.42007
73	834	T	0.17084	0.23522	0.17387	0.42007
73	835	T	0.17084	0.23522	0.17387	0.42007
73	836	T	0.17084	0.23522	0.17387	0.42007
73	837	A	0.37630	0.17505	0.23128	0.21737
73	838	T	0.17084	0.23522	0.17387	0.42007
73	839	T	0.17084	0.23522	0.17387	0.42007
73	840	T	0.17084	0.23522	0.17387	0.42007
73	841	T	0.17084	0.23522	0.17387	0.42007
73	842	Y	0.15965	0.39645	0.17093	0.27297
73	843	A	0.37630	0.17505	0.23128	0.21737
73	844	T	0.17084	0.23522	0.17387	0.42007
73	845	Y	0.15965	0.39645	0.17093	0.27297
73	846	A	0.37630	0.17505	0.23128	0.21737
73	847	T	0.17084	0.23522	0.17387	0.42007
73	848	T	0.17084	0.23522	0.17387	0.42007
73	849	T	0.00001	0.00027	0.00000	0.99972
73	850	C	0.00001	0.99975	0.00001	0.00023
73	851	T	0.00042	0.00628	0.00023	0.99306
73	852	C	0.00002	0.99976	0.00002	0.00020
73	853	C	0.00000	1.00000	0.00000	0.00000
73	854	R	0.37498	0.16300	0.26880	0.19321
73	855	A	0.65139	0.08398	0.14918	0.11545
73	856	A	0.62114	0.09120	0.16239	0.12527
73	857	V	0.34021	0.22254	0.23572	0.20153
73	858	A	0.99980	0.00002	0.00014	0.00004
73	859	A	1.00000	0.00000	0.00000	0.00000
73	860	A	1.00000	0.00000	0.00000	0.00000
73	861	C	0.00000	0.99999	0.00000	0.00001
73	862	C	0.00000	1.00000	0.00000	0.00000
73	863	A	0.99974	0.00005	0.00012	0.00008
73	864	A	0.99991	0.00001	0.00007	0.00002
73	865	G	0.00002	0.00000	0.99998	0.00000
73	866	T	0.00001	0.00003	0.00002	0.99995
73	867	G	0.00001	0.00000	0.99999	0.00000
73	868	G	0.00000	0.00000	0.99999	0.00000
73	869	T	0.00002	0.00002	0.00000	0.99996
73	870	T	0.19023	0.19103	0.24304	0.37570
73	871	T	0.20759	0.22475	0.16119	0.40647
73	872	T	0.11382	0.22906	0.10571	0.55141
73	873	C	0.00001	0.99976	0.00001	0.00022
73	874	T	0.00001	0.00007	0.00000	0.99992
73	875	Y	0.15765	0.35382	0.17623	0.31230
73	876	T	0.00013	0.00044	0.00006	0.99937
73	877	G	0.00002	0.00000	0.99997	0.00000
73	878	G	0.00004	0.00000	0.99996	0.00000
73	879	T	0.00000	0.00002	0.00000	0.99998
73	880	T	0.00000	0.00000	0.00000	1.00000
73	881	T	0.00000	0.00000	0.00000	1.00000
73	882	T	0.16594	0.26162	0.16817	0.40428
73	883	A	0.50016	0.13246	0.18979	0.17759
73	884	T	0.19975	0.22561	0.17815	0.39649
73	885	Y	0.17743	0.28651	0.16329	0.37276
73	886	Y	0.14851	0.34642	0.15113	0.35394
73	887	T	0.00000	0.00001	0.00000	0.99999
73	888	C	0.00000	1.00000	0.00000	0.00000
73	889	C	0.00001	0.99941	0.00000	0.00058
73	890	A	0.99752	0.00109	0.00027	0.00113
73	891	A	0.99718	0.00008	0.00012	0.00262
73	892	T	0.00000	0.00001	0.00000	0.99999
73	893	T	0.00000	0.00001	0.00000	0.99999
73	894	T	0.00014	0.00051	0.00004	0.99931
73	895	T	0.00001	0.00008	0.00000	0.99991
73	896	A	0.92245	0.00044	0.07555	0.00155
73	897	T	0.00005	0.00030	0.00002	0.99962
73	898	T	0.00009	0.00040	0.00003	0.99949
73	899	A	0.87702	0.00148	0.11878	0.00272
73	900	T	0.06410	0.11330	0.03646	0.78614
73	901	A	0.99999	0.00000	0.00001	0.00000
73	902	T	0.11169	0.14013	0.07715	0.67103
73	903	D	0.32489	0.18287	0.24530	0.24694
73	904	A	0.45428	0.12786	0.16933	0.24853
73	905	C	0.00014	0.99506	0.00008	0.00472
73	906	T	0.00000	0.00001	0.00000	0.99998
73	907	G	0.00001	0.00000	0.99999	0.00000
73	908	R	0.42495	0.00426	0.49099	0.07980
73	909	C	0.00000	0.99998	0.00000	0.00002
73	910	A	0.99999	0.00000	0.00000	0.00000
73	911	A	0.99985	0.00001	0.00009	0.00005
73	912	T	0.00001	0.00008	0.00000	0.99991
73	913	A	1.00000	0.00000	0.00000	0.00000
73	914	T	0.00000	0.00001	0.00000	0.99999
73	915	G	0.00000	0.00000	1.00000	0.00000
90	1	C	0.03794	0.81839	0.03846	0.10520
90	2	C	0.03794	0.81839	0.03846	0.10520
90	3	C	0.03794	0.81839	0.03846	0.10520
90	4	C	0.03794	0.81839	0.03846	0.10520
90	5	C	0.03794	0.81839	0.03846	0.10520
90	6	G	0.07312	0.03757	0.84451	0.04479
90	7	C	0.03794	0.81839	0.03846	0.10520
90	8	G	0.07312	0.03757	0.84451	0.04479
90	9	G	0.07312	0.03757	0.84451	0.04479
90	10	T	0.04847	0.09065	0.03950	0.82137
90	11	A	0.81466	0.04160	0.08206	0.06168
90	12	A	0.81466	0.04160	0.08206	0.06168
90	13	C	0.03794	0.81839	0.03846	0.10520
90	14	T	0.04847	0.09065	0.03950	0.82137
90	15	G	0.07312	0.03757	0.84451	0.04479
90	16	G	0.07312	0.03757	0.84451	0.04479
90	17	C	0.01440	0.92691	0.01453	0.04416
90	18	C	0.01216	0.88892	0.01069	0.08822
90	19	T	0.00694	0.01853	0.00468	0.96986
90	20	T	0.03515	0.04586	0.05906	0.85994
90	21	G	0.03983	0.05410	0.87266	0.03341
90	22	C	0.00417	0.97292	0.00394	0.01897
90	23	C	0.05361	0.86156	0.02529	0.05955
90	24	G	0.00786	0.00225	0.98714	0.00275
90	25	C	0.00973	0.88251	0.00819	0.09958
90	26	T	0.01752	0.09539	0.01266	0.87444
90	27	T	0.00912	0.02494	0.00610	0.95983
90	28	G	0.03754	0.02568	0.86624	0.07054
90	29	T	0.00521	0.01451	0.00343	0.97686
90	30	T	0.00694	0.01853	0.00468	0.96986
90	31	C	0.02534	0.85234	0.07425	0.04807
90	32	A	0.98604	0.00229	0.00759	0.00407
90	33	C	0.06881	0.85688	0.02287	0.05144
90	34	A	0.99874	0.00014	0.00082	0.00030
90	35	C	0.00015	0.99819	0.00013	0.00153
90	36	C	0.00204	0.98526	0.00414	0.00856
90	37	C	0.00072	0.98655	0.00057	0.01216
90	38	C	0.12049	0.51298	0.12615	0.24038
90	39	C	0.12049	0.51298	0.12615	0.24038
90	40	C	0.12049	0.51298	0.12615	0.24038
90	41	A	0.98476	0.00051	0.01371	0.00103
90	42	T	0.00009	0.00051	0.00004	0.99935
90	43	A	0.69123	0.14325	0.12672	0.03880
90	44	C	0.23039	0.64147	0.07595	0.05219
90	45	T	0.37594	0.02441	0.01348	0.58616
90	46	T	0.00032	0.00170	0.00015	0.99782
90	47	T	0.00468	0.13743	0.00266	0.85524
90	48	T	0.00282	0.00477	0.00694	0.98547
90	49	A	0.99649	0.00021	0.00285	0.00045
90	50	A	0.99390	0.00151	0.00278	0.00182
90	51	T	0.00222	0.00920	0.00207	0.98651
90	52	T	0.00096	0.00272	0.00104	0.99528
90	53	C	0.00002	0.99975	0.00001	0.00022
90	54	G	0.00567	0.00284	0.98565	0.00584
90	55	G	0.01227	0.00096	0.98530	0.00148
90	56	C	0.00319	0.97291	0.00274	0.02116
90	57	C	0.00002	0.99975	0.00001	0.00022
90	58	C	0.00908	0.63754	0.00683	0.34654
90	59	C	0.01584	0.84860	0.00648	0.12908
90	60	C	0.00404	0.83629	0.00338	0.15629
90	61	T	0.00151	0.00500	0.00116	0.99233
90	62	G	0.00460	0.00035	0.99458	0.00047
90	63	T	0.00028	0.00231	0.00013	0.99728
90	64	G	0.00097	0.00012	0.99877	0.00015
