Node	Site	State 	p_A	p_C	p_G	p_T
20	1	T	0.03852	0.07054	0.02446	0.86648
20	2	T	0.03852	0.07054	0.02446	0.86648
20	3	T	0.00000	0.00000	0.00000	1.00000
20	4	T	0.00152	0.00009	0.00002	0.99837
20	5	A	0.99998	0.00000	0.00001	0.00001
20	6	A	1.00000	0.00000	0.00000	0.00000
20	7	A	1.00000	0.00000	0.00000	0.00000
20	8	A	0.99872	0.00104	0.00006	0.00018
20	9	C	0.00000	0.99992	0.00000	0.00008
20	10	A	0.99999	0.00000	0.00001	0.00000
20	11	G	0.00264	0.00001	0.99733	0.00002
20	12	C	0.00000	0.99982	0.00000	0.00017
20	13	C	0.00001	0.99958	0.00000	0.00041
20	14	T	0.00034	0.01941	0.00009	0.98016
20	15	G	0.00034	0.00001	0.99961	0.00004
20	16	G	0.00031	0.00001	0.99964	0.00004
20	17	G	0.00000	0.00000	1.00000	0.00000
20	18	G	0.00001	0.00000	0.99999	0.00000
20	19	G	0.00000	0.00000	1.00000	0.00000
20	20	T	0.00000	0.00000	0.00000	1.00000
20	21	T	0.00000	0.00000	0.00000	1.00000
20	22	G	0.00001	0.00000	0.99999	0.00000
20	23	T	0.00000	0.00000	0.00000	1.00000
20	24	A	0.82068	0.00338	0.00302	0.17293
20	25	C	0.00000	1.00000	0.00000	0.00000
20	26	C	0.00000	1.00000	0.00000	0.00000
20	27	C	0.00000	0.99998	0.00000	0.00002
20	28	A	1.00000	0.00000	0.00000	0.00000
20	29	C	0.00000	1.00000	0.00000	0.00000
20	30	C	0.00000	0.99999	0.00000	0.00001
20	31	C	0.00000	1.00000	0.00000	0.00000
20	32	C	0.00004	0.99879	0.00001	0.00116
20	33	T	0.00045	0.02219	0.00010	0.97726
20	34	G	0.02978	0.00019	0.96941	0.00063
20	35	G	0.00016	0.00001	0.99981	0.00002
20	36	G	0.00001	0.00000	0.99998	0.00000
20	37	G	0.00003	0.00000	0.99996	0.00000
20	38	C	0.00000	1.00000	0.00000	0.00000
20	39	C	0.00000	0.99999	0.00000	0.00001
20	40	C	0.00000	0.99999	0.00000	0.00001
20	41	A	1.00000	0.00000	0.00000	0.00000
20	42	C	0.00000	0.99993	0.00000	0.00007
20	43	G	0.00012	0.00001	0.99986	0.00002
20	44	T	0.00005	0.00034	0.00001	0.99960
20	45	G	0.00000	0.00000	1.00000	0.00000
20	46	G	0.00000	0.00000	1.00000	0.00000
20	47	C	0.00002	0.99950	0.00001	0.00048
20	48	G	0.00000	0.00000	1.00000	0.00000
20	49	G	0.12349	0.06587	0.73079	0.07986
20	50	C	0.00542	0.72536	0.03070	0.23852
20	51	T	0.00000	0.00060	0.00000	0.99940
20	52	A	0.99996	0.00000	0.00003	0.00001
20	53	G	0.00000	0.00000	1.00000	0.00000
20	54	T	0.00000	0.00003	0.00000	0.99996
20	55	A	0.99657	0.00001	0.00337	0.00005
20	56	C	0.00000	0.99999	0.00000	0.00001
20	57	T	0.00003	0.00951	0.00001	0.99045
20	58	C	0.00001	0.99698	0.00000	0.00301
20	59	T	0.00000	0.00001	0.00000	0.99999
20	60	G	0.00000	0.00000	1.00000	0.00000
20	61	G	0.00001	0.00000	0.99999	0.00000
20	62	T	0.00000	0.00016	0.00000	0.99984
20	63	A	0.98967	0.00035	0.00047	0.00951
20	64	C	0.00014	0.98447	0.00004	0.01535
20	65	G	0.00037	0.00002	0.99957	0.00005
20	66	C	0.00041	0.90469	0.00010	0.09480
20	67	T	0.00001	0.00011	0.00000	0.99987
20	68	C	0.05777	0.80247	0.02936	0.11040
20	69	A	0.99999	0.00000	0.00001	0.00000
20	70	G	0.00000	0.00000	1.00000	0.00000
20	71	T	0.00688	0.00059	0.00010	0.99244
20	72	A	0.99977	0.00000	0.00022	0.00001
20	73	C	0.00000	0.99997	0.00000	0.00003
20	74	C	0.00000	0.99999	0.00000	0.00001
20	75	T	0.00002	0.00187	0.00001	0.99810
20	76	T	0.00000	0.00000	0.00000	1.00000
20	77	T	0.00000	0.00000	0.00000	1.00000
20	78	G	0.00001	0.00000	0.99999	0.00000
20	79	T	0.00005	0.00663	0.00001	0.99332
20	80	A	0.99999	0.00000	0.00000	0.00000
20	81	C	0.00000	1.00000	0.00000	0.00000
20	82	G	0.00000	0.00000	1.00000	0.00000
20	83	C	0.00000	1.00000	0.00000	0.00000
20	84	C	0.00000	1.00000	0.00000	0.00000
20	85	T	0.00000	0.00001	0.00000	0.99999
20	86	G	0.00015	0.00001	0.99983	0.00002
20	87	T	0.00000	0.00000	0.00000	1.00000
20	88	T	0.00000	0.00000	0.00000	1.00000
20	89	T	0.00000	0.00000	0.00000	1.00000
20	90	T	0.00000	0.00003	0.00000	0.99997
20	91	C	0.00052	0.92051	0.00014	0.07883
20	92	C	0.00001	0.99983	0.00000	0.00016
20	93	C	0.00004	0.99870	0.00001	0.00124
20	94	C	0.00022	0.98018	0.00006	0.01954
20	95	T	0.00031	0.00384	0.00004	0.99581
20	96	T	0.04927	0.08814	0.03214	0.83044
20	97	C	0.00000	0.99999	0.00000	0.00001
20	98	C	0.00000	1.00000	0.00000	0.00000
20	99	C	0.00006	0.99701	0.00002	0.00292
20	100	T	0.00001	0.00011	0.00000	0.99987
20	101	T	0.03161	0.05869	0.01973	0.88998
20	102	T	0.00764	0.01731	0.00424	0.97082
20	103	C	0.00004	0.99947	0.00002	0.00047
20	104	C	0.00000	1.00000	0.00000	0.00000
20	105	C	0.00000	1.00000	0.00000	0.00000
20	106	C	0.00000	0.99994	0.00000	0.00005
20	107	C	0.02443	0.91888	0.00102	0.05568
20	108	A	0.98680	0.00268	0.00580	0.00473
20	109	C	0.00002	0.99931	0.00001	0.00066
20	110	C	0.00006	0.99823	0.00002	0.00170
20	111	C	0.00006	0.99817	0.00002	0.00176
20	112	C	0.00006	0.99822	0.00002	0.00171
20	113	G	0.00000	0.00000	1.00000	0.00000
20	114	T	0.00023	0.01491	0.00006	0.98480
20	115	A	1.00000	0.00000	0.00000	0.00000
20	116	A	1.00000	0.00000	0.00000	0.00000
20	117	C	0.00000	0.99996	0.00000	0.00004
20	118	-	0.25630	0.24972	0.21029	0.28368
20	119	T	0.00000	0.00002	0.00000	0.99997
20	120	A	0.63269	0.10122	0.14298	0.12311
20	121	T	0.12311	0.17976	0.09768	0.59944
20	122	C	0.10122	0.63583	0.08319	0.17976
20	123	T	0.00000	0.00000	0.00000	1.00000
20	124	A	1.00000	0.00000	0.00000	0.00000
20	125	G	0.00000	0.00000	1.00000	0.00000
20	126	A	1.00000	0.00000	0.00000	0.00000
20	127	A	0.99999	0.00000	0.00000	0.00000
20	128	G	0.00000	0.00000	1.00000	0.00000
20	129	T	0.00116	0.26337	0.00029	0.73518
20	130	T	0.18297	0.19643	0.11574	0.50485
20	131	Y	0.20254	0.31003	0.14537	0.34205
20	132	A	0.83002	0.04107	0.07050	0.05841
20	133	T	0.18297	0.19643	0.11574	0.50485
20	134	A	0.99977	0.00003	0.00012	0.00008
20	135	T	0.02688	0.31635	0.00093	0.65583
20	136	T	0.00259	0.00137	0.00020	0.99584
20	137	G	0.00307	0.00003	0.99669	0.00020
20	138	A	0.97874	0.00145	0.00559	0.01422
20	139	A	0.99959	0.00005	0.00022	0.00015
20	140	C	0.00000	0.99991	0.00000	0.00009
20	141	A	0.99999	0.00000	0.00000	0.00000
20	142	C	0.00004	0.99829	0.00001	0.00165
20	143	A	0.98939	0.00148	0.00559	0.00353
20	144	A	0.99965	0.00003	0.00021	0.00011
20	145	A	0.99798	0.00010	0.00031	0.00161
20	146	C	0.00005	0.99851	0.00002	0.00142
20	147	C	0.00014	0.98212	0.00004	0.01770
20	148	A	0.64996	0.09536	0.13721	0.11747
20	149	G	0.00000	0.00000	1.00000	0.00000
20	150	A	0.99423	0.00008	0.00535	0.00035
20	151	C	0.00003	0.99901	0.00001	0.00095
20	152	C	0.00000	1.00000	0.00000	0.00000
20	153	A	1.00000	0.00000	0.00000	0.00000
20	154	A	0.99986	0.00001	0.00008	0.00005
20	155	T	0.00000	0.00003	0.00000	0.99997
20	156	A	1.00000	0.00000	0.00000	0.00000
20	157	G	0.00000	0.00000	1.00000	0.00000
20	158	Y	0.19142	0.31945	0.15970	0.32943
20	159	A	0.65351	0.07191	0.17705	0.09754
20	160	G	0.23126	0.11303	0.51997	0.13574
20	161	G	0.06178	0.02523	0.87883	0.03416
20	162	C	0.03651	0.84441	0.02647	0.09262
20	163	G	0.15551	0.06885	0.68918	0.08646
20	164	-	0.21896	0.18805	0.30560	0.28740
20	165	G	0.00654	0.00021	0.99210	0.00115
20	166	G	0.00002	0.00000	0.99997	0.00000
20	167	C	0.00006	0.99825	0.00002	0.00167
20	168	G	0.00475	0.00440	0.98852	0.00233
20	169	C	0.00025	0.93945	0.00007	0.06023
20	170	G	0.00189	0.00024	0.99588	0.00199
20	171	G	0.03039	0.00019	0.96879	0.00064
20	172	C	0.00001	0.99977	0.00000	0.00022
20	173	A	1.00000	0.00000	0.00000	0.00000
20	174	T	0.00900	0.02806	0.05458	0.90836
20	175	C	0.00000	1.00000	0.00000	0.00000
20	176	C	0.00000	1.00000	0.00000	0.00000
20	177	A	0.99999	0.00000	0.00000	0.00000
20	178	G	0.00007	0.00000	0.99992	0.00001
20	179	T	0.00102	0.38060	0.00027	0.61812
20	180	Y	0.00081	0.49029	0.00020	0.50870
20	181	G	0.03057	0.00020	0.96857	0.00067
20	182	C	0.00756	0.97645	0.00053	0.01547
20	183	G	0.00024	0.00001	0.99971	0.00003
20	184	C	0.00002	0.99228	0.00001	0.00769
20	185	A	0.98653	0.00057	0.00101	0.01189
20	186	A	0.45817	0.12887	0.25139	0.16157
20	187	A	0.99945	0.00001	0.00048	0.00005
20	188	C	0.00012	0.99738	0.00002	0.00247
20	189	G	0.00000	0.00000	1.00000	0.00000
20	190	G	0.00028	0.00001	0.99967	0.00004
20	191	T	0.00015	0.00110	0.00003	0.99871
20	192	C	0.00000	1.00000	0.00000	0.00000
20	193	A	1.00000	0.00000	0.00000	0.00000
20	194	A	0.99999	0.00000	0.00000	0.00000
20	195	G	0.00001	0.00000	0.99999	0.00000
20	196	C	0.00000	0.99996	0.00000	0.00004
20	197	A	1.00000	0.00000	0.00000	0.00000
20	198	C	0.00000	1.00000	0.00000	0.00000
20	199	T	0.00000	0.00000	0.00000	1.00000
20	200	T	0.00000	0.00000	0.00000	1.00000
20	201	C	0.00000	1.00000	0.00000	0.00000
20	202	T	0.00000	0.00000	0.00000	1.00000
20	203	G	0.00000	0.00000	1.00000	0.00000
20	204	T	0.00000	0.00000	0.00000	1.00000
20	205	T	0.00002	0.00578	0.00000	0.99420
20	206	T	0.00000	0.00002	0.00000	0.99998
20	207	Y	0.11372	0.40621	0.09201	0.38806
20	208	C	0.00000	0.99999	0.00000	0.00001
20	209	C	0.00000	0.99999	0.00000	0.00001
20	210	C	0.00000	1.00000	0.00000	0.00000
20	211	C	0.00000	0.99999	0.00000	0.00001
20	212	G	0.00000	0.00000	1.00000	0.00000
20	213	G	0.00000	0.00000	1.00000	0.00000
20	214	T	0.00008	0.00110	0.00002	0.99881
20	215	C	0.00006	0.99823	0.00002	0.00169
20	216	C	0.00024	0.99287	0.00003	0.00686
20	217	G	0.00022	0.00001	0.99975	0.00003
20	218	R	0.39906	0.13580	0.29075	0.17439
20	219	G	0.19558	0.08766	0.60488	0.11188
20	220	T	0.19460	0.24758	0.16956	0.38827
20	221	R	0.32579	0.16679	0.30709	0.20032
20	222	-	0.19526	0.30648	0.19091	0.30735
20	223	A	0.50561	0.14330	0.17738	0.17371
20	224	H	0.28892	0.21269	0.16303	0.33536
20	225	A	0.62088	0.07272	0.20895	0.09745
20	226	K	0.17468	0.19320	0.27699	0.35513
20	227	C	0.16152	0.41781	0.19291	0.22776
20	228	G	0.19127	0.13310	0.48367	0.19197
20	229	G	0.25425	0.09151	0.54277	0.11147
20	230	T	0.02454	0.05065	0.01447	0.91033
20	231	A	0.81315	0.01935	0.13495	0.03254
20	232	G	0.23659	0.12300	0.49210	0.14831
20	233	G	0.19465	0.07138	0.64153	0.09244
20	234	C	0.02006	0.82656	0.01253	0.14085
20	235	T	0.02403	0.04961	0.01416	0.91220
20	236	G	0.08583	0.04313	0.76784	0.10320
20	237	T	0.09707	0.18405	0.06642	0.65246
20	238	A	0.57240	0.11248	0.16789	0.14723
20	239	C	0.05303	0.77056	0.03782	0.13859
20	240	C	0.12168	0.53948	0.09425	0.24459
20	241	C	0.03351	0.84873	0.02332	0.09443
20	242	A	0.76871	0.05443	0.09690	0.07996
20	243	C	0.13568	0.56632	0.10934	0.18866
20	244	G	0.07328	0.02831	0.85905	0.03935
20	245	G	0.03342	0.01183	0.93760	0.01715
20	246	C	0.07789	0.67175	0.05731	0.19305
20	247	Y	0.19560	0.27055	0.15396	0.37989
20	248	G	0.12148	0.04764	0.76732	0.06356
20	249	A	0.93312	0.01461	0.02861	0.02366
20	250	A	0.85703	0.03232	0.06061	0.05003
20	251	A	0.68543	0.06484	0.15869	0.09103
20	252	G	0.22081	0.16998	0.43421	0.17500
20	253	Y	0.20553	0.35450	0.16325	0.27673
20	254	G	0.22913	0.11755	0.50745	0.14588
20	255	A	0.81346	0.04555	0.07700	0.06399
20	256	C	0.00317	0.78833	0.00025	0.20825
20	257	A	0.99953	0.00004	0.00028	0.00015
20	258	A	0.96875	0.00178	0.00244	0.02703
20	259	G	0.00180	0.00003	0.99797	0.00020
20	260	G	0.00028	0.00001	0.99967	0.00004
20	261	A	0.97453	0.00008	0.02506	0.00033
20	262	T	0.00002	0.00016	0.00000	0.99982
20	263	C	0.00000	1.00000	0.00000	0.00000
20	264	G	0.00000	0.00000	1.00000	0.00000
20	265	T	0.00000	0.00000	0.00000	1.00000
20	266	T	0.00000	0.00002	0.00000	0.99997
20	267	A	1.00000	0.00000	0.00000	0.00000
20	268	C	0.00021	0.95334	0.00006	0.04640
20	269	C	0.00000	0.99999	0.00000	0.00001
20	270	C	0.00000	0.99999	0.00000	0.00001
20	271	G	0.00000	0.00000	1.00000	0.00000
20	272	C	0.00000	0.99999	0.00000	0.00001
20	273	C	0.00000	0.99993	0.00000	0.00006
20	274	C	0.00003	0.99891	0.00001	0.00105
20	275	A	0.99070	0.00450	0.00115	0.00365
20	276	G	0.29036	0.05158	0.63924	0.01882
20	277	T	0.19491	0.02092	0.16819	0.61597
20	278	C	0.00001	0.99957	0.00000	0.00041
20	279	T	0.00025	0.10049	0.00006	0.89919
20	280	A	0.99999	0.00000	0.00001	0.00000
20	281	C	0.00000	1.00000	0.00000	0.00000
20	282	T	0.00000	0.00000	0.00000	1.00000
20	283	A	0.99997	0.00000	0.00002	0.00001
20	284	C	0.00000	1.00000	0.00000	0.00000
20	285	G	0.00936	0.00002	0.99053	0.00008
20	286	A	0.78714	0.00027	0.21148	0.00111
20	287	G	0.00919	0.00003	0.99065	0.00012
20	288	C	0.13620	0.53686	0.11900	0.20794
20	289	A	0.53284	0.13620	0.17500	0.15596
20	290	T	0.15596	0.20794	0.13254	0.50355
20	291	A	0.99999	0.00000	0.00001	0.00000
20	292	A	1.00000	0.00000	0.00000	0.00000
20	293	G	0.00027	0.00001	0.99968	0.00004
20	294	C	0.00000	0.99999	0.00000	0.00001
20	295	C	0.00000	0.99998	0.00000	0.00002
20	296	T	0.00000	0.00002	0.00000	0.99998
20	297	A	1.00000	0.00000	0.00000	0.00000
20	298	K	0.00541	0.04145	0.47638	0.47675
20	299	T	0.00000	0.00000	0.00000	1.00000
20	300	A	1.00000	0.00000	0.00000	0.00000
20	301	A	0.98450	0.00116	0.00177	0.01257
20	302	C	0.00000	0.99999	0.00000	0.00001
20	303	T	0.00049	0.07113	0.00010	0.92828
20	304	A	0.99566	0.00009	0.00386	0.00039
20	305	T	0.01525	0.22204	0.16250	0.60021
20	306	T	0.00061	0.16472	0.00015	0.83452
20	307	G	0.00106	0.03293	0.96391	0.00211
20	308	G	0.14076	0.07057	0.70052	0.08815
20	309	G	0.20995	0.11978	0.52543	0.14485
20	310	G	0.18570	0.08748	0.61856	0.10827
20	311	A	0.99995	0.00000	0.00003	0.00002
20	312	A	0.99971	0.00002	0.00017	0.00009
20	313	A	0.58977	0.00086	0.40627	0.00310
20	314	C	0.00021	0.97017	0.00013	0.02949
20	315	T	0.00059	0.00884	0.00071	0.98985
20	316	A	0.68088	0.00541	0.25835	0.05536
20	317	T	0.03561	0.00836	0.01574	0.94030
20	318	T	0.00625	0.13922	0.01475	0.83978
20	319	G	0.01529	0.00014	0.98409	0.00048
20	320	A	0.99847	0.00044	0.00053	0.00056
20	321	A	0.71178	0.00044	0.28617	0.00161
20	322	A	0.98207	0.00010	0.01738	0.00044
20	323	G	0.22531	0.14832	0.40838	0.21799
20	324	G	0.03288	0.00010	0.96665	0.00037
20	325	G	0.00000	0.00000	1.00000	0.00000
20	326	T	0.00000	0.00001	0.00000	0.99999
20	327	T	0.00000	0.00001	0.00000	0.99999
20	328	G	0.00009	0.00000	0.99990	0.00001
20	329	C	0.00000	1.00000	0.00000	0.00000
20	330	G	0.00001	0.00000	0.99999	0.00000
20	331	C	0.00001	0.99975	0.00000	0.00024
20	332	T	0.00000	0.00001	0.00000	0.99999
20	333	C	0.00000	1.00000	0.00000	0.00000
20	334	A	0.98930	0.00168	0.00781	0.00121
20	335	G	0.02060	0.00004	0.97920	0.00015
20	336	C	0.00000	1.00000	0.00000	0.00000
20	337	C	0.00001	0.99983	0.00000	0.00016
20	338	A	0.99962	0.00003	0.00023	0.00013
20	339	A	0.51680	0.12841	0.15010	0.20469
20	340	-	0.19191	0.29589	0.22240	0.28979
20	341	C	0.00002	0.99933	0.00001	0.00064
20	342	A	0.99272	0.00010	0.00676	0.00042
20	343	A	0.98088	0.00091	0.00125	0.01696
20	344	C	0.00001	0.99973	0.00000	0.00026
20	345	C	0.00000	1.00000	0.00000	0.00000
20	346	C	0.00000	1.00000	0.00000	0.00000
20	347	C	0.00000	0.99996	0.00000	0.00004
20	348	A	0.99278	0.00009	0.00671	0.00042
20	349	R	0.34199	0.14468	0.34896	0.16438
20	350	A	0.65616	0.06913	0.18416	0.09055
20	351	-	0.31320	0.22529	0.25235	0.20916
20	352	G	0.00004	0.00000	0.99995	0.00001
20	353	T	0.00000	0.00001	0.00000	0.99999
20	354	G	0.00003	0.00000	0.99996	0.00000
20	355	G	0.00003	0.00000	0.99996	0.00000
20	356	T	0.00000	0.00001	0.00000	0.99999
20	357	A	1.00000	0.00000	0.00000	0.00000
20	358	G	0.00000	0.00000	1.00000	0.00000
20	359	C	0.00005	0.99838	0.00002	0.00155
20	360	T	0.00000	0.00000	0.00000	0.99999
20	361	C	0.00001	0.99958	0.00000	0.00040
20	362	T	0.00072	0.05275	0.00018	0.94635
20	363	G	0.00000	0.00000	1.00000	0.00000
20	364	A	0.99967	0.00000	0.00032	0.00001
20	365	G	0.00352	0.00003	0.99636	0.00009
20	366	T	0.02938	0.00555	0.00059	0.96448
20	367	G	0.00000	0.00000	1.00000	0.00000
20	368	A	1.00000	0.00000	0.00000	0.00000
20	369	T	0.00000	0.00000	0.00000	1.00000
20	370	G	0.00000	0.00000	1.00000	0.00000
20	371	G	0.00003	0.00000	0.99997	0.00000
20	372	G	0.00001	0.00000	0.99999	0.00000
20	373	G	0.00001	0.00000	0.99999	0.00000
20	374	C	0.00000	1.00000	0.00000	0.00000
20	375	T	0.00000	0.00002	0.00000	0.99998
20	376	C	0.00002	0.99932	0.00001	0.00066
20	377	G	0.00001	0.00000	0.99998	0.00000
20	378	C	0.00003	0.99902	0.00001	0.00094
20	379	G	0.24697	0.00087	0.75074	0.00142
20	380	A	0.99908	0.00005	0.00070	0.00018
20	381	Y	0.01590	0.49809	0.00069	0.48532
20	382	M	0.45125	0.47469	0.01137	0.06269
20	383	A	0.94306	0.00135	0.00148	0.05411
20	384	C	0.00000	1.00000	0.00000	0.00000
20	385	C	0.00000	1.00000	0.00000	0.00000
20	386	C	0.00000	0.99998	0.00000	0.00002
20	387	C	0.00000	1.00000	0.00000	0.00000
20	388	C	0.00000	0.99999	0.00000	0.00001
20	389	G	0.00038	0.00007	0.99770	0.00185
20	390	T	0.00006	0.00044	0.00001	0.99949
20	391	G	0.00000	0.00000	1.00000	0.00000
20	392	G	0.00000	0.00000	1.00000	0.00000
20	393	T	0.00003	0.00020	0.00001	0.99977
20	394	A	0.99999	0.00000	0.00000	0.00000
20	395	A	1.00000	0.00000	0.00000	0.00000
20	396	C	0.00000	0.99999	0.00000	0.00001
20	397	A	0.99977	0.00002	0.00014	0.00008
20	398	C	0.00311	0.99393	0.00013	0.00283
20	399	G	0.00002	0.00000	0.99998	0.00000
20	400	G	0.00000	0.00000	1.00000	0.00000
20	401	T	0.19124	0.00364	0.00104	0.80409
20	402	C	0.00039	0.70511	0.00011	0.29440
20	403	G	0.00013	0.00001	0.99984	0.00002
20	404	C	0.00000	0.99996	0.00000	0.00004
20	405	T	0.00005	0.00072	0.00001	0.99921
20	406	T	0.00004	0.00027	0.00001	0.99969
20	407	G	0.00000	0.00000	1.00000	0.00000
20	408	C	0.00000	0.99995	0.00000	0.00005
20	409	C	0.00000	0.99997	0.00000	0.00002
20	410	C	0.00000	0.99995	0.00000	0.00005
20	411	G	0.00000	0.00000	1.00000	0.00000
20	412	C	0.00000	0.99999	0.00000	0.00001
20	413	G	0.00000	0.00000	1.00000	0.00000
20	414	C	0.00001	0.99112	0.00000	0.00887
20	415	G	0.00000	0.00000	1.00000	0.00000
20	416	T	0.00006	0.01235	0.00001	0.98758
20	417	G	0.00000	0.00000	1.00000	0.00000
20	418	C	0.00000	1.00000	0.00000	0.00000
20	419	A	0.99616	0.00007	0.00013	0.00364
20	420	C	0.00001	0.99912	0.00000	0.00088
20	421	T	0.00000	0.00033	0.00000	0.99967
20	422	C	0.00000	1.00000	0.00000	0.00000
20	423	G	0.00673	0.00060	0.99123	0.00144
20	424	G	0.06395	0.02655	0.87395	0.03555
20	425	C	0.03401	0.85443	0.02459	0.08697
20	426	C	0.09310	0.56711	0.06979	0.27000
20	427	C	0.10502	0.54999	0.08002	0.26497
20	428	A	0.66045	0.07871	0.15645	0.10440
20	429	C	0.02761	0.87810	0.01956	0.07474
20	430	A	0.42623	0.19464	0.19019	0.18895
20	431	C	0.03422	0.84596	0.02390	0.09592
20	432	C	0.05837	0.74313	0.04202	0.15648
20	433	Y	0.18583	0.31095	0.14755	0.35567
20	434	A	0.41234	0.19651	0.18507	0.20607
20	435	-	0.21748	0.23303	0.24963	0.29987
20	436	-	0.20648	0.25967	0.23670	0.29714
20	437	-	0.20774	0.25973	0.21534	0.31719
20	438	G	0.00000	0.00000	1.00000	0.00000
20	439	G	0.00009	0.00000	0.99989	0.00001
20	440	T	0.01131	0.00815	0.34563	0.63491
20	441	T	0.00019	0.00146	0.00004	0.99831
20	442	C	0.00010	0.98827	0.00003	0.01160
20	443	A	0.76749	0.19801	0.01429	0.02021
20	444	G	0.00473	0.00027	0.99440	0.00061
20	445	G	0.02272	0.37797	0.55545	0.04386
20	446	C	0.00050	0.78195	0.00013	0.21742
20	447	C	0.00027	0.98378	0.00003	0.01592
20	448	T	0.00978	0.01476	0.00035	0.97512
20	449	T	0.00002	0.00066	0.00000	0.99932
20	450	T	0.00123	0.11995	0.00083	0.87800
20	451	G	0.00136	0.00230	0.99544	0.00090
20	452	G	0.01191	0.00003	0.98795	0.00012
20	453	C	0.00051	0.97045	0.00266	0.02638
20	454	Y	0.00022	0.55464	0.00005	0.44509
20	455	G	0.00000	0.00000	1.00000	0.00000
20	456	T	0.00000	0.00003	0.00000	0.99996
20	457	T	0.00003	0.00023	0.00001	0.99974
20	458	C	0.00005	0.99843	0.00002	0.00150
20	459	A	0.99936	0.00005	0.00038	0.00021
20	460	C	0.00006	0.99815	0.00002	0.00178
20	461	C	0.00003	0.98424	0.00001	0.01572
20	462	T	0.00036	0.03926	0.00009	0.96029
20	463	Y	0.00147	0.44475	0.00038	0.55340
20	464	G	0.37323	0.00061	0.62401	0.00215
20	465	A	0.99929	0.00005	0.00043	0.00023
20	466	C	0.00055	0.99214	0.00423	0.00308
20	467	A	0.99813	0.00136	0.00008	0.00043
20	468	C	0.00513	0.95062	0.00010	0.04415
20	469	A	0.99998	0.00000	0.00002	0.00000
20	470	G	0.25548	0.00210	0.72230	0.02012
20	471	T	0.00011	0.01676	0.00006	0.98307
20	472	G	0.00003	0.00000	0.99996	0.00001
20	473	T	0.00001	0.00004	0.00000	0.99995
20	474	A	0.99864	0.00016	0.00074	0.00046
20	475	A	0.99864	0.00016	0.00074	0.00046
20	476	G	0.11084	0.00131	0.88436	0.00349
20	477	T	0.00046	0.00210	0.00015	0.99729
20	478	G	0.23457	0.00251	0.75658	0.00634
20	479	G	0.00003	0.00000	0.99996	0.00001
20	480	C	0.00042	0.99198	0.00017	0.00742
20	481	C	0.00069	0.99081	0.00425	0.00425
20	482	A	1.00000	0.00000	0.00000	0.00000
20	483	A	1.00000	0.00000	0.00000	0.00000
20	484	G	0.00000	0.00000	1.00000	0.00000
20	485	A	0.99762	0.00181	0.00014	0.00043
20	486	G	0.00000	0.00000	1.00000	0.00000
20	487	C	0.00001	0.99968	0.00000	0.00031
20	488	C	0.00000	1.00000	0.00000	0.00000
20	489	T	0.00001	0.00010	0.00000	0.99989
20	490	A	0.99997	0.00000	0.00002	0.00001
20	491	T	0.00045	0.22299	0.00011	0.77645
20	492	T	0.00000	0.00000	0.00000	0.99999
20	493	G	0.00000	0.00000	1.00000	0.00000
20	494	T	0.00001	0.00010	0.00000	0.99989
20	495	G	0.00000	0.00000	1.00000	0.00000
20	496	C	0.00000	1.00000	0.00000	0.00000
20	497	T	0.00000	0.00000	0.00000	1.00000
20	498	G	0.03869	0.00016	0.96057	0.00058
20	499	C	0.10650	0.51721	0.08338	0.29292
20	500	G	0.00008	0.00000	0.99991	0.00001
20	501	T	0.38126	0.01470	0.00700	0.59705
20	502	T	0.00666	0.00661	0.01536	0.97137
20	503	T	0.00190	0.00239	0.00376	0.99195
20	504	G	0.00029	0.00001	0.99966	0.00004
20	505	G	0.00008	0.00000	0.99991	0.00001
20	506	T	0.00003	0.00022	0.00001	0.99974
20	507	T	0.00003	0.00033	0.00001	0.99964
20	508	T	0.02348	0.00481	0.00085	0.97085
20	509	T	0.00000	0.00001	0.00000	0.99998
20	510	C	0.00000	1.00000	0.00000	0.00000
20	511	C	0.00000	0.99998	0.00000	0.00002
20	512	T	0.00000	0.00000	0.00000	1.00000
20	513	C	0.00000	1.00000	0.00000	0.00000
20	514	C	0.00000	0.99999	0.00000	0.00001
20	515	G	0.00000	0.00000	1.00000	0.00000
20	516	G	0.00000	0.00000	1.00000	0.00000
20	517	A	0.95716	0.00004	0.04264	0.00015
20	518	G	0.00000	0.00000	1.00000	0.00000
20	519	C	0.00001	0.99982	0.00000	0.00017
20	520	C	0.00000	1.00000	0.00000	0.00000
20	521	G	0.00000	0.00000	1.00000	0.00000
20	522	T	0.00000	0.00000	0.00000	1.00000
20	523	G	0.00000	0.00000	1.00000	0.00000
20	524	A	1.00000	0.00000	0.00000	0.00000
20	525	A	1.00000	0.00000	0.00000	0.00000
20	526	T	0.00000	0.00000	0.00000	1.00000
20	527	G	0.00000	0.00000	1.00000	0.00000
20	528	C	0.00000	0.99999	0.00000	0.00001
20	529	T	0.00000	0.00002	0.00000	0.99998
20	530	G	0.00000	0.00000	1.00000	0.00000
20	531	C	0.00000	0.99999	0.00000	0.00001
20	532	T	0.00000	0.00000	0.00000	1.00000
20	533	A	1.00000	0.00000	0.00000	0.00000
20	534	A	1.00000	0.00000	0.00000	0.00000
20	535	T	0.00001	0.00006	0.00000	0.99993
20	536	C	0.00000	1.00000	0.00000	0.00000
20	537	C	0.00000	0.99990	0.00000	0.00009
20	538	C	0.00016	0.92452	0.00004	0.07528
20	539	A	1.00000	0.00000	0.00000	0.00000
20	540	A	1.00000	0.00000	0.00000	0.00000
20	541	C	0.00000	1.00000	0.00000	0.00000
20	542	C	0.00000	0.99997	0.00000	0.00003
20	543	T	0.00056	0.04746	0.00014	0.95184
20	544	C	0.00000	0.99989	0.00000	0.00010
20	545	C	0.00001	0.99972	0.00000	0.00027
20	546	G	0.01068	0.00003	0.98917	0.00011
20	547	A	1.00000	0.00000	0.00000	0.00000
20	548	G	0.00000	0.00000	1.00000	0.00000
20	549	C	0.00000	0.99999	0.00000	0.00001
20	550	G	0.00029	0.00001	0.99966	0.00004
20	551	T	0.00018	0.00131	0.00004	0.99847
20	552	G	0.00038	0.00002	0.99956	0.00005
20	553	T	0.00003	0.00025	0.00001	0.99971
20	554	G	0.00014	0.00001	0.99984	0.00002
20	555	C	0.00002	0.99925	0.00001	0.00071
20	556	G	0.00038	0.00002	0.99956	0.00005
20	557	C	0.00003	0.99922	0.00001	0.00075
20	558	A	0.99955	0.00003	0.00027	0.00014
20	559	C	0.00000	0.99994	0.00000	0.00006
20	560	A	0.99996	0.00000	0.00002	0.00001
20	561	A	1.00000	0.00000	0.00000	0.00000
20	562	T	0.02891	0.00649	0.00113	0.96346
20	563	C	0.00000	1.00000	0.00000	0.00000
20	564	C	0.00000	1.00000	0.00000	0.00000
20	565	A	1.00000	0.00000	0.00000	0.00000
20	566	G	0.00003	0.00000	0.99996	0.00000
20	567	T	0.00006	0.00044	0.00001	0.99949
20	568	G	0.00023	0.00001	0.99973	0.00003
20	569	G	0.27472	0.14779	0.40143	0.17606
20	570	T	0.00022	0.00157	0.00005	0.99816
20	571	T	0.00002	0.00016	0.00000	0.99982
20	572	G	0.00021	0.00001	0.99976	0.00003
20	573	C	0.00001	0.99963	0.00000	0.00036
20	574	T	0.00025	0.00180	0.00006	0.99790
20	575	A	0.99938	0.00005	0.00037	0.00020
20	576	C	0.00004	0.99886	0.00001	0.00109
20	577	G	0.00000	0.00000	1.00000	0.00000
20	578	T	0.00000	0.00000	0.00000	1.00000
20	579	C	0.00000	0.99999	0.00000	0.00001
20	580	G	0.00001	0.00000	0.99999	0.00000
20	581	T	0.00000	0.00000	0.00000	1.00000
20	582	A	1.00000	0.00000	0.00000	0.00000
20	583	A	1.00000	0.00000	0.00000	0.00000
20	584	C	0.00001	0.99973	0.00000	0.00026
20	585	G	0.00001	0.00000	0.99999	0.00000
20	586	C	0.00001	0.99967	0.00000	0.00032
20	587	G	0.00000	0.00000	1.00000	0.00000
20	588	T	0.00061	0.07072	0.00015	0.92852
20	589	A	1.00000	0.00000	0.00000	0.00000
20	590	A	1.00000	0.00000	0.00000	0.00000
20	591	G	0.00016	0.00001	0.99982	0.00002
20	592	T	0.00000	0.00000	0.00000	1.00000
20	593	T	0.00002	0.00017	0.00001	0.99980
20	594	G	0.00027	0.00001	0.99969	0.00003
20	595	G	0.00000	0.00000	1.00000	0.00000
20	596	A	0.99984	0.00001	0.00010	0.00005
20	597	G	0.00001	0.00000	0.99999	0.00000
20	598	G	0.00020	0.00001	0.99977	0.00003
20	599	C	0.00000	0.99992	0.00000	0.00008
20	600	G	0.00000	0.00000	1.00000	0.00000
20	601	G	0.00000	0.00000	1.00000	0.00000
20	602	A	0.99995	0.00000	0.00003	0.00002
20	603	A	1.00000	0.00000	0.00000	0.00000
20	604	C	0.00000	1.00000	0.00000	0.00000
20	605	A	1.00000	0.00000	0.00000	0.00000
20	606	G	0.00007	0.00000	0.99993	0.00000
20	607	A	1.00000	0.00000	0.00000	0.00000
20	608	C	0.00000	1.00000	0.00000	0.00000
20	609	T	0.00000	0.00000	0.00000	1.00000
20	610	A	1.00000	0.00000	0.00000	0.00000
20	611	C	0.00000	1.00000	0.00000	0.00000
20	612	T	0.00000	0.00000	0.00000	1.00000
20	613	T	0.00000	0.00000	0.00000	1.00000
20	614	T	0.00000	0.00000	0.00000	1.00000
20	615	C	0.00000	0.99998	0.00000	0.00002
20	616	G	0.00000	0.00000	1.00000	0.00000
20	617	G	0.00000	0.00000	1.00000	0.00000
20	618	T	0.00001	0.00006	0.00000	0.99993
20	619	A	0.99998	0.00000	0.00001	0.00001
20	620	C	0.00002	0.99933	0.00001	0.00064
20	621	T	0.00002	0.01110	0.00000	0.98887
20	622	C	0.00000	0.99999	0.00000	0.00001
20	623	C	0.00000	0.99999	0.00000	0.00001
20	624	G	0.00000	0.00000	1.00000	0.00000
20	625	T	0.00000	0.00000	0.00000	1.00000
20	626	G	0.00000	0.00000	1.00000	0.00000
20	627	T	0.00000	0.00000	0.00000	1.00000
20	628	T	0.00000	0.00000	0.00000	1.00000
20	629	T	0.00000	0.00000	0.00000	1.00000
20	630	C	0.00000	1.00000	0.00000	0.00000
20	631	C	0.00002	0.99718	0.00000	0.00280
20	632	T	0.00000	0.00002	0.00000	0.99998
20	633	T	0.00022	0.00223	0.00005	0.99749
20	634	T	0.00000	0.00000	0.00000	0.99999
20	635	A	0.98036	0.00091	0.00870	0.01003
20	636	T	0.00003	0.00019	0.00001	0.99978
20	637	T	0.00008	0.01213	0.00001	0.98777
20	638	T	0.00001	0.00005	0.00000	0.99994
20	639	T	0.00712	0.15256	0.02622	0.81409
20	640	A	0.68444	0.00425	0.00199	0.30932
20	641	T	0.00000	0.00002	0.00000	0.99998
20	642	T	0.00100	0.00212	0.00008	0.99680
20	643	T	0.00883	0.00483	0.00040	0.98594
20	644	T	0.00118	0.00256	0.00010	0.99617
20	645	T	0.00186	0.02162	0.00318	0.97334
20	646	D	0.19408	0.18448	0.31557	0.30587
20	647	W	0.31956	0.18862	0.15397	0.33785
20	648	T	0.41970	0.00695	0.00371	0.56964
20	649	A	0.99348	0.00066	0.00405	0.00181
20	650	A	0.98838	0.00111	0.00748	0.00303
20	651	A	0.98760	0.00352	0.00091	0.00797
20	652	A	0.99990	0.00001	0.00006	0.00003
20	653	T	0.13250	0.15628	0.00408	0.70714
20	654	T	0.00000	0.00004	0.00000	0.99996
20	655	T	0.00000	0.00000	0.00000	1.00000
20	656	T	0.00000	0.00000	0.00000	1.00000
20	657	A	1.00000	0.00000	0.00000	0.00000
20	658	T	0.00000	0.00000	0.00000	1.00000
20	659	G	0.00000	0.00000	1.00000	0.00000
20	660	G	0.00000	0.00000	1.00000	0.00000
20	661	T	0.00000	0.00000	0.00000	1.00000
20	662	G	0.00001	0.00000	0.99999	0.00000
20	663	A	1.00000	0.00000	0.00000	0.00000
20	664	C	0.00000	1.00000	0.00000	0.00000
20	665	A	1.00000	0.00000	0.00000	0.00000
20	666	A	0.99998	0.00000	0.00001	0.00001
20	667	T	0.00003	0.00026	0.00001	0.99970
20	668	T	0.00005	0.00046	0.00001	0.99947
20	669	G	0.12618	0.06840	0.72299	0.08243
20	670	T	0.16112	0.21572	0.11391	0.50925
20	671	A	0.72850	0.05749	0.12489	0.08912
20	672	A	0.88226	0.02421	0.05373	0.03980
20	673	C	0.10708	0.59634	0.09011	0.20646
20	674	G	0.10572	0.03020	0.81959	0.04450
20	675	T	0.00331	0.00668	0.00192	0.98809
20	676	T	0.00331	0.00668	0.00192	0.98809
20	677	G	0.01486	0.00453	0.97367	0.00694
20	678	C	0.00493	0.96349	0.00316	0.02842
20	679	C	0.00928	0.93581	0.00590	0.04901
20	680	A	0.99049	0.00196	0.00414	0.00341
20	681	T	0.03928	0.10412	0.02239	0.83421
20	682	T	0.00931	0.02983	0.00533	0.95553
20	683	G	0.01743	0.00383	0.97278	0.00597
20	684	A	0.97962	0.00331	0.00654	0.01054
20	685	A	0.99305	0.00143	0.00302	0.00250
20	686	T	0.00839	0.01716	0.00486	0.96959
20	687	A	0.99305	0.00143	0.00302	0.00250
20	688	T	0.02769	0.04940	0.02382	0.89909
20	689	T	0.03760	0.11177	0.02109	0.82954
20	690	G	0.04346	0.01352	0.92027	0.02275
20	691	S	0.18142	0.28596	0.39601	0.13662
20	692	C	0.01554	0.91616	0.00977	0.05854
20	693	T	0.01317	0.02734	0.00745	0.95205
20	694	T	0.00221	0.00438	0.00128	0.99213
20	695	G	0.14452	0.08477	0.67147	0.09925
20	696	A	0.62805	0.10280	0.14452	0.12463
20	697	G	0.01684	0.00397	0.97288	0.00630
20	698	T	0.07324	0.06673	0.24966	0.61038
20	699	A	0.90924	0.01816	0.04157	0.03103
20	700	T	0.00726	0.01665	0.00396	0.97213
20	701	T	0.00286	0.00626	0.00159	0.98930
20	702	G	0.13642	0.06304	0.71985	0.08069
20	703	G	0.09779	0.04132	0.80586	0.05503
20	704	C	0.04666	0.79775	0.03332	0.12226
20	705	C	0.04666	0.79775	0.03332	0.12226
20	706	A	0.79327	0.04868	0.08672	0.07132
20	707	T	0.14253	0.22383	0.10706	0.52659
20	708	C	0.04666	0.79775	0.03332	0.12226
20	709	C	0.07721	0.68729	0.05752	0.17798
20	710	G	0.04658	0.01752	0.91125	0.02465
20	711	G	0.13396	0.07430	0.70296	0.08877
20	712	T	0.11433	0.17135	0.08877	0.62555
20	713	G	0.13396	0.07430	0.70296	0.08877
20	714	A	0.64996	0.09536	0.13721	0.11747
20	715	C	0.09536	0.65280	0.07743	0.17441
20	716	C	0.00539	0.96624	0.00333	0.02504
20	717	T	0.00216	0.00475	0.00121	0.99188
20	718	T	0.00039	0.00162	0.00014	0.99786
20	719	A	0.99366	0.00082	0.00322	0.00231
20	720	C	0.00465	0.84498	0.00195	0.14842
20	721	A	0.99571	0.00056	0.00223	0.00150
20	722	T	0.00018	0.00069	0.00006	0.99907
20	723	T	0.12823	0.01655	0.00779	0.84744
20	724	G	0.00350	0.00061	0.99495	0.00095
20	725	A	0.99986	0.00002	0.00007	0.00005
20	726	T	0.00392	0.16613	0.00142	0.82854
20	727	C	0.00031	0.99095	0.00014	0.00860
20	728	T	0.00006	0.00025	0.00002	0.99967
20	729	G	0.12851	0.02166	0.57581	0.27402
20	730	C	0.00099	0.98731	0.00074	0.01096
20	731	T	0.00148	0.01243	0.00053	0.98556
20	732	T	0.01375	0.18349	0.00286	0.79989
20	733	G	0.00122	0.00014	0.99834	0.00030
20	734	T	0.00055	0.00218	0.00020	0.99706
20	735	T	0.00138	0.13143	0.00054	0.86665
20	736	T	0.00006	0.00025	0.00002	0.99967
20	737	A	0.68620	0.01334	0.04154	0.25892
20	738	T	0.00070	0.02823	0.00024	0.97082
20	739	A	0.63466	0.10055	0.14233	0.12247
20	740	C	0.10055	0.63776	0.08253	0.17916
20	741	T	0.12247	0.17916	0.09702	0.60135
20	742	C	0.10055	0.63776	0.08253	0.17916
20	743	G	0.14233	0.08253	0.67812	0.09702
20	744	T	0.12247	0.17916	0.09702	0.60135
20	745	M	0.34991	0.26686	0.17229	0.21094
20	746	T	0.00430	0.27891	0.00158	0.71522
20	747	T	0.00067	0.00268	0.00025	0.99640
20	748	G	0.00242	0.00028	0.99673	0.00057
20	749	A	0.99980	0.00003	0.00011	0.00007
20	750	A	0.99619	0.00049	0.00200	0.00132
20	751	T	0.00294	0.14107	0.00115	0.85484
20	752	C	0.00501	0.80202	0.00209	0.19088
20	753	T	0.00315	0.00947	0.00207	0.98531
20	754	C	0.13924	0.61386	0.01312	0.23378
20	755	A	0.83692	0.10905	0.01312	0.04090
20	756	A	0.99244	0.00086	0.00299	0.00372
20	757	A	0.85080	0.00175	0.14308	0.00438
20	758	T	0.00554	0.34883	0.00215	0.64347
20	759	A	0.99981	0.00002	0.00010	0.00007
20	760	C	0.00205	0.84133	0.00080	0.15582
20	761	A	0.99981	0.00002	0.00010	0.00007
20	762	A	0.99358	0.00073	0.00373	0.00197
20	763	A	0.98254	0.00109	0.01329	0.00308
20	764	T	0.04316	0.05522	0.00248	0.89914
20	765	T	0.00115	0.02620	0.00041	0.97224
20	766	A	0.98352	0.00022	0.01559	0.00066
20	767	D	0.36266	0.11368	0.27125	0.25241
20	768	A	0.98845	0.00125	0.00378	0.00652
20	769	W	0.51455	0.02659	0.01233	0.44653
20	770	C	0.04585	0.90839	0.00361	0.04216
20	771	A	0.98523	0.00145	0.00278	0.01054
20	772	A	0.99450	0.00078	0.00270	0.00203
20	773	G	0.19125	0.00438	0.79436	0.01001
20	774	C	0.01074	0.72440	0.01037	0.25449
20	775	A	0.99969	0.00004	0.00016	0.00011
20	776	A	0.99810	0.00024	0.00100	0.00066
20	777	A	0.98812	0.00350	0.00367	0.00470
20	778	A	0.99969	0.00004	0.00016	0.00011
20	779	T	0.00009	0.00036	0.00003	0.99952
20	780	G	0.00021	0.00002	0.99971	0.00005
33	1	T	0.04286	0.07776	0.02751	0.85188
33	2	T	0.04286	0.07776	0.02751	0.85188
33	3	T	0.00000	0.00000	0.00000	1.00000
33	4	T	0.00003	0.00001	0.00000	0.99996
33	5	A	0.99997	0.00000	0.00000	0.00003
33	6	A	1.00000	0.00000	0.00000	0.00000
33	7	A	1.00000	0.00000	0.00000	0.00000
33	8	A	0.99997	0.00002	0.00000	0.00001
33	9	C	0.00000	0.99997	0.00000	0.00003
33	10	A	1.00000	0.00000	0.00000	0.00000
33	11	G	0.00010	0.00000	0.99990	0.00000
33	12	C	0.00000	0.99982	0.00000	0.00017
33	13	C	0.00000	0.99982	0.00000	0.00018
33	14	T	0.00007	0.00440	0.00001	0.99552
33	15	G	0.00011	0.00000	0.99987	0.00001
33	16	G	0.00012	0.00000	0.99987	0.00001
33	17	G	0.00000	0.00000	1.00000	0.00000
33	18	G	0.00000	0.00000	1.00000	0.00000
33	19	G	0.00000	0.00000	1.00000	0.00000
33	20	T	0.00000	0.00000	0.00000	1.00000
33	21	T	0.00000	0.00000	0.00000	1.00000
33	22	G	0.00000	0.00000	1.00000	0.00000
33	23	T	0.00000	0.00000	0.00000	1.00000
33	24	W	0.44260	0.00366	0.00124	0.55249
33	25	C	0.00000	1.00000	0.00000	0.00000
33	26	C	0.00000	1.00000	0.00000	0.00000
33	27	C	0.00000	1.00000	0.00000	0.00000
33	28	A	1.00000	0.00000	0.00000	0.00000
33	29	C	0.00000	1.00000	0.00000	0.00000
33	30	C	0.00000	1.00000	0.00000	0.00000
33	31	C	0.00000	1.00000	0.00000	0.00000
33	32	C	0.00001	0.99943	0.00000	0.00056
33	33	T	0.00037	0.03700	0.00007	0.96256
33	34	G	0.00447	0.00002	0.99545	0.00007
33	35	G	0.00006	0.00000	0.99994	0.00001
33	36	G	0.00000	0.00000	1.00000	0.00000
33	37	G	0.00001	0.00000	0.99999	0.00000
33	38	C	0.00000	1.00000	0.00000	0.00000
33	39	C	0.00000	1.00000	0.00000	0.00000
33	40	C	0.00000	1.00000	0.00000	0.00000
33	41	A	1.00000	0.00000	0.00000	0.00000
33	42	C	0.00000	0.99998	0.00000	0.00002
33	43	G	0.00004	0.00000	0.99996	0.00000
33	44	T	0.00001	0.00015	0.00000	0.99984
33	45	G	0.00000	0.00000	1.00000	0.00000
33	46	G	0.00000	0.00000	1.00000	0.00000
33	47	C	0.00000	0.99979	0.00000	0.00020
33	48	G	0.00000	0.00000	1.00000	0.00000
33	49	G	0.12193	0.06453	0.73507	0.07847
33	50	C	0.00033	0.97346	0.00070	0.02551
33	51	T	0.00001	0.00243	0.00000	0.99756
33	52	A	0.99999	0.00000	0.00001	0.00000
33	53	G	0.00000	0.00000	1.00000	0.00000
33	54	T	0.00000	0.00003	0.00000	0.99997
33	55	A	0.99986	0.00000	0.00014	0.00000
33	56	C	0.00000	1.00000	0.00000	0.00000
33	57	T	0.00000	0.00052	0.00000	0.99948
33	58	C	0.00000	0.99987	0.00000	0.00013
33	59	T	0.00000	0.00000	0.00000	1.00000
33	60	G	0.00000	0.00000	1.00000	0.00000
33	61	G	0.00000	0.00000	1.00000	0.00000
33	62	T	0.00000	0.00098	0.00000	0.99902
33	63	A	0.99524	0.00008	0.00012	0.00456
33	64	C	0.00002	0.99679	0.00000	0.00319
33	65	G	0.00014	0.00000	0.99985	0.00001
33	66	C	0.00046	0.82107	0.00007	0.17840
33	67	T	0.00000	0.00005	0.00000	0.99994
33	68	C	0.06550	0.78009	0.03331	0.12110
33	69	A	1.00000	0.00000	0.00000	0.00000
33	70	G	0.00000	0.00000	1.00000	0.00000
33	71	T	0.00315	0.00017	0.00001	0.99667
33	72	A	0.99864	0.00000	0.00134	0.00001
33	73	C	0.00000	0.99999	0.00000	0.00001
33	74	C	0.00000	1.00000	0.00000	0.00000
33	75	T	0.00002	0.00511	0.00000	0.99486
33	76	T	0.00000	0.00000	0.00000	1.00000
33	77	T	0.00000	0.00000	0.00000	1.00000
33	78	G	0.00000	0.00000	1.00000	0.00000
33	79	T	0.00000	0.00050	0.00000	0.99949
33	80	A	1.00000	0.00000	0.00000	0.00000
33	81	C	0.00000	1.00000	0.00000	0.00000
33	82	G	0.00000	0.00000	1.00000	0.00000
33	83	C	0.00000	1.00000	0.00000	0.00000
33	84	C	0.00000	1.00000	0.00000	0.00000
33	85	T	0.00000	0.00000	0.00000	1.00000
33	86	G	0.00005	0.00000	0.99995	0.00000
33	87	T	0.00000	0.00000	0.00000	1.00000
33	88	T	0.00000	0.00000	0.00000	1.00000
33	89	T	0.00000	0.00000	0.00000	1.00000
33	90	T	0.00000	0.00001	0.00000	0.99999
33	91	C	0.00011	0.96023	0.00002	0.03964
33	92	C	0.00000	0.99993	0.00000	0.00007
33	93	C	0.00001	0.99940	0.00000	0.00059
33	94	C	0.00003	0.99581	0.00001	0.00415
33	95	T	0.00048	0.00604	0.00002	0.99346
33	96	T	0.04527	0.08171	0.02923	0.84379
33	97	C	0.00000	0.99998	0.00000	0.00002
33	98	C	0.00000	1.00000	0.00000	0.00000
33	99	C	0.00002	0.99652	0.00001	0.00345
33	100	T	0.00000	0.00004	0.00000	0.99995
33	101	T	0.02666	0.04998	0.01644	0.90692
33	102	T	0.00119	0.00495	0.00042	0.99344
33	103	C	0.00000	0.99990	0.00000	0.00009
33	104	C	0.00000	1.00000	0.00000	0.00000
33	105	C	0.00000	1.00000	0.00000	0.00000
33	106	C	0.00000	0.99997	0.00000	0.00003
33	107	C	0.00738	0.93948	0.00023	0.05290
33	108	A	0.99912	0.00010	0.00047	0.00030
33	109	C	0.00001	0.99969	0.00000	0.00030
33	110	C	0.00002	0.99920	0.00000	0.00078
33	111	C	0.00002	0.99915	0.00000	0.00083
33	112	C	0.00001	0.99917	0.00000	0.00081
33	113	G	0.00000	0.00000	1.00000	0.00000
33	114	T	0.00006	0.00299	0.00002	0.99693
33	115	A	1.00000	0.00000	0.00000	0.00000
33	116	A	1.00000	0.00000	0.00000	0.00000
33	117	C	0.00000	0.99999	0.00000	0.00001
33	118	-	0.25661	0.24934	0.20883	0.28522
33	119	T	0.00000	0.00001	0.00000	0.99999
33	120	A	0.63633	0.09998	0.14177	0.12192
33	121	T	0.12192	0.17865	0.09646	0.60296
33	122	C	0.09998	0.63940	0.08197	0.17865
33	123	T	0.00000	0.00000	0.00000	1.00000
33	124	A	1.00000	0.00000	0.00000	0.00000
33	125	G	0.00000	0.00000	1.00000	0.00000
33	126	A	1.00000	0.00000	0.00000	0.00000
33	127	A	1.00000	0.00000	0.00000	0.00000
33	128	G	0.00000	0.00000	1.00000	0.00000
33	129	Y	0.00046	0.47050	0.00009	0.52895
33	130	T	0.18206	0.19426	0.11346	0.51023
33	131	Y	0.20118	0.31129	0.14257	0.34497
33	132	A	0.83465	0.03981	0.06869	0.05685
33	133	T	0.18206	0.19426	0.11346	0.51023
33	134	A	0.99999	0.00000	0.00001	0.00000
33	135	T	0.04417	0.28040	0.00099	0.67445
33	136	T	0.00680	0.00153	0.00051	0.99116
33	137	G	0.00670	0.00004	0.99273	0.00053
33	138	A	0.94986	0.00371	0.01109	0.03534
33	139	A	0.99969	0.00008	0.00011	0.00013
33	140	C	0.00001	0.99993	0.00000	0.00006
33	141	A	1.00000	0.00000	0.00000	0.00000
33	142	C	0.00003	0.99834	0.00001	0.00162
33	143	A	0.98973	0.00142	0.00546	0.00339
33	144	A	0.99989	0.00001	0.00007	0.00003
33	145	A	0.99490	0.00019	0.00034	0.00457
33	146	C	0.00001	0.99937	0.00000	0.00062
33	147	C	0.00014	0.96888	0.00003	0.03095
33	148	A	0.65404	0.09399	0.13583	0.11613
33	149	G	0.00000	0.00000	1.00000	0.00000
33	150	A	0.98787	0.00008	0.01166	0.00039
33	151	C	0.00001	0.99955	0.00000	0.00044
33	152	C	0.00000	1.00000	0.00000	0.00000
33	153	A	1.00000	0.00000	0.00000	0.00000
33	154	A	0.99996	0.00000	0.00003	0.00001
33	155	T	0.00000	0.00001	0.00000	0.99999
33	156	A	1.00000	0.00000	0.00000	0.00000
33	157	G	0.00000	0.00000	1.00000	0.00000
33	158	Y	0.18890	0.32147	0.15665	0.33298
33	159	A	0.65999	0.06971	0.17518	0.09512
33	160	G	0.23016	0.10974	0.52748	0.13263
33	161	G	0.05994	0.02428	0.88279	0.03299
33	162	C	0.03530	0.84885	0.02551	0.09033
33	163	G	0.15335	0.06664	0.69588	0.08412
33	164	K	0.15051	0.12018	0.40204	0.32727
33	165	G	0.01464	0.00070	0.98093	0.00373
33	166	G	0.00001	0.00000	0.99999	0.00000
33	167	C	0.00001	0.99923	0.00000	0.00075
33	168	G	0.00204	0.00026	0.99747	0.00023
33	169	C	0.00005	0.96466	0.00001	0.03528
33	170	G	0.00353	0.00080	0.98876	0.00690
33	171	G	0.00490	0.00002	0.99501	0.00007
33	172	C	0.00000	0.99991	0.00000	0.00009
33	173	A	1.00000	0.00000	0.00000	0.00000
33	174	T	0.00494	0.02858	0.03632	0.93016
33	175	C	0.00000	1.00000	0.00000	0.00000
33	176	C	0.00000	1.00000	0.00000	0.00000
33	177	A	1.00000	0.00000	0.00000	0.00000
33	178	G	0.00002	0.00000	0.99998	0.00000
33	179	C	0.00018	0.89448	0.00004	0.10529
33	180	Y	0.00044	0.50044	0.00008	0.49904
33	181	G	0.00413	0.00002	0.99579	0.00007
33	182	C	0.00076	0.99027	0.00005	0.00893
33	183	G	0.00008	0.00000	0.99991	0.00001
33	184	C	0.00003	0.97839	0.00001	0.02158
33	185	A	0.96825	0.00108	0.00101	0.02965
33	186	A	0.46439	0.12578	0.25074	0.15909
33	187	A	0.99897	0.00001	0.00099	0.00003
33	188	C	0.00020	0.99761	0.00001	0.00217
33	189	G	0.00000	0.00000	1.00000	0.00000
33	190	G	0.00010	0.00000	0.99989	0.00001
33	191	T	0.00006	0.00050	0.00001	0.99944
33	192	C	0.00000	1.00000	0.00000	0.00000
33	193	A	1.00000	0.00000	0.00000	0.00000
33	194	A	1.00000	0.00000	0.00000	0.00000
33	195	G	0.00000	0.00000	1.00000	0.00000
33	196	C	0.00000	0.99999	0.00000	0.00001
33	197	A	1.00000	0.00000	0.00000	0.00000
33	198	C	0.00000	1.00000	0.00000	0.00000
33	199	T	0.00000	0.00000	0.00000	1.00000
33	200	T	0.00000	0.00000	0.00000	1.00000
