24
Falcovirus_A1_strain_kestrel/VOVE0622/2013/HUN           0.0000000 3.1060861 2.4796484 1.6795533 2.0378104 1.5035828 1.7186365 1.6622323 1.7192519 1.6995979 2.2400536 1.8755682 2.0053466 2.3602860 2.1042063 2.0201705 1.7140198 2.0156415 1.7974648 1.6869532 1.9785705 1.9795242 1.9995353 1.9104853 
Bovine_rhinovirus_1_strain_SD-1                          3.1060861 0.0000000 2.3581312 2.0731721 1.7628379 1.9131122 1.6002402 1.8144376 1.8437095 1.6471550 1.8796421 2.6372519 2.4328709 1.8726530 1.6719447 1.7622793 1.6487895 1.7592531 1.7214267 1.6052631 1.6577545 1.5641627 1.5997518 1.7056094 
Ophiostoma_mitovirus_4                                   2.4796484 2.3581312 0.0000000 1.2319311 1.5522334 1.4321540 1.3109170 1.5526524 1.6503254 1.7414428 1.6258661 1.6752546 1.7311715 1.3651248 1.3110796 1.3357443 1.3896752 1.3774438 1.3892594 1.1613483 1.2285792 1.3870576 1.2897898 1.3754098 
Cryphonectria_parasitica_mitovirus_1-NB631               1.6795533 2.0731721 1.2319311 0.0000000 0.9878018 0.8397221 0.9984660 0.7819216 0.7575377 0.8058962 1.0036772 0.9274710 0.8740258 1.2701771 0.7259650 0.6546527 0.6812052 0.6812052 0.8505098 0.6734974 0.7402733 0.9514329 0.7370176 0.7409511 
Bovine_enterovirus                                       2.0378104 1.7628379 1.5522334 0.9878018 0.0000000 0.3785226 0.4001009 0.3202097 0.3431292 0.3703029 0.9013552 0.6797333 0.7602625 0.9281710 0.7923297 0.8264382 0.8287769 0.8510494 0.8164137 0.7705725 0.7897689 0.8244335 0.7670135 0.9042277 
Possum_enterovirus_W1                                    1.5035828 1.9131122 1.4321540 0.8397221 0.3785226 0.0000000 0.3094561 0.2834397 0.2994703 0.2968366 0.8837505 0.7421715 0.7511451 0.8806006 0.6966127 0.8209921 0.7542750 0.8297614 0.8585863 0.7051986 0.7572104 0.8319318 0.7665293 0.8514374 
Enterovirus_goat/JL14                                    1.7186365 1.6002402 1.3109170 0.9984660 0.4001009 0.3094561 0.0000000 0.2669698 0.2745009 0.2874861 0.9336376 0.6797852 0.7705985 0.9346570 0.7229251 0.9516586 0.8509956 0.8941911 0.8705853 0.7706306 0.7741284 0.8045059 0.8655357 0.9774454 
Enterovirus_AN12_genomic_RNA                             1.6622323 1.8144376 1.5526524 0.7819216 0.3202097 0.2834397 0.2669698 0.0000000 0.2107792 0.2062571 0.8676715 0.6598292 0.7029413 0.9997248 0.7156045 0.8520197 0.8177129 0.8322500 0.8599160 0.7335734 0.7475660 0.7670943 0.7502841 0.8711725 
Yak_enterovirus_strain_SWUN-AB001                        1.7192519 1.8437095 1.6503254 0.7575377 0.3431292 0.2994703 0.2745009 0.2107792 0.0000000 0.1548279 0.8961903 0.7299606 0.6826842 0.9313406 0.7232829 0.8884009 0.8725446 0.8624657 0.8369116 0.7326924 0.7333672 0.7513462 0.7887624 0.8585961 
Enterovirus_F_strain_BEV-261_polyprotein_gene            1.6995979 1.6471550 1.7414428 0.8058962 0.3703029 0.2968366 0.2874861 0.2062571 0.1548279 0.0000000 0.8938650 0.6848910 0.6782938 1.0217064 0.7063427 0.8666222 0.8673287 0.9184126 0.8365288 0.7538502 0.7646488 0.7988843 0.8190454 0.9064095 
Human_rhinovirus_14                                      2.2400536 1.8796421 1.6258661 1.0036772 0.9013552 0.8837505 0.9336376 0.8676715 0.8961903 0.8938650 0.0000000 0.6954567 0.6244927 0.6840087 0.5725110 0.6713355 0.6649463 0.6877843 0.6584558 0.7215536 0.6382236 0.6632899 0.6632096 0.6621338 
Human_rhinovirus_C                                       1.8755682 2.6372519 1.6752546 0.9274710 0.6797333 0.7421715 0.6797852 0.6598292 0.7299606 0.6848910 0.6954567 0.0000000 0.4187857 0.8847398 0.7067555 0.6589737 0.6642001 0.6852566 0.6765554 0.5311088 0.5507425 0.6576458 0.6529307 0.7686327 
Human_rhinovirus_89                                      2.0053466 2.4328709 1.7311715 0.8740258 0.7602625 0.7511451 0.7705985 0.7029413 0.6826842 0.6782938 0.6244927 0.4187857 0.0000000 0.8230537 0.5807618 0.7248750 0.7883290 0.7944899 0.6706507 0.5928659 0.6299755 0.6129825 0.6003740 0.7067382 
Enterovirus_SEV-gx                                       2.3602860 1.8726530 1.3651248 1.2701771 0.9281710 0.8806006 0.9346570 0.9997248 0.9313406 1.0217064 0.6840087 0.8847398 0.8230537 0.0000000 0.6317253 0.6115533 0.5363581 0.5670924 0.6311630 0.6091941 0.5762311 0.5932882 0.5959556 0.5793438 
Simian_enterovirus_A                                     2.1042063 1.6719447 1.3110796 0.7259650 0.7923297 0.6966127 0.7229251 0.7156045 0.7232829 0.7063427 0.5725110 0.7067555 0.5807618 0.6317253 0.0000000 0.5679411 0.6213998 0.6392554 0.5661101 0.5659865 0.5452968 0.6098487 0.4901759 0.4899015 
Human_enterovirus_B                                      2.0201705 1.7622793 1.3357443 0.6546527 0.8264382 0.8209921 0.9516586 0.8520197 0.8884009 0.8666222 0.6713355 0.6589737 0.7248750 0.6115533 0.5679411 0.0000000 0.1618903 0.1645182 0.4023843 0.5186065 0.5119201 0.4180633 0.4475784 0.4418115 
Human_enterovirus_strain_V13-0285                        1.7140198 1.6487895 1.3896752 0.6812052 0.8287769 0.7542750 0.8509956 0.8177129 0.8725446 0.8673287 0.6649463 0.6642001 0.7883290 0.5363581 0.6213998 0.1618903 0.0000000 0.1377040 0.4564409 0.4766150 0.4945595 0.4933212 0.5244408 0.4820548 
Human_enterovirus_A                                      2.0156415 1.7592531 1.3774438 0.6812052 0.8510494 0.8297614 0.8941911 0.8322500 0.8624657 0.9184126 0.6877843 0.6852566 0.7944899 0.5670924 0.6392554 0.1645182 0.1377040 0.0000000 0.4848772 0.5214340 0.5093964 0.4470988 0.5066730 0.4686047 
Porcine_enterovirus_9_strain_UKG/410/73_polyprotein_gene 1.7974648 1.7214267 1.3892594 0.8505098 0.8164137 0.8585863 0.8705853 0.8599160 0.8369116 0.8365288 0.6584558 0.6765554 0.6706507 0.6311630 0.5661101 0.4023843 0.4564409 0.4848772 0.0000000 0.6065148 0.5185635 0.4684119 0.4444693 0.5865920 
Poliovirus                                               1.6869532 1.6052631 1.1613483 0.6734974 0.7705725 0.7051986 0.7706306 0.7335734 0.7326924 0.7538502 0.7215536 0.5311088 0.5928659 0.6091941 0.5659865 0.5186065 0.4766150 0.5214340 0.6065148 0.0000000 0.2047738 0.5028017 0.6600548 0.5208089 
Human_enterovirus_D                                      1.9785705 1.6577545 1.2285792 0.7402733 0.7897689 0.7572104 0.7741284 0.7475660 0.7333672 0.7646488 0.6382236 0.5507425 0.6299755 0.5762311 0.5452968 0.5119201 0.4945595 0.5093964 0.5185635 0.2047738 0.0000000 0.4279605 0.5718818 0.4935504 
Enterovirus_J_strain_1631                                1.9795242 1.5641627 1.3870576 0.9514329 0.8244335 0.8319318 0.8045059 0.7670943 0.7513462 0.7988843 0.6632899 0.6576458 0.6129825 0.5932882 0.6098487 0.4180633 0.4933212 0.4470988 0.4684119 0.5028017 0.4279605 0.0000000 0.4175993 0.3558354 
Enterovirus_sp._isolate_CPML_8109/08                     1.9995353 1.5997518 1.2897898 0.7370176 0.7670135 0.7665293 0.8655357 0.7502841 0.7887624 0.8190454 0.6632096 0.6529307 0.6003740 0.5959556 0.4901759 0.4475784 0.5244408 0.5066730 0.4444693 0.6600548 0.5718818 0.4175993 0.0000000 0.3323979 
Enterovirus_J_strain_N203                                1.9104853 1.7056094 1.3754098 0.7409511 0.9042277 0.8514374 0.9774454 0.8711725 0.8585961 0.9064095 0.6621338 0.7686327 0.7067382 0.5793438 0.4899015 0.4418115 0.4820548 0.4686047 0.5865920 0.5208089 0.4935504 0.3558354 0.3323979 0.0000000 
