35
NC_034453.1 0.0000000 2.5504119 2.0149770 2.7444496 2.3292289 2.4130048 2.2648729 2.2327496 1.9233385 2.0303037 2.0300262 1.3001877 1.6778259 1.6498498 1.5781501 1.4593073 1.3872301 1.4863000 1.7020012 1.4830407 1.6342541 1.3154234 1.4700265 1.4997019 1.4968030 1.3117169 1.5148522 1.5632330 1.7595264 1.6941332 1.4408922 0.8855100 1.2961040 1.4001218 1.4538306 
NC_034617.1 2.5504119 0.0000000 2.3119437 2.7765291 2.3670769 2.0227275 1.9495335 1.3892880 1.6239702 1.5539207 2.2118945 1.2884458 1.8583726 2.2221809 2.1620921 1.8882277 1.7007233 1.8153179 1.9781667 1.9396404 2.3175602 2.0420280 2.1839930 1.7511124 1.6088074 1.0839137 1.5931507 1.7417477 1.6865121 1.9273185 1.7849642 0.8721689 1.8876266 1.6646700 1.7328799 
NC_004004.1 2.0149770 2.3119437 0.0000000 2.6629047 3.0341694 2.5879415 2.2599696 1.8044190 2.3051022 2.1862186 3.0887489 1.4098202 2.1381690 1.6163849 2.8720022 1.7650635 1.5294328 2.1108417 1.9422712 1.3672962 2.0778712 1.9881804 1.4832719 1.5185088 1.6182775 1.3079850 1.4403814 1.8887689 1.4839123 1.4993700 1.7910434 0.9550639 2.2808868 2.1434058 2.0496317 
NC_021178.1 2.7444496 2.7765291 2.6629047 0.0000000 2.6291586 2.9990689 2.6655726 2.3081670 2.5844637 2.4953924 2.5899288 1.4517854 2.1551347 2.2782506 2.6893239 2.2598694 1.8791043 1.9886673 2.0884083 2.0516426 2.6336639 2.3678625 2.5181407 1.9298583 2.2039373 1.3516994 2.4318034 2.4238798 2.3499716 2.4276173 2.2969585 1.2283606 2.3816577 2.2325552 2.2219193 
NC_018400.1 2.3292289 2.3670769 3.0341694 2.6291586 0.0000000 0.9364131 0.7301299 1.3647185 2.0234206 1.7882968 2.0279966 1.5630595 1.6142771 3.1071516 1.9601905 1.7540150 1.4685377 1.7114365 1.8733397 1.7014214 1.8003648 2.1295082 2.0992567 1.7376115 1.7904105 1.1951466 1.5930616 1.5016613 1.5571900 1.5654146 1.6108367 1.1555331 1.8844839 1.7616127 1.6475710 
NC_028964.1 2.4130048 2.0227275 2.5879415 2.9990689 0.9364131 0.0000000 0.1689060 1.4310338 1.3971352 1.2370648 1.5210139 1.2264822 2.0682906 2.4284871 2.1651126 1.8090801 1.4955181 1.8632141 1.7082117 1.7869170 1.6477807 2.4587320 2.0997055 1.8776785 2.1314888 1.4770428 1.4297870 1.4255311 1.4809321 1.4603755 1.5087089 1.2867768 1.7021156 1.6204184 1.5943249 
NC_024770.1 2.2648729 1.9495335 2.2599696 2.6655726 0.7301299 0.1689060 0.0000000 1.3123017 1.3358601 1.2506513 1.8212008 1.0255028 1.9793432 2.5900598 2.0770450 1.7418197 1.5683950 1.7204760 1.7054490 1.6757382 1.8723266 1.9198225 2.0319688 1.8661380 2.0424579 1.2240637 1.4117257 1.4787659 1.4278933 1.4871706 1.4984246 0.9621061 1.4797905 1.4332257 1.3916704 
NC_024766.1 2.2327496 1.3892880 1.8044190 2.3081670 1.3647185 1.4310338 1.3123017 0.0000000 1.3780836 1.2363045 1.4775939 0.9526749 1.5680513 2.2231967 1.6972983 1.5515398 1.3722983 1.3315092 1.5377272 1.6726889 1.6012404 1.6019838 1.8367867 1.4313105 1.6598559 1.0362791 1.3449380 1.3466801 1.3391119 1.4702550 1.4273243 0.8313389 1.5516444 1.1784082 1.2235801 
NC_028970.1 1.9233385 1.6239702 2.3051022 2.5844637 2.0234206 1.3971352 1.3358601 1.3780836 0.0000000 0.1448295 1.9908361 0.9967996 2.0408079 2.3983097 2.0535822 1.7189457 1.6943661 1.7458276 1.5791507 1.6932894 1.7387320 1.7115154 2.0231179 1.7528349 1.8951455 1.5820891 1.8310333 2.0839839 1.9767924 2.0848762 1.8595005 1.2505900 1.8507475 1.5407862 1.5398971 
NC_024767.1 2.0303037 1.5539207 2.1862186 2.4953924 1.7882968 1.2370648 1.2506513 1.2363045 0.1448295 0.0000000 1.5980534 0.9843777 1.8972479 2.2161038 1.7427799 1.5270349 1.8036610 1.6868666 1.7091328 1.4990573 1.6588012 1.5827204 1.7749825 1.7449336 2.0302957 1.5901277 1.6419613 2.0660321 1.8918279 1.9605703 1.7761144 1.5490321 1.6761690 1.3758832 1.4022226 
NC_028380.1 2.0300262 2.2118945 3.0887489 2.5899288 2.0279966 1.5210139 1.8212008 1.4775939 1.9908361 1.5980534 0.0000000 0.5947155 1.9664290 3.2686353 2.6563307 2.1736623 1.6842411 1.9219078 2.0218906 2.3846098 2.2360708 2.3127715 2.1216179 1.9833677 1.9757427 1.1287452 1.6873898 2.1124355 1.8835291 1.9900255 2.1854843 1.4442730 1.8971962 1.7439458 1.7274009 
NC_023861.1 1.3001877 1.2884458 1.4098202 1.4517854 1.5630595 1.2264822 1.0255028 0.9526749 0.9967996 0.9843777 0.5947155 0.0000000 0.8907379 1.3038946 1.4338932 0.9579815 1.1806440 0.8791870 1.0641028 1.2032592 1.3312771 1.3531790 1.9267361 1.2792148 1.1253511 1.1733620 0.9857742 1.0818979 1.1574510 1.1726919 1.1684542 1.1883171 1.2527316 1.1909252 1.1380237 
NC_003976.2 1.6778259 1.8583726 2.1381690 2.1551347 1.6142771 2.0682906 1.9793432 1.5680513 2.0408079 1.8972479 1.9664290 0.8907379 0.0000000 1.9752236 1.4443332 1.2633961 1.0304540 1.4402880 1.0357680 1.2937688 1.3454678 1.2433676 1.3692271 1.0711169 1.0717340 0.9481845 1.3626062 1.3854608 1.3752239 1.4291903 1.4216731 1.1005965 1.3243238 1.3436482 1.3001287 
NC_003983.1 1.6498498 2.2221809 1.6163849 2.2782506 3.1071516 2.4284871 2.5900598 2.2231967 2.3983097 2.2161038 3.2686353 1.3038946 1.9752236 0.0000000 1.9799045 1.5261240 1.3616440 1.7880542 1.5829555 1.7553493 1.8736714 1.5992473 1.5398281 1.3960950 1.5274240 1.1277557 1.5065373 1.4107414 1.4410202 1.4049707 1.4766992 0.9879966 1.7996215 1.6487947 1.5429810 
NC_003982.1 1.5781501 2.1620921 2.8720022 2.6893239 1.9601905 2.1651126 2.0770450 1.6972983 2.0535822 1.7427799 2.6563307 1.4338932 1.4443332 1.9799045 0.0000000 1.4158135 1.3817820 1.7455623 1.5044464 1.6671205 1.7372150 1.4779554 2.3332495 1.2950543 1.4876862 1.1713665 1.1584675 1.4233573 1.1110393 1.1549251 1.5018658 1.0440227 1.7934741 1.6088222 1.5840365 
NC_031106.1 1.4593073 1.8882277 1.7650635 2.2598694 1.7540150 1.8090801 1.7418197 1.5515398 1.7189457 1.5270349 2.1736623 0.9579815 1.2633961 1.5261240 1.4158135 0.0000000 0.6948047 0.9205141 1.2394389 1.2547845 1.6968568 1.2972117 1.3855790 1.2086424 1.2916656 0.8891745 1.2752102 1.3598419 1.3157964 1.2798852 1.3102648 0.8452653 1.2306644 1.3032860 1.2704608 
NC_031105.1 1.3872301 1.7007233 1.5294328 1.8791043 1.4685377 1.4955181 1.5683950 1.3722983 1.6943661 1.8036610 1.6842411 1.1806440 1.0304540 1.3616440 1.3817820 0.6948047 0.0000000 0.6769224 1.0781497 1.0113484 1.2317383 1.2469945 1.0882461 0.9307792 0.9355713 0.8638445 0.9466765 1.1067584 1.0030019 0.9638658 0.9358751 0.7679815 1.2024331 1.1030886 1.0849852 
NC_024070.1 1.4863000 1.8153179 2.1108417 1.9886673 1.7114365 1.8632141 1.7204760 1.3315092 1.7458276 1.6868666 1.9219078 0.8791870 1.4402880 1.7880542 1.7455623 0.9205141 0.6769224 0.0000000 1.3886182 1.1762231 1.7425992 1.4021406 1.5540271 1.3514708 1.4226825 0.7840905 1.4280376 1.5086437 1.4800134 1.3804040 1.4395894 0.7261782 1.5926948 1.4058253 1.3921494 
NC_021482.1 1.7020012 1.9781667 1.9422712 2.0884083 1.8733397 1.7082117 1.7054490 1.5377272 1.5791507 1.7091328 2.0218906 1.0641028 1.0357680 1.5829555 1.5044464 1.2394389 1.0781497 1.3886182 0.0000000 1.2181254 1.2902828 1.0985014 1.6331722 1.0871943 1.0747917 0.9039933 1.2674259 1.1618352 1.1753684 1.2092623 1.2079078 0.7784296 1.2715732 1.3118459 1.2261356 
NC_001479.1 1.4830407 1.9396404 1.3672962 2.0516426 1.7014214 1.7869170 1.6757382 1.6726889 1.6932894 1.4990573 2.3846098 1.2032592 1.2937688 1.7553493 1.6671205 1.2547845 1.0113484 1.1762231 1.2181254 0.0000000 1.3071792 1.3037162 1.4603689 1.0543662 1.2178052 1.0167898 1.2246556 1.2763168 1.1945637 1.2962921 1.2113690 0.6461748 1.1419122 1.3108415 1.2477313 
NC_023987.1 1.6342541 2.3175602 2.0778712 2.6336639 1.8003648 1.6477807 1.8723266 1.6012404 1.7387320 1.6588012 2.2360708 1.3312771 1.3454678 1.8736714 1.7372150 1.6968568 1.2317383 1.7425992 1.2902828 1.3071792 0.0000000 1.4019195 1.4963587 1.4802786 1.3548468 1.0060113 1.3760755 1.2613620 1.2912869 1.3566736 1.3525553 0.6868177 1.3607583 1.2615831 1.2227868 
NC_001897.1 1.3154234 2.0420280 1.9881804 2.3678625 2.1295082 2.4587320 1.9198225 1.6019838 1.7115154 1.5827204 2.3127715 1.3531790 1.2433676 1.5992473 1.4779554 1.2972117 1.2469945 1.4021406 1.0985014 1.3037162 1.4019195 0.0000000 1.6282509 0.8920987 0.8906065 0.8884046 1.0490625 1.0923776 1.1370522 1.1608900 1.2090740 0.7589824 1.1951561 1.2950989 1.2357965 
NC_010354.1 1.4700265 2.1839930 1.4832719 2.5181407 2.0992567 2.0997055 2.0319688 1.8367867 2.0231179 1.7749825 2.1216179 1.9267361 1.3692271 1.5398281 2.3332495 1.3855790 1.0882461 1.5540271 1.6331722 1.4603689 1.4963587 1.6282509 0.0000000 1.4919538 1.5046229 0.9761040 1.2537833 1.3767557 1.2099709 1.2592818 1.1635761 0.4823599 1.3234803 1.2693354 1.3158626 
NC_025675.1 1.4997019 1.7511124 1.5185088 1.9298583 1.7376115 1.8776785 1.8661380 1.4313105 1.7528349 1.7449336 1.9833677 1.2792148 1.0711169 1.3960950 1.2950543 1.2086424 0.9307792 1.3514708 1.0871943 1.0543662 1.4802786 0.8920987 1.4919538 0.0000000 0.2873060 1.0882732 1.0778687 1.0464891 1.0566332 1.1679742 1.0151693 0.5489050 1.1144388 1.0837426 1.0713843 
NC_018668.1 1.4968030 1.6088074 1.6182775 2.2039373 1.7904105 2.1314888 2.0424579 1.6598559 1.8951455 2.0302957 1.9757427 1.1253511 1.0717340 1.5274240 1.4876862 1.2916656 0.9355713 1.4226825 1.0747917 1.2178052 1.3548468 0.8906065 1.5046229 0.2873060 0.0000000 0.8893018 1.0028473 1.0862941 0.9701633 1.0531550 1.1426399 0.4763373 1.0914727 1.0630686 1.0687779 
NC_034385.1 1.3117169 1.0839137 1.3079850 1.3516994 1.1951466 1.4770428 1.2240637 1.0362791 1.5820891 1.5901277 1.1287452 1.1733620 0.9481845 1.1277557 1.1713665 0.8891745 0.8638445 0.7840905 0.9039933 1.0167898 1.0060113 0.8884046 0.9761040 1.0882732 0.8893018 0.0000000 0.6052700 0.6985432 0.5745239 0.5544005 0.6119860 0.3528961 0.7011609 0.7781226 0.8153885 
NC_025961.1 1.5148522 1.5931507 1.4403814 2.4318034 1.5930616 1.4297870 1.4117257 1.3449380 1.8310333 1.6419613 1.6873898 0.9857742 1.3626062 1.5065373 1.1584675 1.2752102 0.9466765 1.4280376 1.2674259 1.2246556 1.3760755 1.0490625 1.2537833 1.0778687 1.0028473 0.6052700 0.0000000 0.2286730 0.2233900 0.2196561 0.2430010 0.2346435 1.0316162 0.8422413 0.8020733 
NC_012800.1 1.5632330 1.7417477 1.8887689 2.4238798 1.5016613 1.4255311 1.4787659 1.3466801 2.0839839 2.0660321 2.1124355 1.0818979 1.3854608 1.4107414 1.4233573 1.3598419 1.1067584 1.5086437 1.1618352 1.2763168 1.2613620 1.0923776 1.3767557 1.0464891 1.0862941 0.6985432 0.2286730 0.0000000 0.2195301 0.2142699 0.2857279 0.2597636 1.2710359 1.2008747 1.0856294 
NC_012801.1 1.7595264 1.6865121 1.4839123 2.3499716 1.5571900 1.4809321 1.4278933 1.3391119 1.9767924 1.8918279 1.8835291 1.1574510 1.3752239 1.4410202 1.1110393 1.3157964 1.0030019 1.4800134 1.1753684 1.1945637 1.2912869 1.1370522 1.2099709 1.0566332 0.9701633 0.5745239 0.2233900 0.2195301 0.0000000 0.1879219 0.1754053 0.2067896 1.0004370 0.8242820 0.7774954 
NC_012802.1 1.6941332 1.9273185 1.4993700 2.4276173 1.5654146 1.4603755 1.4871706 1.4702550 2.0848762 1.9605703 1.9900255 1.1726919 1.4291903 1.4049707 1.1549251 1.2798852 0.9638658 1.3804040 1.2092623 1.2962921 1.3566736 1.1608900 1.2592818 1.1679742 1.0531550 0.5544005 0.2196561 0.2142699 0.1879219 0.0000000 0.1045874 0.1281447 0.9928348 0.9040178 0.8647733 
NC_023984.1 1.4408922 1.7849642 1.7910434 2.2969585 1.6108367 1.5087089 1.4984246 1.4273243 1.8595005 1.7761144 2.1854843 1.1684542 1.4216731 1.4766992 1.5018658 1.3102648 0.9358751 1.4395894 1.2079078 1.2113690 1.3525553 1.2090740 1.1635761 1.0151693 1.1426399 0.6119860 0.2430010 0.2857279 0.1754053 0.1045874 0.0000000 0.1020967 1.4109411 1.3059468 1.1514587 
NC_012798.1 0.8855100 0.8721689 0.9550639 1.2283606 1.1555331 1.2867768 0.9621061 0.8313389 1.2505900 1.5490321 1.4442730 1.1883171 1.1005965 0.9879966 1.0440227 0.8452653 0.7679815 0.7261782 0.7784296 0.6461748 0.6868177 0.7589824 0.4823599 0.5489050 0.4763373 0.3528961 0.2346435 0.2597636 0.2067896 0.1281447 0.1020967 0.0000000 0.5498346 0.6095868 0.6288520 
NC_001366.1 1.2961040 1.8876266 2.2808868 2.3816577 1.8844839 1.7021156 1.4797905 1.5516444 1.8507475 1.6761690 1.8971962 1.2527316 1.3243238 1.7996215 1.7934741 1.2306644 1.2024331 1.5926948 1.2715732 1.1419122 1.3607583 1.1951561 1.3234803 1.1144388 1.0914727 0.7011609 1.0316162 1.2710359 1.0004370 0.9928348 1.4109411 0.5498346 0.0000000 0.3092693 0.3060962 
NC_009448.2 1.4001218 1.6646700 2.1434058 2.2325552 1.7616127 1.6204184 1.4332257 1.1784082 1.5407862 1.3758832 1.7439458 1.1909252 1.3436482 1.6487947 1.6088222 1.3032860 1.1030886 1.4058253 1.3118459 1.3108415 1.2615831 1.2950989 1.2693354 1.0837426 1.0630686 0.7781226 0.8422413 1.2008747 0.8242820 0.9040178 1.3059468 0.6095868 0.3092693 0.0000000 0.0949967 
NC_010810.1 1.4538306 1.7328799 2.0496317 2.2219193 1.6475710 1.5943249 1.3916704 1.2235801 1.5398971 1.4022226 1.7274009 1.1380237 1.3001287 1.5429810 1.5840365 1.2704608 1.0849852 1.3921494 1.2261356 1.2477313 1.2227868 1.2357965 1.3158626 1.0713843 1.0687779 0.8153885 0.8020733 1.0856294 0.7774954 0.8647733 1.1514587 0.6288520 0.3060962 0.0949967 0.0000000 
