18
NC_003976_ 0.0000000 1.7302058 1.7169719 2.9345694 2.5894323 2.6988326 2.8410513 2.6284850 3.1218120 3.0706861 3.1667236 3.0591376 3.6359867 2.6586554 2.9340966 2.9898463 2.7706566 3.0687922 
NC_024766_ 1.7302058 0.0000000 1.0009418 2.6098477 2.5536567 2.5253839 2.9393788 2.7121042 2.9386849 2.6606886 2.6427196 2.6801825 3.2908282 2.4828169 2.8342277 3.0880866 2.7812290 3.0131634 
NC_024767_ 1.7169719 1.0009418 0.0000000 3.3942423 3.3437931 3.2578474 3.3633668 2.8453382 2.6458786 2.8133917 2.9329147 3.1993581 3.2618778 2.8842653 2.7478467 2.9567464 2.6920494 2.9407476 
NC_001366_ 2.9345694 2.6098477 3.3942423 0.0000000 0.5070383 0.4905092 0.7314599 1.1987788 1.2129026 1.2368313 1.0890420 1.3845558 1.3923022 1.7923994 1.9825762 1.8493733 1.9671209 2.2280858 
NC_010810_ 2.5894323 2.5536567 3.3437931 0.5070383 0.0000000 0.0931943 0.7784104 1.1893464 1.3103458 1.1809600 1.1558161 1.5718827 1.4379066 1.7726342 1.8859920 1.9477080 2.0271042 2.2404943 
NC_009448_ 2.6988326 2.5253839 3.2578474 0.4905092 0.0931943 0.0000000 0.7612644 1.2484337 1.3227185 1.1836126 1.1512274 1.4764374 1.4428836 1.7295499 1.8588829 1.8645716 2.0395459 2.3962828 
NC_001479_ 2.8410513 2.9393788 3.3633668 0.7314599 0.7784104 0.7612644 0.0000000 1.2579385 1.3338119 1.3310510 1.2368756 1.4904992 1.4119372 1.6544310 1.9267514 1.9955411 2.1381082 2.4602137 
NC_012802_ 2.6284850 2.7121042 2.8453382 1.1987788 1.1893464 1.2484337 1.2579385 0.0000000 0.3836477 0.5427249 0.5482332 1.6671158 1.3184281 1.7680817 1.9248422 1.8404133 1.9618091 2.1388652 
NC_012798_ 3.1218120 2.9386849 2.6458786 1.2129026 1.3103458 1.3227185 1.3338119 0.3836477 0.0000000 0.5799583 0.5560924 1.4309910 1.2222533 1.7089281 1.9449766 1.8675521 1.9319039 2.0479568 
NC_012801_ 3.0706861 2.6606886 2.8133917 1.2368313 1.1809600 1.1836126 1.3310510 0.5427249 0.5799583 0.0000000 0.6266794 1.3790117 1.2050774 1.6617341 1.8613792 1.8461399 1.7359121 1.9187342 
NC_012800_ 3.1667236 2.6427196 2.9329147 1.0890420 1.1558161 1.1512274 1.2368756 0.5482332 0.5560924 0.6266794 0.0000000 1.6567097 1.3282748 1.8110723 1.9097716 1.8574622 1.8467872 2.0268872 
NC_003983_ 3.0591376 2.6801825 3.1993581 1.3845558 1.5718827 1.4764374 1.4904992 1.6671158 1.4309910 1.3790117 1.6567097 0.0000000 1.5828244 1.4023604 2.1242783 2.0306164 2.0929542 2.4972473 
NC_010354_ 3.6359867 3.2908282 3.2618778 1.3923022 1.4379066 1.4428836 1.4119372 1.3184281 1.2222533 1.2050774 1.3282748 1.5828244 0.0000000 1.7262031 1.8809078 2.0063142 1.7854279 2.3226323 
NC_018668_ 2.6586554 2.4828169 2.8842653 1.7923994 1.7726342 1.7295499 1.6544310 1.7680817 1.7089281 1.6617341 1.8110723 1.4023604 1.7262031 0.0000000 2.1993289 2.3625346 2.1069241 2.3154561 
NC_028380_ 2.9340966 2.8342277 2.7478467 1.9825762 1.8859920 1.8588829 1.9267514 1.9248422 1.9449766 1.8613792 1.9097716 2.1242783 1.8809078 2.1993289 0.0000000 0.2190830 0.8232100 1.5284723 
NC_023861_ 2.9898463 3.0880866 2.9567464 1.8493733 1.9477080 1.8645716 1.9955411 1.8404133 1.8675521 1.8461399 1.8574622 2.0306164 2.0063142 2.3625346 0.2190830 0.0000000 0.8170446 1.4807315 
NC_024770_ 2.7706566 2.7812290 2.6920494 1.9671209 2.0271042 2.0395459 2.1381082 1.9618091 1.9319039 1.7359121 1.8467872 2.0929542 1.7854279 2.1069241 0.8232100 0.8170446 0.0000000 1.6560935 
NC_021178_ 3.0687922 3.0131634 2.9407476 2.2280858 2.2404943 2.3962828 2.4602137 2.1388652 2.0479568 1.9187342 2.0268872 2.4972473 2.3226323 2.3154561 1.5284723 1.4807315 1.6560935 0.0000000 
