16
NC_001617_ 0.0000000 1.3771166 1.5710021 1.4549683 1.6032942 1.6011156 1.4903451 1.3544549 1.3971848 1.5632717 1.2229238 1.3322338 1.3583634 1.5898609 1.3187844 1.4027391 
NC_009996_ 1.3771166 0.0000000 1.5419532 1.2923149 1.4666611 1.5433289 1.7334503 1.2728497 1.2535375 1.4133747 1.3389838 1.3448495 1.4197647 1.6244691 1.3630566 1.4374778 
NC_029905_ 1.5710021 1.5419532 0.0000000 1.1599299 1.4279341 1.4606992 1.4908859 1.1082308 1.3016949 1.1303410 1.3844728 1.2034535 1.2199073 1.4290541 1.4038783 1.4814965 
NC_001490_ 1.4549683 1.2923149 1.1599299 0.0000000 1.5453563 1.5861486 1.5086890 1.1290565 1.2552743 1.1816776 1.1212780 1.2401906 1.5642058 1.4185921 1.3920376 1.4533615 
NC_001612_ 1.6032942 1.4666611 1.4279341 1.5453563 0.0000000 0.1810855 1.5926619 1.0651103 0.8951567 1.0752002 1.0881362 0.9718172 1.3455972 1.2705899 1.2465426 1.2508849 
NC_030454_ 1.6011156 1.5433289 1.4606992 1.5861486 0.1810855 0.0000000 1.7099459 1.0652855 0.9345885 1.1010860 1.1436672 1.0926570 1.3240755 1.3373491 1.4358401 1.3874566 
NC_003988_ 1.4903451 1.7334503 1.4908859 1.5086890 1.5926619 1.7099459 0.0000000 1.1641249 1.1326138 1.0036587 0.9618464 1.0440712 1.2346559 1.2846974 1.2340506 1.3755919 
NC_001430_ 1.3544549 1.2728497 1.1082308 1.1290565 1.0651103 1.0652855 1.1641249 0.0000000 0.7989686 0.8264223 0.7899646 0.7456701 1.2502347 1.2128760 1.0941835 1.0665529 
NC_002058_ 1.3971848 1.2535375 1.3016949 1.2552743 0.8951567 0.9345885 1.1326138 0.7989686 0.0000000 0.8005008 0.7146763 0.7162261 0.9951718 1.1579635 1.0449271 0.9517752 
NC_001472_ 1.5632717 1.4133747 1.1303410 1.1816776 1.0752002 1.1010860 1.0036587 0.8264223 0.8005008 0.0000000 0.6325041 0.6291589 1.0292360 0.9464064 0.9796293 0.9957245 
NC_013695_ 1.2229238 1.3389838 1.3844728 1.1212780 1.0881362 1.1436672 0.9618464 0.7899646 0.7146763 0.6325041 0.0000000 0.4590833 0.9631493 1.0093343 0.9510238 0.8878550 
NC_010415_ 1.3322338 1.3448495 1.2034535 1.2401906 0.9718172 1.0926570 1.0440712 0.7456701 0.7162261 0.6291589 0.4590833 0.0000000 0.9992859 0.9683422 0.9068909 0.9333057 
NC_034267_ 1.3583634 1.4197647 1.2199073 1.5642058 1.3455972 1.3240755 1.2346559 1.2502347 0.9951718 1.0292360 0.9631493 0.9992859 0.0000000 0.8338249 0.9063252 0.9538116 
NC_001859_ 1.5898609 1.6244691 1.4290541 1.4185921 1.2705899 1.3373491 1.2846974 1.2128760 1.1579635 0.9464064 1.0093343 0.9683422 0.8338249 0.0000000 0.6432311 0.5517256 
NC_008714_ 1.3187844 1.3630566 1.4038783 1.3920376 1.2465426 1.4358401 1.2340506 1.0941835 1.0449271 0.9796293 0.9510238 0.9068909 0.9063252 0.6432311 0.0000000 0.2868586 
NC_021220_ 1.4027391 1.4374778 1.4814965 1.4533615 1.2508849 1.3874566 1.3755919 1.0665529 0.9517752 0.9957245 0.8878550 0.9333057 0.9538116 0.5517256 0.2868586 0.0000000 
